Director,First Number of Votes,Last Number of Votes,Career Progression Number of Votes
Todd Phillips,17695,7488980,7471285
George Miller,258695,5499890,5241195
Bong Joon Ho,51910,4829065,4777155
Ryan Coogler,430115,4199765,3769650
James Gunn,445525,3810080,3364555
Scott Derrickson,701915,4039445,3337530
Rian Johnson,550925,3884400,3333475
Denis Villeneuve,17835,3346240,3328405
Alejandro G. Iñárritu,1267155,4385275,3118120
Joss Whedon,1530625,4622545,3091920
Edgar Wright,5220,3073205,3067985
Bryan Singer,4915,2976720,2971805
Gareth Edwards,489075,3444010,2954935
Baz Luhrmann,147335,2994605,2847270
Mel Gibson,155295,2987645,2832350
Jon Watts,131885,2798720,2666835
Christopher Nolan,510475,2977670,2467195
James Mangold,29665,2395825,2366160
Morten Tyldum,23275,2248315,2225040
Taika Waititi,131545,2215645,2084100
Guillermo del Toro,166060,2242955,2076895
Susanne Bier,1445,1939125,1937680
Peyton Reed,531085,2257290,1726205
Christopher McQuarrie,176475,1896805,1720330
Noah Baumbach,76145,1737360,1661215
Noam Murro,117500,1582410,1464910
Alan Taylor,13050,1465610,1452560
Kenneth Lonergan,157345,1575520,1418175
Matt Reeves,58080,1466920,1408840
Taylor Sheridan,33105,1407720,1374615
M. Night Shyamalan,5255,1378425,1373170
John Krasinski,18340,1373505,1355165
Jake Kasdan,76775,1424970,1348195
Ted Demme,44050,1378440,1334390
Jordan Vogt-Roberts,422520,1750435,1327915
Cathy Yan,9110,1327835,1318725
Theodore Melfi,745,1281750,1281005
Daniel Espinosa,3585,1274170,1270585
James Gray,45850,1306075,1260225
Justin Lin,52395,1295085,1242690
Jon Favreau,96995,1339250,1242255
Mark Herman,14405,1239015,1224610
Patrick Hughes,45480,1239445,1193965
Yorgos Lanthimos,13000,1174620,1161620
Matt Ross,18155,1178755,1160600
Mike Flanagan,277,1096840,1096563
Damián Szifron,7265,1085895,1078630
Steven Spielberg,1369070,2443245,1074175
James Cameron,5888510,6949765,1061255
Roar Uthaug,98380,1138510,1040130
Jon Turteltaub,3830,1041600,1037770
Zack Snyder,1366135,2397625,1031490
Lee Toland Krieger,16485,1021660,1005175
Damien Chazelle,9610,1013935,1004325
Thomas Vinterberg,5354,981190,975836
Kinji Fukasaku,1640,974530,972890
Tom Ford,589695,1528050,938355
Jonathan Liebesman,167290,1103385,936095
David Yates,636149,1548495,912346
J.A. Bayona,819260,1726965,907705
Dexter Fletcher,73235,978140,904905
Chloé Zhao,19330,921040,901710
Stephen Norrington,24340,921415,897075
Terry George,14985,893435,878450
David Twohy,15620,891905,876285
Park Chan-wook,2485,869440,866955
Doug Liman,2905,867734,864829
Adam Brooks,15960,867830,851870
Brad Peyton,81275,930265,848990
Matthew Vaughn,980370,1821375,841005
Alfonso Cuarón,20245,850775,830530
Trey Parker,65540,894370,828830
Seth Gordon,188055,1013740,825685
Alex Kurtzman,221040,1034010,812970
David Gordon Green,43395,847755,804360
Gina Prince-Bythewood,122030,922080,800050
Stefano Sollima,40875,839360,798485
Niki Caro,905,797240,796335
Craig Gillespie,423039,1217755,794716
Michael Davis,2080,776025,773945
Kevin Lima,314980,1088870,773890
Steven Caple Jr.,9340,780310,770970
Antonio Campos,935,766860,765925
Corin Hardy,92890,856230,763340
Nick Cassavetes,11755,751905,740150
Bennett Miller,9670,747670,738000
Michael Matthews,4930,729995,725065
Bruce A. Evans,57770,782650,724880
Sam Raimi,350210,1072555,722345
Dean DeBlois,41680,756600,714920
Tony Scott,331200,1040790,709590
Brian Percival,3495,712710,709215
Tony Gilroy,871670,1580495,708825
Nikolaj Arcel,23135,730345,707210
David O. Russell,33860,729830,695970
Leigh Whannell,594980,1284040,689060
Kyle Newacheck,166730,847975,681245
Ric Roman Waugh,5125,677985,672860
Sylvester Stallone,1159445,1827110,667665
Brett Ratner,156990,823245,666255
Wes Craven,198885,858265,659380
Tommy Wirkola,20960,674970,654010
Patty Jenkins,811690,1462525,650835
Sean Baker,605,645810,645205
Craig Zobel,5269,647970,642701
Nora Ephron,7005,645550,638545
Alexander Payne,1640,625945,624305
Lisa Cholodenko,55625,672790,617165
Alan Parker,15420,631485,616065
Martin Campbell,5870,618050,612180
Sudha Kongara,12925,620810,607885
John Hamburg,17850,620145,602295
Allen Coulter,180085,780280,600195
Nancy Meyers,777365,1377450,600085
J Blakeson,138150,733500,595350
Greg Berlanti,41050,631340,590290
Ang Lee,24195,612615,588420
Shawn Levy,1200,587000,585800
Lynne Ramsay,59205,640305,581100
Lee Daniels,34770,599415,564645
S.S. Rajamouli,10918,573470,562552
Jean-Marc Vallée,2935,563815,560880
Andy Muschietti,956950,1517155,560205
Anand Tucker,1130,554385,553255
Susan Johnson,69050,622290,553240
Rob Letterman,368975,916170,547195
Wes Anderson,418490,957330,538840
Gary Winick,1495,537170,535675
Gary Ross,683095,1214645,531550
David Yarovesky,10950,541135,530185
Mike Nichols,97215,625470,528255
James DeMonaco,26760,551935,525175
Sidney Lumet,35160,560010,524850
Brad Bird,1142650,1663495,520845
Michael Dougherty,523805,1043715,519910
J.J. Abrams,1958160,2476855,518695
Pitof,115760,630050,514290
Sydney Pollack,42690,555490,512800
Adam Robitel,202655,712905,510250
Danny Boyle,332425,841705,509280
David Frankel,17625,525790,508165
Gary Fleder,149235,653945,504710
Jon M. Chu,455785,954245,498460
Todd Haynes,25265,521565,496300
James Ponsoldt,7550,502895,495345
Felix van Groeningen,12240,503525,491285
Joshua Michael Stern,34915,519980,485065
Lee Isaac Chung,4105,488970,484865
Céline Sciamma,67555,551220,483665
John Carney,24185,506500,482315
Peter Weir,129465,611045,481580
David Dobkin,36483,514520,478037
Mahesh Bhatt,6501,483585,477084
Sriram Raghavan,39425,515630,476205
Dan Mazer,197040,668235,471195
Martin McDonagh,2312960,2784000,471040
Alexandre Aja,3470,471905,468435
Christian Ditter,5785,473260,467475
John Erick Dowdle,243,467640,467397
David Michôd,303185,769090,465905
Paul Greengrass,13680,479350,465670
Mark Dindal,42645,505625,462980
Brad Anderson,5448,465600,460152
Prashanth Neel,35695,493960,458265
Nadine Labaki,73190,530660,457470
Aaron Schneider,120300,577320,457020
Alper Caglar,95733,552150,456417
Paul Thomas Anderson,275125,730075,454950
Darius Marder,302722,755500,452778
Rob Bowman,38295,490560,452265
Adam Wingard,3098,453385,450287
Bruce Robinson,92810,540595,447785
Jodie Foster,80575,527625,447050
Paul King,25580,472440,446860
John Lee Hancock,74854,520310,445456
Jonathan Glazer,348385,793825,445440
Roland Emmerich,28730,474015,445285
William Eubank,44875,489835,444960
Jonathan Levine,174065,610620,436555
Paul Feig,24601,453305,428704
John Wells,241940,666385,424445
Marc Forster,4090,425400,421310
Doug Ellin,5150,414990,409840
Michael Cuesta,52390,457130,404740
Jeff Orlowski-Yang,44360,448400,404040
Mennan Yapo,5270,409180,403910
Hany Abu-Assad,1860,405250,403390
John Madden,11435,414065,402630
Sergei Bodrov,425,402965,402540
Dave Green,99065,500435,401370
Denzel Washington,192595,592205,399610
Rick Famuyiwa,51225,447090,395865
Howard McCain,1450,394065,392615
Joe Carnahan,5800,397990,392190
D.J. Caruso,96272,487145,390873
Rowan Joffe,33890,421770,387880
Julius Avery,148120,534235,386115
Predrag Antonijevic,24236,409340,385104
Ruben Östlund,4480,388080,383600
John Whitesell,12450,395950,383500
Don Scardino,785,379795,379010
Clint Eastwood,114717,490865,376148
David Mackenzie,30930,406380,375450
Sebastián Cordero,4595,378550,373955
Lee Chang-dong,10590,383845,373255
Todd Field,212470,584925,372455
Destin Daniel Cretton,7935,380065,372130
Lasse Hallström,25805,396395,370590
Susanna Fogel,46230,416140,369910
Max Barbakow,551342,918840,367498
Ol Parker,180590,547785,367195
Craig Mazin,12640,379640,367000
Panos Cosmatos,84830,451130,366300
Lorcan Finnegan,6490,372615,366125
David Dhawan,6071,371255,365184
Christine Jeffs,8180,371110,362930
Donovan Marsh,11514,369710,358196
Haruo Sotozaki,15780,367330,351550
James Foley,21075,372445,351370
Shekhar Kapur,26665,376085,349420
Christopher Landon,15425,364300,348875
Lulu Wang,9290,356960,347670
Lars von Trier,116220,462995,346775
Jacques Audiard,6675,353365,346690
Chris McKay,519675,866055,346380
Stephen Chbosky,550249,895060,344811
Gerard McMurray,15305,356470,341165
Scott Frank,303045,637520,334475
Liam Lynch,247972,577195,329223
Adam Randall,7030,335840,328810
Sean Anders,276363,603400,327037
Paul W.S. Anderson,15340,341665,326325
Danny Cannon,8357,330430,322073
Martin Weisz,18045,338945,320900
Darren Aronofsky,933535,1252510,318975
Debra Granik,12215,327260,315045
Hans Petter Moland,1850,316425,314575
Jim Sheridan,33975,346725,312750
Neil Burger,9535,319125,309590
Colm McCarthy,13970,323065,309095
Michael Engler,9555,317990,308435
Dominic Cooke,62685,370180,307495
Pawel Pawlikowski,2820,310240,307420
Stephen Gaghan,50925,357840,306915
Greg Mottola,36020,342620,306600
Tate Taylor,11170,315630,304460
Michael Hoffman,88510,388100,299590
Nicolas Winding Refn,223400,520880,297480
Jocelyn Moorhouse,35695,329025,293330
Jonas Åkerlund,204105,496760,292655
Baltasar Kormákur,20002,309690,289688
Nitesh Tiwari,31930,318730,286800
Audrey Wells,13725,299765,286040
Brian Helgeland,730250,1015795,285545
Paul Schrader,32005,313940,281935
Robert B. Weide,73390,354690,281300
Chris Kentis,2290,282765,280475
Yash Chopra,15960,296265,280305
Gabe Ibáñez,17020,297255,280235
Kornél Mundruczó,1998,282135,280137
John Fortenberry,43950,322175,278225
Paul Weiland,104000,380965,276965
Mehmet Ada Öztekin,2856,279240,276384
Jim Mickle,32075,307090,275015
Peter Chelsom,9660,281500,271840
Gavin Hood,2140,273970,271830
James Wan,2341055,2611100,270045
Tom Hooper,12595,280265,267670
John Luessenhop,13690,280850,267160
Gavin O'Connor,595,265715,265120
Cary Joji Fukunaga,170425,435215,264790
Gareth Evans,35112,296555,261443
Keenen Ivory Wayans,39045,300205,261160
Stuart Beattie,160210,420055,259845
Betty Thomas,14710,273815,259105
David S. Goyer,7905,266960,259055
James L. Brooks,14375,273420,259045
Jason Howden,96550,351160,254610
Travis Knight,693565,947150,253585
Gregory Jacobs,54290,307385,253095
Justin Zackham,7150,260000,252850
Niels Arden Oplev,3678,255425,251747
Maren Ade,9515,260945,251430
Barry Jenkins,13140,263095,249955
Peter Atencio,11000,260540,249540
Gene Quintano,7005,256355,249350
Chris Gorak,72015,319815,247800
Gore Verbinski,303110,549840,246730
Peter Berg,245345,490490,245145
Jeff Chan,19055,264110,245055
Rahul Dholakia,10088,253960,243872
Adrienne Shelly,2127,244520,242393
Stephen Sommers,46360,288005,241645
Richard Shepard,7130,248015,240885
Rupert Wyatt,52345,291120,238775
Craig Brewer,87316,325465,238149
Aniruddha Roy Chowdhury,6236,241995,235759
David Robert Mitchell,23440,258985,235545
Ava DuVernay,4446,239445,234999
Tony Leondis,121840,356755,234915
Scott Z. Burns,20920,255795,234875
Tom Tykwer,5235,237750,232515
Jang Hang-jun,1090,232510,231420
Pedro Almodóvar,87490,316635,229145
Mike Newell,35795,264635,228840
Corey Yuen,3200,231865,228665
Levan Gabriadze,17005,245578,228573
Ridley Scott,870165,1097520,227355
Terry Jones,17250,243185,225935
Kyle Patrick Alvarez,5365,231130,225765
Kimberly Peirce,517325,742270,224945
Chris Peckover,7270,231935,224665
Martin Koolhoven,3174,226695,223521
Brian Kirk,150650,373940,223290
Ben Young,67515,289320,221805
Mark Williams,68255,289590,221335
Jeff Nichols,56345,277565,221220
Dean Parisot,44725,265920,221195
Dome Karukoski,17180,234100,216920
Joe Berlinger,200425,415576,215151
Howard Deutch,17940,232365,214425
Björn Runge,500,214880,214380
Nick Hurran,905,214450,213545
Ben Wheatley,20805,233700,212895
Akan Satayev,3601,215870,212269
Jake Schreier,329150,540890,211740
Kristian Levring,10040,216495,206455
Anurag Basu,12002,217500,205498
Jonathan Kasdan,163455,368635,205180
Andy Serkis,123800,328890,205090
Clea DuVall,32745,237585,204840
F. Javier Gutiérrez,11910,216540,204630
Chris Nelson,12730,216265,203535
Damien Leone,62420,265950,203530
David Kellogg,52330,254920,202590
John Frankenheimer,9915,212215,202300
Chris Smith,58833,260995,202162
David Lowery,46377,248525,202148
Richard Stanley,82390,282895,200505
Claire Denis,6065,206185,200120
Dominic Sena,292075,492090,200015
Alma Har'el,4929,204800,199871
Antoni Krauze,2144,200905,198761
Anders Thomas Jensen,121385,319900,198515
Akiva Schaffer,468555,665815,197260
Mabrouk El Mechri,795,197430,196635
Krzysztof Kieslowski,265615,460158,194543
Tim Story,100915,294645,193730
Nelson McCormick,690,193885,193195
Cameron Crowe,163810,356005,192195
Kathryn Bigelow,89190,280325,191135
Rod Lurie,14210,204145,189935
Michael Lehmann,13140,201005,187865
Luis Prieto,8221,195825,187604
Kevin Rodney Sullivan,41780,229245,187465
Neil Jordan,3940,191185,187245
Danny DeVito,124220,311240,187020
Matt Brown,124985,311780,186795
Ross Katz,43960,230270,186310
Vince Marcello,4315,190185,185870
Tony Goldwyn,46155,230600,184445
Wilson Yip,325,184395,184070
Tom Harper,5165,187685,182520
Yeon Sang-ho,9100,190195,181095
Tony Bill,42544,222990,180446
Asghar Farhadi,11380,190890,179510
Alan Metter,2695,181390,178695
Oliver Stone,638835,817015,178180
Derrick Borte,209205,385585,176380
Ed Harris,148390,324225,175835
Wayne Roberts,11845,187600,175755
Pascal Laugier,24740,199630,174890
Lokesh Kanagaraj,39730,213405,173675
Amit Ravindernath Sharma,17035,190605,173570
Mel Brooks,56775,226550,169775
Mike Cahill,500905,669600,168695
Vivek Agnihotri,11535,180060,168525
Ciarán Foy,36705,205015,168310
Leos Carax,77515,245135,167620
Mike Barker,785,168225,167440
Aleksey Pimanov,1130,168065,166935
Jon S. Baird,32770,199480,166710
Andrew Jarecki,136140,302770,166630
Faruk Aksoy,12980,179154,166174
George Tillman Jr.,36173,201475,165302
Andrea Arnold,68345,233125,164780
Tyler Spindel,63380,228140,164760
Jim Fall,46380,210995,164615
Bill Condon,71885,236465,164580
Zoya Akhtar,55360,219450,164090
Malcolm D. Lee,59405,222845,163440
Declan Lowney,1645,165055,163410
Sanjay Leela Bhansali,23395,185365,161970
Antonia Bird,55305,216770,161465
Kazuaki Kiriya,69010,228660,159650
George C. Wolfe,132030,290315,158285
Jonathan Lynn,45005,203115,158110
Kirk Wong,259,157975,157716
Jasmila Zbanic,34465,191640,157175
Maneesh Sharma,90890,247995,157105
Guillem Morales,30745,187420,156675
Brian Robbins,68723,225070,156347
Baran bo Odar,16750,171945,155195
Roseanne Liang,534,154850,154316
Daniel Barnz,40410,194595,154185
Dan Reed,1927,155820,153893
Brandon Cronenberg,77300,230605,153305
Steve McQueen,368355,521575,153220
Michael Apted,41670,194190,152520
Robert Connolly,14980,167435,152455
Ali Abbasi,20475,172235,151760
Gérard Krawczyk,2555,154165,151610
Johannes Roberts,3100,154460,151360
Riley Stearns,54230,205070,150840
Thomas Bezucha,24565,175385,150820
Aanand L. Rai,1528,152265,150737
Vetrimaaran,17305,167880,150575
Alice Wu,67440,217640,150200
Don Coscarelli,53300,202125,148825
Jeff Wadlow,142855,291670,148815
Sujoy Ghosh,6326,155055,148729
Dean Israelite,421865,570365,148500
David Leitch,1036095,1184580,148485
Ildikó Enyedi,1400,149830,148430
Ram Kumar,106875,254520,147645
Zal Batmanglij,114900,262205,147305
Gideon Raff,16625,163385,146760
Paul Haggis,1660,146805,145145
Robin Pront,28245,172855,144610
Sanjay Gupta,3357,147275,143918
Bryan Fogel,8845,152580,143735
Tod Williams,10100,153745,143645
Hun Jang,15030,157865,142835
Martin Zandvliet,5630,147670,142040
Eliza Hittman,14575,156150,141575
Daniel Stamm,54254,195615,141361
Saket Chaudhary,19146,160475,141329
John Hyams,3818,145050,141232
Jeremy Saulnier,61570,202405,140835
Steven Brill,153815,294525,140710
Tatsuya Nagamine,19585,158950,139365
Grant Heslov,551425,689145,137720
Mike Mills,110075,247790,137715
Meghna Gulzar,1999,138755,136756
Fisher Stevens,8030,144565,136535
Éric Lartigau,14155,149415,135260
Vicky Jewson,1329,136305,134976
Marc Rocco,19625,153765,134140
Gilles Paquet-Brenner,5460,138175,132715
Bob Clark,26080,158530,132450
Anubhav Sinha,2217,134035,131818
Gregg Araki,18625,150145,131520
Andrés Baiz,9165,140034,130869
Gurinder Chadha,6210,136840,130630
Elliott Lester,4040,134625,130585
Nash Edgerton,31950,161275,129325
Alan J. Pakula,229825,359050,129225
Kitty Green,2710,131580,128870
Richard J. Lewis,2940,131485,128545
Ari Aster,1904285,2031980,127695
Burr Steers,176715,303110,126395
Michael Tollin,50252,176438,126186
Paul Currie,2594,128625,126031
Siddharth Anand,40900,166325,125425
Brett Haley,34862,159731,124869
Harald Zwart,21965,146555,124590
Todd Douglas Miller,12018,136405,124387
Marcos Siega,44423,167835,123412
Lana Wilson,1305,124685,123380
S. Shankar,12379,135755,123376
Liz Garbus,2074,125350,123276
Daniel Nettheim,82902,205980,123078
Toa Fraser,3050,123790,120740
Rakesh Roshan,5959,126665,120706
Jean-Stéphane Sauvaire,10704,131355,120651
Jesse Peretz,3324,123895,120571
Janus Metz,51745,172310,120565
Lars Klevberg,162507,282255,119748
Subhash Kapoor,17879,136110,118231
Guy Ferland,30110,147795,117685
R. Balki,28005,145630,117625
Rod Daniel,32110,148895,116785
Gerard Barrett,5306,121495,116189
John Huddles,2275,118010,115735
Michael Showalter,24740,139160,114420
Demián Rugna,1035,114290,113255
Baz Poonpiriya,3895,117045,113150
F. Gary Gray,625110,737985,112875
Stuart Baird,308640,420395,111755
Fernando Coimbra,25960,137380,111420
Ali Abbas Zafar,51105,162435,111330
Ari Sandel,8370,119120,110750
Ben Stiller,268930,378780,109850
Jonathan Helpert,73224,182130,108906
Jaco Van Dormael,31780,140332,108552
Alan Rickman,18765,127280,108515
Jay Russell,106925,215290,108365
Kabir Khan,1050,109005,107955
Spike Lee,68500,176286,107786
Mark Romanek,660090,767850,107760
Assaf Bernstein,5020,112165,107145
Ken Loach,23160,129745,106585
Shakun Batra,36165,142700,106535
Om Raut,74578,180460,105882
Tom Ropelewski,18285,124013,105728
Sam Miller,4925,110350,105425
Joachim Trier,78450,183660,105210
Patricia Riggen,37375,142575,105200
Enki Bilal,4110,109000,104890
Desiree Akhavan,23690,128525,104835
Trey Edward Shults,50450,155225,104775
Fernando León de Aranoa,7845,112320,104475
Jez Butterworth,27407,131815,104408
Doug Atchison,4230,108490,104260
Vicente Villanueva,4440,107880,103440
Ramin Bahrani,11222,113860,102638
Karyn Kusama,56980,159300,102320
Álex de la Iglesia,28980,131287,102307
Olivier Dahan,3820,106120,102300
Stephan Rick,6640,108615,101975
Andrew Levitas,14235,115500,101265
Jim Jarmusch,331110,432080,100970
Monika Mitchell,1550,102010,100460
Jane Campion,43605,144035,100430
Anurag Singh,11641,111740,100099
Sukumar,39770,139220,99450
Dave Meyers,37180,136218,99038
Whit Stillman,33335,132365,99030
Juan Carlos Medina,17885,116895,99010
Peter Kosminsky,71825,170730,98905
Robert Schwentke,9924,108545,98621
Kelly Reichardt,11890,110345,98455
Glenn Gordon Caron,9105,107525,98420
Hansal Mehta,1037,99440,98403
Yavuz Turgul,20782,119043,98261
Anna Biller,1986,100120,98134
Cate Shortland,40985,138565,97580
Jennifer Fox,1305,98865,97560
Bruce Campbell,28245,125795,97550
Liliana Cavani,355,97770,97415
Robert Altman,21060,118260,97200
Tom Six,2085,99255,97170
Luc Besson,383020,479705,96685
Kasi Lemmons,58255,154175,95920
Bharat Nalluri,1330,96565,95235
John Maybury,264,94925,94661
Eugenio Mira,3613,98270,94657
Alice Rohrwacher,9635,104185,94550
Julien Magnat,6315,100750,94435
Andrea Di Stefano,117060,211135,94075
Abe Forsythe,3313,96820,93507
Alejandro Landes,1448,94870,93422
Ti West,11190,104465,93275
Guy Nattiv,1275,94515,93240
Jeffrey Blitz,62340,155315,92975
Lee Won-tae,24012,116220,92208
Jeffrey Nachmanoff,118879,210900,92021
Atlee,29665,121430,91765
Kivanç Baruönü,36125,127792,91667
Morgan Neville,933,92396,91463
Prabhu Deva,10932,101675,90743
Scott Sanders,13690,104033,90343
Abderrahmane Sissako,1301,91565,90264
Julian Schnabel,110720,200850,90130
David Koepp,40465,130140,89675
John Carpenter,135180,224770,89590
Kyle Rankin,48675,137795,89120
Jonas Pate,7270,96305,89035
Ayan Mukerji,170320,258890,88570
Fumihiko Sori,17465,105730,88265
Gregory Wilson,59287,147505,88218
Peter MacDonald,41380,129145,87765
Francis Annan,131559,219220,87661
Daniel Benmayor,13280,100930,87650
Rebecca Miller,5320,91920,86600
Sam Levinson,22925,109235,86310
Bruce Hendricks,1480,87705,86225
George Hickenlooper,2712,88575,85863
Alain Desrochers,7582,93347,85765
Brad Furman,12320,97805,85485
Faruk Kabir,22900,108355,85455
Rupert Wainwright,110975,196365,85390
Bill Pohlad,128215,213525,85310
Olaf de Fleur Johannesson,527,85805,85278
Ulu Grosbard,16725,101610,84885
Aisling Walsh,24025,108525,84500
Isao Takahata,187150,271610,84460
John Suits,15833,100060,84227
Eugene Kotlyarenko,577,84230,83653
Lev L. Spiro,1016,84015,82999
Ken Kwapis,67180,149285,82105
Kim Nguyen,880,82220,81340
Vijay Krishna Acharya,29250,109985,80735
Kevin Connolly,5340,85925,80585
Antonio Negret,2400,82655,80255
Rob Burnett,320355,400380,80025
Scott Hicks,255,80110,79855
Hsiao-Hsien Hou,10380,90200,79820
Rob Savage,119609,199045,79436
Edward Yang,64240,142910,78670
Lawrence Michael Levine,1971,80460,78489
Todd Strauss-Schulson,291341,369725,78384
Sophia Takal,17761,95860,78099
Jacob Chase,13500,91370,77870
Nicholas Meyer,172068,249842,77774
Asif Kapadia,13985,91525,77540
Reed Morano,20940,98470,77530
Sydney Sibilia,47955,124785,76830
Rodrigo Grande,1630,78405,76775
Laura Terruso,1816,78525,76709
Parasuram,1843,78295,76452
Marshall Herskovitz,22050,98400,76350
Steve Beck,470480,546810,76330
Forest Whitaker,61195,137235,76040
Janicza Bravo,13725,89540,75815
Mamoru Hosoda,15565,90970,75405
William Peter Blatty,120089,195385,75296
Takanori Tsujimoto,2440,77715,75275
Jung Bum-shik,3415,78595,75180
Alphonse Puthren,45366,119990,74624
Nicolas Pesce,72560,147055,74495
Homi Adajania,15055,89295,74240
Mélanie Laurent,8205,81390,73185
Carles Torras,650,73670,73020
Sara Colangelo,19265,92250,72985
Matteo Garrone,1060,73980,72920
Joe Roth,13315,86200,72885
Darren Paul Fisher,1375,74065,72690
Edoardo Ponti,5575,77965,72390
Ketan Mehta,7990,80268,72278
Nick Gomez,6010,78035,72025
Brian A. Metcalf,8990,80965,71975
Joe Mantello,18510,90430,71920
Lena Dunham,2505,74340,71835
Alfonso Gomez-Rejon,83780,155250,71470
Anthony Burns,11430,82830,71400
Miguel Arteta,5245,76635,71390
Malcolm Venville,35700,107005,71305
Eran Creevy,15565,86855,71290
Ciro Guerra,2565,73835,71270
Ben C. Lucas,12930,83800,70870
Luke Sparke,6105,76965,70860
Josh Stolberg,14035,84855,70820
Julius Onah,4970,75750,70780
Robert Budreau,3050,73795,70745
Donald Petrie,16825,87560,70735
Timothy Linh Bui,6290,76690,70400
William Bindley,1765,71720,69955
Ajay Bahl,21445,91175,69730
May el-Toukhy,3440,73100,69660
Todd Robinson,1196,70745,69549
Deon Taylor,1898,71415,69517
Scott Coffey,24090,93600,69510
Nicolas Bedos,28920,98350,69430
Craig Rosenberg,3380,72770,69390
Rick Jacobson,1475,70830,69355
Robin Campillo,14920,83915,68995
Jonathan Kaplan,51511,120455,68944
Punit Malhotra,43315,112190,68875
David E. Talbert,35182,103860,68678
Duncan Skiles,103172,171850,68678
Petra Costa,10300,78735,68435
Billy Ray,188805,257195,68390
Reggie Rock Bythewood,2505,70690,68185
Benny Boom,55740,123890,68150
Nicholas Hytner,92330,160360,68030
Jonathan Teplitzky,11350,79045,67695
Bartosz M. Kowalski,3338,70685,67347
Rohit Shetty,43246,110360,67114
Jason Krawczyk,44760,111660,66900
Anthony Byrne,4758,71530,66772
David Mamet,40995,107680,66685
Joan Chen,18410,85078,66668
Mark Osborne,266897,333420,66523
Laxman Utekar,223,66640,66417
Tony McNamara,14695,81105,66410
Ziad Doueiri,24350,90665,66315
Andrew Haigh,3640,69950,66310
Andreas Prochaska,5437,71725,66288
Mike Norris,442,66700,66258
Mike Rohl,1525,67700,66175
Alejandro Monteverde,55240,121400,66160
Anthony Minghella,50160,116280,66120
Ram,17615,83375,65760
Alexander Nanau,1773,67435,65662
Jon Amiel,10100,75735,65635
Levan Akin,6449,72020,65571
Michael Cristofer,28250,93725,65475
Brady Corbet,32560,98020,65460
Lance Daly,834,66140,65306
Fatih Akin,26980,91900,64920
Mike Binder,4730,69615,64885
Tolga Karaçelik,23015,87665,64650
Brett Donowho,2320,66965,64645
Josephine Decker,2465,66960,64495
Emily Young,1485,65950,64465
Roger Michell,2300,66540,64240
Bert Marcus,9850,74090,64240
Ariel Vromen,13710,77720,64010
Petter Næss,48175,111990,63815
Sandeep Reddy Vanga,138865,202665,63800
Liza Johnson,11487,75225,63738
Marco Bellocchio,1620,65275,63655
Larry Bishop,18415,81880,63465
Han-min Kim,2140,65535,63395
Shawn Linden,2820,66180,63360
Jessie Nelson,70995,134030,63035
Jon Stewart,54855,117770,62915
Ribhu Dasgupta,5780,68585,62805
Mike White,33050,95790,62740
Koratala Siva,30335,93040,62705
Sebastián Lelio,2375,64985,62610
Nisha Ganatra,4881,67420,62539
Mira Nair,31205,93625,62420
Paul Middleditch,232,62525,62293
Rajat Kapoor,2272,64270,61998
Shashanka Ghosh,4266,66230,61964
Martin Wood,3310,65180,61870
Sheree Folkson,1385,63050,61665
Ahmed Khan,7779,69425,61646
Claire McCarthy,3836,65470,61634
David Zellner,763,62215,61452
Steven Kostanski,14620,75880,61260
Eric Till,2870,64099,61229
Veena Sud,40927,102150,61223
Patrick Stettner,19205,80190,60985
Aleksey Sidorov,11215,72105,60890
Thiagarajan Kumararaja,27020,87895,60875
James Marsh,8070,68925,60855
Olivier Megaton,1635,62370,60735
Jung Byung-gil,23657,84330,60673
Will Canon,21050,81635,60585
Cristian Mungiu,13205,73785,60580
Matt Eskandari,14530,75075,60545
Carlo Carlei,2800,63300,60500
Victor Levin,107060,167520,60460
Sylvain White,132355,192645,60290
Lee Byeong-heon,5160,65310,60150
Erik Poppe,3770,63560,59790
Christoffer Boe,38135,97865,59730
Graham Baker,3300,62955,59655
Robbie Pickering,7385,67035,59650
Reema Kagti,14695,73860,59165
Vidhu Vinod Chopra,18440,77420,58980
Sunao Katabuchi,3950,62555,58605
Simon Kaijser,6195,64620,58425
Olivier Assayas,1560,59885,58325
Nag Ashwin,15005,73320,58315
Travis Milloy,685,58850,58165
Carlo Hintermann,94,58210,58116
Joanna Hogg,14860,72725,57865
François Ozon,9451,67285,57834
John Gulager,169605,227405,57800
Harry Macqueen,14874,72570,57696
Peter Askin,6260,63910,57650
Simon Aboud,8875,66375,57500
Luis Ortega,494,57895,57401
Paul T. Scheuring,229165,286380,57215
Chris Fisher,6365,63390,57025
Trivikram Srinivas,60953,117915,56962
Jen McGowan,11160,67950,56790
Kari Skogland,1420,58080,56660
Will Slocombe,14916,71260,56344
Kar-Wai Wong,128045,184290,56245
Seth Larney,3090,59130,56040
Amit Masurkar,50291,106295,56004
Michael Petroni,12420,68065,55645
Claude Berri,7430,62725,55295
Ryan Eslinger,4415,59630,55215
Alan Ball,60320,115445,55125
Madonna,13170,68225,55055
David R. Ellis,81225,136150,54925
Burt Kennedy,870,55670,54800
Peter Strickland,15290,70080,54790
Darren Stein,2505,57210,54705
Nicholas Jarecki,220179,274880,54701
Louie Schwartzberg,3605,58035,54430
Edward Zwick,8065,62195,54130
Angela Robinson,89535,143620,54085
Peter Kassovitz,36218,90125,53907
Michael Rymer,7775,61583,53808
Jeremy Haft,1520,55205,53685
Martin Prakkat,10977,64660,53683
Jesús del Cerro,1305,54970,53665
Dee Rees,30315,83955,53640
Jean-Baptiste Léonetti,1990,55590,53600
Matthew Ross,32535,86015,53480
Nishikant Kamat,9696,63175,53479
James Cox,20540,73920,53380
Zoe Lister-Jones,29935,83205,53270
Julian Farino,14522,67770,53248
Song Il-gon,3162,56355,53193
Stewart Hendler,50375,103025,52650
Sarah Adina Smith,5610,58230,52620
Ahmet Katiksiz,13725,66340,52615
John Crowley,83080,135635,52555
Malhotra P. Siddharth,17145,69505,52360
Stacy Title,78355,130375,52020
Justin G. Dyck,1321,53205,51884
Mati Diop,885,52690,51805
Abhinay Deo,7643,59375,51732
Adam Mason,6745,58300,51555
Curtis Hanson,54535,106000,51465
Jonás Cuarón,2455,53850,51395
Mona Fastvold,4365,55675,51310
Glen Morgan,102200,153500,51300
John Curran,21872,73140,51268
Richard Kwietniowski,20830,72075,51245
Dimitri Logothetis,795,51910,51115
Andrey Volgin,1802,52740,50938
Tom Kalin,9620,60370,50750
Hiroyuki Kitakubo,16065,66665,50600
Michael Dowse,22500,73040,50540
Derek Tsang,15940,66465,50525
John Fawcett,6740,57130,50390
Matthew Butler-Hart,7133,57460,50327
Greg Barker,4830,55080,50250
Jim Abrahams,29795,80030,50235
Darren Doane,974,50737,49763
Egor Baranov,3647,53405,49758
Shirish Kunder,46020,95680,49660
Lee Hirsch,3125,52745,49620
Diane Keaton,16355,65950,49595
Richard Schenkman,1925,51405,49480
Josh Radnor,152655,201955,49300
Victor Salva,73075,122325,49250
David S. Ward,84920,133995,49075
Hugh Wilson,96400,145435,49035
Mong-Hong Chung,2287,51235,48948
Robert Allan Ackerman,6795,55660,48865
Glendyn Ivin,13050,61895,48845
Jon Gunn,2970,51815,48845
Vincent Perez,1155,49940,48785
Álvaro Brechner,6400,55135,48735
Na Hong-jin,365130,413850,48720
Kamil Cetin,8158,56771,48613
Chimbudeven,2913,51490,48577
Siva,4282,52755,48473
Tom Shankland,46765,95225,48460
David Weaver,3041,51445,48404
Edward Norton,266410,314740,48330
Kantemir Balagov,13241,61460,48219
Peter Facinelli,12650,60755,48105
Cassie Jaye,12399,60315,47916
Taichi Ishidate,4052,51730,47678
Tyler MacIntyre,10675,58330,47655
Nick Park,71638,119280,47642
Tina Gordon,25620,73150,47530
Oliver Kienle,1935,49420,47485
Louis Morneau,340,47768,47428
Chris Foggin,9850,57170,47320
Babak Najafi,6880,54190,47310
John Simpson,14740,62040,47300
Ram Madhvani,71674,118960,47286
Robin Aubert,3785,51030,47245
Jamie M. Dagg,11595,58455,46860
Zak Hilditch,172,46985,46813
Hans Herbots,3290,50060,46770
Scott Thomas,996,47700,46704
Paolo Genovese,16760,63455,46695
Mohit Suri,14060,60625,46565
Maite Alberdi,1193,47640,46447
Zev Berman,7130,53385,46255
Philippe de Chauveron,2205,48415,46210
Nabil Elderkin,69130,115110,45980
Tze Chun,3310,49280,45970
Joram Lürsen,7825,53630,45805
Shaun Paul Piccinino,1825,47489,45664
David Guy Levy,182223,227735,45512
Olivier Marchal,4610,50020,45410
Franck Gastambide,8705,54105,45400
Malik Bader,10460,55790,45330
Peter Hutchings,24205,69355,45150
Jessica Hausner,1926,46990,45064
Anthony Drazan,7350,52360,45010
Aku Louhimies,19785,64785,45000
Joshua Seftel,67798,112675,44877
Philip Kaufman,71115,115720,44605
Christophe Gans,68240,112790,44550
Leo Zhang,11211,55595,44384
Brian Skiba,2384,46645,44261
Mary Agnes Donoghue,15675,59745,44070
Udayan Prasad,725,44550,43825
Mauro Borrelli,3055,46840,43785
Alex Zamm,32495,76215,43720
Daniel Waters,14250,57955,43705
Brian Smrz,37145,80835,43690
Dylan C. Brown,3640,47085,43445
Tony Giglio,8840,52155,43315
Sujeeth,73496,116800,43304
Sotiris Tsafoulias,20537,63705,43168
Saul Dibb,13740,56900,43160
George Armitage,51020,94080,43060
Shinji Higuchi,6219,49168,42949
Mohana Krishna Indraganti,2783,45440,42657
Lijo Jose Pellissery,2775,45360,42585
Kelly Dolen,940,43510,42570
Woo-Ping Yuen,6690,49250,42560
Bob Gosse,960,43505,42545
Bethany Ashton Wolf,65354,107890,42536
Craig Viveiros,3325,45775,42450
Manuel Carballo,1565,43915,42350
Park Hoon-jung,1970,44240,42270
Michael Almereyda,10716,52880,42164
Azazel Jacobs,1955,44030,42075
Jan Komasa,46327,88315,41988
Marc Turtletaub,880,42790,41910
Gowtam Tinnanuri,70557,112395,41838
Oleg Stepchenko,1225,42990,41765
Elise Durán,62713,104455,41742
Felix Fuchssteiner,341,41675,41334
Rob W. King,1078,42260,41182
Joel Souza,1310,42415,41105
Kelly Makin,6425,47490,41065
Eric Red,25170,66055,40885
Robert Harmon,6790,47625,40835
Andrew Hyatt,8990,49820,40830
Michael Polish,26280,67095,40815
David Gelb,190490,231215,40725
Eva Orner,1127,41830,40703
Katie Aselton,8830,49455,40625
George Ratliff,3593,44130,40537
Mitja Okorn,13232,53720,40488
Ryoo Seung-wan,2240,42685,40445
Takashi Ôtsuka,322,40765,40443
Pablo Larraín,6125,46450,40325
Neal Israel,3690,43910,40220
Trevor Nunn,32135,72345,40210
Marc Munden,10330,50435,40105
George Gallo,16215,56235,40020
Karen Leigh Hopkins,10578,50580,40002
Dylan Kidd,89665,129660,39995
Kathrine Windfeld,3775,43755,39980
Gorô Miyazaki,221690,261625,39935
Lance Hool,6735,46585,39850
Adrian Vitoria,11352,51120,39768
Yüksel Aksu,26578,66336,39758
Ry Russo-Young,1155,40910,39755
Oz Perkins,131115,170835,39720
Billy O'Brien,40150,79735,39585
Robert Heath,11629,51160,39531
Ryûhei Kitamura,1147,40595,39448
Alberto Rodríguez,3423,42870,39447
Kirill Serebrennikov,472,39805,39333
Jennifer Lynch,65765,105070,39305
Clare Kilner,1885,41120,39235
Ariel Winograd,2740,41947,39207
Benedikt Erlingsson,17520,56660,39140
Hardy Martins,1495,40530,39035
Anil Ravipudi,5663,44665,39002
Cristina Jacob,9205,48165,38960
Pa. Ranjith,12893,51800,38907
Kore-eda Hirokazu,540,39365,38825
Alastair Orr,3523,42245,38722
April Mullen,10152,48780,38628
Stephen Frears,153180,191745,38565
Juan Carlos Fresnadillo,68230,106775,38545
Julian Gilbey,2818,41350,38532
Scott Silver,9120,47620,38500
Michel Franco,9845,48320,38475
Andrew Neel,2166,40550,38384
Camillo Teti,9866,48190,38324
Kirk Jones,140520,178680,38160
John Warren,2800,40760,37960
Tamara Jenkins,73240,111155,37915
Ali Atay,72870,110778,37908
Johnny Kevorkian,10525,48425,37900
Peter Sollett,28510,66260,37750
Nanni Moretti,1280,38850,37570
Pietro Marcello,1030,38500,37470
Steven Shainberg,1368,38815,37447
mink,2780,40220,37440
Radivoje Andric,20470,57785,37315
Michael Herbig,29694,66920,37226
Fred Cavayé,48945,86080,37135
Midhun Manuel Thomas,8143,45260,37117
Milos Avramovic,25984,63085,37101
Keith Behrman,12094,49130,37036
Alice Winocour,8220,45220,37000
Jonathan Jakubowicz,8094,45055,36961
Yi'nan Diao,2613,39520,36907
Jeff Beesley,1235,38130,36895
Surender Reddy,6262,43155,36893
Paco Plaza,7130,44000,36870
Rob Hedden,1245,38080,36835
Alister Grierson,15950,52775,36825
Nagraj Manjule,37417,74215,36798
Lenny Abrahamson,16520,53225,36705
J.S. Cardone,6680,43340,36660
Christian Volckman,82230,118820,36590
Simon Rumley,5264,41720,36456
David Leland,7190,43645,36455
David L. Hunt,5030,41460,36430
John Schultz,3380,39760,36380
Yong-hwa Kim,9460,45835,36375
Phil Claydon,3335,39595,36260
Tanya Wexler,1934,38075,36141
Fred Durst,26385,62445,36060
Laurence Malkin,5830,41865,36035
Zackary Adler,22515,58480,35965
Penny Lane,3310,39270,35960
Safy Nebbou,1755,37690,35935
Jonathan Newman,299,36215,35916
Václav Marhoul,2590,38485,35895
Kleber Mendonça Filho,26736,62614,35878
Jared Moshe,3495,39290,35795
Raoul Peck,895,36500,35605
Marco Kreuzpaintner,29955,65540,35585
Carles Torrens,58910,94455,35545
Stevan Riley,4163,39675,35512
Akarsh Khurana,35872,71302,35430
Drake Doremus,2127,37450,35323
John Chester,9504,44790,35286
Philippa Lowthorpe,17820,52985,35165
Jakob M. Erwa,1160,36305,35145
Adam Smith,10769,45865,35096
Ed Gass-Donnelly,9617,44705,35088
Lucile Hadzihalilovic,3020,38060,35040
Peter Mullan,8980,43955,34975
Kaouther Ben Hania,762,35710,34948
Kevin Spacey,42880,77820,34940
John Polson,6355,41060,34705
Bruce Beresford,6020,40720,34700
Lajos Koltai,35845,70450,34605
Gabe Torres,1790,36385,34595
Morgan O'Neill,24480,59025,34545
Reinaldo Marcus Green,13600,48120,34520
Gregory Nava,22610,57130,34520
James Oakley,9725,44160,34435
Ajay Devgn,21974,56310,34336
Jerry Jameson,2210,36305,34095
Dennis Iliadis,11660,45669,34009
Steven C. Miller,12275,46110,33835
Renato De Maria,1222,35025,33803
Laurent Bouhnik,1598,35353,33755
Billy Crystal,31755,65500,33745
Farren Blackburn,41300,74825,33525
John McNaughton,8771,42285,33514
Marcel Barrena,1415,34865,33450
Felix Binder,1045,34460,33415
Courtney Hunt,132410,165770,33360
Hu Guan,2868,36170,33302
Chad Hartigan,3258,36520,33262
Jacob Gentry,23464,56710,33246
Anwar Rasheed,9583,42715,33132
Dong-hoon Choi,6801,39890,33089
Alex Holdridge,8884,41940,33056
Magizh Thirumeni,11098,44150,33052
Ed Perkins,51779,84825,33046
Christine Crokos,54276,87210,32934
Alex Ross Perry,8257,41085,32828
Greg Kohs,1919,34710,32791
Jack Bryan,6575,39265,32690
Ron Krauss,14609,47275,32666
Christian Petzold,13830,46450,32620
Richard Laxton,1680,34285,32605
Alexei Popogrebsky,2415,35020,32605
Sara Sugarman,1925,34505,32580
Paulo Morelli,33143,65640,32497
Mikael Marcimain,24775,57065,32290
James Napier Robertson,680,32965,32285
Árpád Sopsits,316,32550,32234
Chris Rock,106300,138530,32230
J.-P. Valkeapää,3135,35040,31905
Vishnuvardhan,10142,42008,31866
Houman Seyyedi,5613,37420,31807
Brin Hill,128529,160275,31746
Gregg Champion,13465,45195,31730
Brandon Slagle,1649,33290,31641
Dan Krauss,6770,38335,31565
Prakash Kovelamudi,3225,34785,31560
Vamshi Paidipally,16621,48175,31554
Cláudio Torres,3455,34945,31490
Anu Menon,17216,48700,31484
Sanjay Puran Singh Chauhan,50101,81585,31484
Travis Zariwny,5390,36863,31473
Shin Sang-ok,124,31595,31471
Peter Sullivan,2585,34015,31430
Breck Eisner,519290,550700,31410
Remo D'Souza,9727,41120,31393
Sôichi Masui,1084,32345,31261
Tiller Russell,3441,34685,31244
John Baumgartner,2830,34060,31230
Paul Hough,24144,55350,31206
Nadav Lapid,300,31505,31205
Timur Bekmambetov,4105,35245,31140
James Dodson,550,31645,31095
Richard Tanne,50705,81715,31010
Dibakar Banerjee,91060,122050,30990
John McPhail,47376,78340,30964
Kim Farrant,30375,61280,30905
Mohammad Rasoulof,450,31345,30895
E.B. Hughes,29342,60153,30811
Yasuhiro Yoshiura,20435,51245,30810
Gregg Bishop,7620,38335,30715
Philippe Falardeau,3599,34300,30701
Ryan Murphy,115900,146550,30650
Matthew Diamond,46694,77340,30646
Adam Curtis,6376,36985,30609
Alessio Cremonini,20606,51065,30459
Mikkel Munch-Fals,5420,35875,30455
Olatunde Osunsanmi,8755,39090,30335
Rob Grant,822,31125,30303
Mark Raso,69475,99735,30260
Marina Zenovich,15776,46000,30224
Richard Martin,810,31005,30195
Rob Schmidt,14350,44500,30150
Luis Estrada,747,30890,30143
Alan White,3395,33410,30015
Ann Turner,3240,33200,29960
Joseph Cedar,2865,32765,29900
Barry Levinson,33955,63835,29880
Joel Hershman,3015,32890,29875
Marc Meyers,739,30605,29866
Bart Freundlich,13480,43220,29740
Amy Seimetz,6260,35990,29730
Liv Ullmann,1210,30905,29695
Cristian Nemescu,10355,39960,29605
Miles Doleac,9429,39020,29591
Shivam Nair,7880,37390,29510
Patxi Amezcua,2265,31700,29435
Maksim Korostyshevsky,8401,37825,29424
J.M Cravioto,2235,31635,29400
Jeremy Kenyon Lockyer Corbell,3720,33025,29305
Yoon Jong-bin,1960,31170,29210
Bobby Moresco,2310,31475,29165
Apoorva Lakhia,5421,34564,29143
Brendan Muldowney,3173,32300,29127
Costa-Gavras,1940,31065,29125
Amat Escalante,4090,33175,29085
Vahid Jalilvand,4100,33115,29015
Kieran Darcy-Smith,30820,59760,28940
Rainer Sarnet,1470,30395,28925
Tammi Sutton,7910,36827,28917
Manuel Martín Cuenca,4831,33740,28909
Will Geiger,915,29795,28880
Joel Hopkins,7420,36165,28745
Tali Shalom-Ezer,845,29550,28705
Scott Wiper,5340,34040,28700
Jeffrey Porter,2475,31085,28610
Ji-hoon Kim,5600,34195,28595
Pablo Agüero,524,29065,28541
Richard LaGravenese,25310,53850,28540
Rowan Woods,8640,37160,28520
Michael Corrente,2475,30925,28450
Rasool Mollagholi Poor,138,28570,28432
Director X,9801,38225,28424
Robby Henson,2187,30605,28418
Neasa Hardiman,42580,70940,28360
Hèctor Hernández Vicens,34055,62345,28290
Thomas Stuber,1995,30225,28230
Boris Khlebnikov,2695,30810,28115
Henry Saine,9555,37650,28095
Kevin Pollak,25084,53125,28041
Matteo Rovere,1730,29750,28020
Darko Mitrevski,13875,41870,27995
Yoon Sunghyun,6575,34530,27955
Nima Javidi,10140,38050,27910
Mami Sunada,505,28380,27875
Tanuja Chandra,11060,38877,27817
Miles Joris-Peyrafitte,14300,42115,27815
Bharathan,30645,58427,27782
Kwang-shik Kim,2795,30530,27735
Joshua Oppenheimer,41921,69635,27714
Joe Swanberg,3410,31123,27713
Warwick Thornton,18865,46455,27590
Mudassar Aziz,13990,41570,27580
Frank Pavich,111160,138690,27530
Le-Van Kiet,770,28295,27525
Carroll Ballard,15540,43060,27520
Marcin Wrona,3145,30655,27510
Iain Softley,33000,60395,27395
Sebastian Gutierrez,20950,48325,27375
Max McGuire,3868,31090,27222
Jean-François Richet,3551,30750,27199
Eric Rochant,1855,29050,27195
Carlos Brooks,12865,39965,27100
Malgorzata Szumowska,736,27815,27079
Euros Lyn,7879,34895,27016
Angelos Frantzis,577,27550,26973
Florian David Fitz,7980,34860,26880
Enrique Urbizu,837,27710,26873
Gabriela Tagliavini,850,27710,26860
Togan Gökbakar,18465,45305,26840
John Murlowski,4300,31115,26815
Andrew Bujalski,14885,41690,26805
Steve Jacobs,2385,29150,26765
Pernille Fischer Christensen,10055,36815,26760
Roberto Santucci,1119,27805,26686
Vasan Bala,18312,44985,26673
Aaron Sorkin,942990,969660,26670
S.R. Bindler,19076,45720,26644
Joachim Hedén,2940,29560,26620
Jesse V. Johnson,617,27200,26583
David Pablos,440,27000,26560
David Blair,1123,27655,26532
Lars Kraume,3805,30225,26420
Ekachai Uekrongtham,16565,42960,26395
Gustavo Loza,2014,28405,26391
JK Youn,4430,30745,26315
Fernando González Molina,11730,38030,26300
Trent Haaga,6535,32745,26210
Fernando Lebrija,8443,34580,26137
Andrew Ahn,6795,32825,26030
Nick Hamm,16068,42065,25997
Iram Haq,3835,29805,25970
Joko Anwar,7850,33812,25962
Michael Pavone,2440,28383,25943
Rodrigo García,36950,62855,25905
Thomas Sieben,7259,33155,25896
Rebecca Zlotowski,5470,31285,25815
David Kaplan,7911,33675,25764
Claudio Giovannesi,816,26560,25744
Xiaoshuai Wang,960,26555,25595
Nicole Holofcener,19730,45155,25425
Allison Burnett,39601,65025,25424
Ryûsuke Hamaguchi,1274,26690,25416
Tyler Perry,60275,85670,25395
Yuval Adler,11305,36655,25350
Bi Gan,21865,47195,25330
Ivan Sen,5950,31270,25320
Vincent D'Onofrio,22368,47580,25212
Hugo Gélin,5200,30395,25195
Michael Glawogger,505,25680,25175
Xavier Villaverde,1115,26290,25175
Sachy,28385,53525,25140
Saverio Costanzo,4650,29780,25130
Phil Volken,19881,45000,25119
Cüneyt Kaya,3644,28655,25011
Amma Asante,3390,28400,25010
Frédéric Jardin,607,25560,24953
Lone Scherfig,722,25545,24823
Albert Shin,730,25545,24815
Marcel Gisler,1730,26445,24715
Jon Cassar,14467,39165,24698
Keith Maitland,16874,41520,24646
Natalia Leite,12685,37315,24630
Takao Okawara,22252,46850,24598
Ken Sanzel,4655,29200,24545
Ben Sharrock,2040,26555,24515
Gaby Dellal,10401,34885,24484
Lin Oeding,162170,186580,24410
Masahiko Murata,5053,29460,24407
Roger Gual,2401,26760,24359
Charles Binamé,1152,25460,24308
Matthew Ryan Hoge,97236,121530,24294
Ted Braun,3880,28130,24250
Shahriar Bahrani,685,24885,24200
Michael Taverna,6594,30790,24196
Daniel Roby,4469,28595,24126
Mar Targarona,38994,63110,24116
Brett Morgen,4319,28405,24086
Stuart Gordon,27400,51390,23990
Juho Kuosmanen,1155,25085,23930
Joel Silverman,2120,26035,23915
Jim Cummings,97890,121795,23905
Ivan Kavanagh,530,24315,23785
So Yong Kim,3140,26845,23705
Peter Wellington,1797,25485,23688
David Mirkin,266995,290650,23655
Elia Suleiman,4295,27925,23630
Teddy Chan,284,23890,23606
Taylor Morden,1065,24658,23593
Nikolay Lebedev,6548,30120,23572
Justine Triet,2818,26285,23467
Alek Keshishian,50305,73680,23375
Kurtis David Harder,1963,25325,23362
Chris Koch,68640,92000,23360
Frederik Du Chau,90575,113860,23285
Daniel Taplitz,8745,31995,23250
Aleksandr Buravskiy,870,24010,23140
Nils Gaup,15760,38815,23055
Eddie Mensore,36486,59540,23054
Quentin Dupieux,7682,30710,23028
Joe Begos,17330,40284,22954
Maria Pulera,16677,39600,22923
Felix Chong,2780,25645,22865
Andy Goddard,7430,30265,22835
Juraj Jakubisko,645,23475,22830
Danishka Esterhazy,935,23750,22815
Katt Shea,4410,27220,22810
Adamo P. Cultraro,7739,30535,22796
Hernán Goldfrid,19286,42080,22794
Sebastián Borensztein,41455,64205,22750
Steven Silver,35056,57760,22704
Klim Shipenko,973,23610,22637
Charles Matthau,98410,121020,22610
Anthony Hopkins,1968,24575,22607
Jason William Lee,19110,41630,22520
Rich Cowan,3360,25855,22495
Maria Ripoll,13960,36425,22465
Ireneusz Dobrowolski,858,23230,22372
Aaron Katz,6043,28380,22337
Skye Borgman,89350,111680,22330
Coky Giedroyc,3350,25580,22230
Martin Owen,4910,27130,22220
Uberto Pasolini,11325,33545,22220
James Nguyen,3160,25330,22170
Kurt Voelker,6485,28615,22130
Ashutosh Gowariker,8491,30595,22104
Aki Kaurismäki,46454,68475,22021
Daniel Calparsoro,1869,23835,21966
John Turturro,5125,27010,21885
Robert Benton,63785,85640,21855
Alberto Arvelo,532,22350,21818
Alejandro Brugués,33240,55050,21810
Timothy Woodward Jr.,3179,24965,21786
James Fox,95,21830,21735
John Putch,1300,23030,21730
Anton Megerdichev,5515,27225,21710
Cédric Klapisch,4470,26180,21710
Maximilian Erlenwein,4220,25895,21675
David Beton,10425,31930,21505
Julia Loktev,95,21595,21500
Anna Mastro,10530,31970,21440
Adrian Bol,373,21695,21322
Greg Glienna,925,22170,21245
Anthony D'Souza,26320,47559,21239
Chad Archibald,3417,24645,21228
Reza Bagher,6884,28100,21216
Glenn Standring,7370,28560,21190
Paul Gross,23605,44785,21180
Lukas Feigelfeld,14063,35025,20962
Mathieu Turi,36250,57180,20930
R.S. Prasanna,34547,55465,20918
Gagan Puri,1175,22025,20850
Kat Coiro,40925,61740,20815
Fabien Delage,12455,33215,20760
Curt Morgan,19399,40135,20736
Argyris Papadimitropoulos,7705,28430,20725
Jehane Noujaim,26330,47045,20715
Kasper Barfoed,3145,23845,20700
Robert Dyke,3620,24295,20675
Won-Chan Hong,10985,31645,20660
Hlynur Pálmason,8920,29575,20655
Valeska Grisebach,910,21555,20645
Doga Can Anafarta,10425,31045,20620
Aleksey German,11370,31975,20605
Michael Matteo Rossi,19120,39720,20600
Andrew Birkin,6160,26750,20590
Byung-chun Min,2520,23100,20580
Gennaro Nunziante,30350,50897,20547
Paco León,12060,32585,20525
Francesco Amato,888,21380,20492
Kristin Hanggi,32318,52810,20492
Robbie Grewal,10943,31395,20452
Spencer Folmar,9030,29460,20430
Kevin Macdonald,19039,39405,20366
Gonzalo López-Gallego,10476,30830,20354
Zack Parker,1736,22020,20284
Michelangelo Frammartino,1270,21385,20115
Cullen Hoback,2698,22801,20103
Gauri Shinde,198440,218510,20070
Israel Horovitz,30157,50205,20048
Akhtem Seitablaev,11119,31163,20044
Elmo Nüganen,11700,31700,20000
Maurice Devereaux,5779,25745,19966
Kirsten Johnson,16325,36265,19940
Elissa Down,46205,66135,19930
George Mendeluk,970,20860,19890
Claudia Myers,3650,23535,19885
Cooper Raiff,13427,33290,19863
Aashiq Abu,7524,27355,19831
Brian Welsh,4087,23910,19823
Mandie Fletcher,1740,21560,19820
Charlie Peters,7365,27140,19775
Jeff Barnaby,7360,27110,19750
Larry Charles,25090,44835,19745
Steve Conrad,78931,98645,19714
Michael Cohn,3690,23326,19636
Lodewijk Crijns,2324,21925,19601
Shira Piven,78995,98585,19590
Pascal Franchot,5460,25030,19570
Nitin Kakkar,15374,34922,19548
Pål Sletaune,10635,30145,19510
Anno Saul,1390,20867,19477
Bille August,17590,37055,19465
Jeremiah Zagar,3755,23165,19410
Soon-rye Yim,335,19740,19405
Chris von Hoffmann,4245,23625,19380
Marco Pontecorvo,1361,20670,19309
Shawn Seet,1320,20570,19250
Fouad Mikati,54315,73540,19225
Masayuki Kojima,8765,27935,19170
Milan Luthria,7138,26305,19167
Yann Gonzalez,8690,27785,19095
Claudio Caligari,6260,25350,19090
Maurice Phillips,2715,21760,19045
John A. Davis,190740,209745,19005
Jung Ji-woo,10665,29665,19000
Elza Kephart,2000,20965,18965
Maria Sadowska,2250,21215,18965
Steve M Kelly,4594,23525,18931
Jason Stutter,3950,22865,18915
Sekhar Kammula,9078,27990,18912
Stacie Passon,29170,48080,18910
Marwan Hamed,36345,55250,18905
Kim Seong-hun,33574,52475,18901
Lynn Shelton,1698,20570,18872
Kim Sung-hoon,5347,24210,18863
Tim Blake Nelson,6350,25180,18830
Ousmane Sembene,1973,20800,18827
Alex Richanbach,75654,94480,18826
Bob Odenkirk,15830,34629,18799
Vignesh Shivan,13024,31810,18786
Ugo Fabrizio Giordani,389,19155,18766
Jeff Celentano,1470,20232,18762
John H. Lee,12310,31060,18750
Andrey Konchalovskiy,10880,29615,18735
Louis-Pascal Couvelaire,3790,22445,18655
Zach Clark,546,19165,18619
Apichatpong Weerasethakul,8685,27280,18595
Rich Ragsdale,4805,23390,18585
Giancarlo Esposito,9635,28215,18580
Mohan Raja,4489,23065,18576
Lorraine Lévy,1705,20280,18575
Garrett Bradley,12967,31540,18573
Tim Hill,103335,121839,18504
Mary Lambert,1095,19580,18485
Julie Taymor,535,19020,18485
Oliver Hermanus,650,19090,18440
Adam Leon,13055,31490,18435
Norberto Barba,4330,22760,18430
Jacob Kornbluth,2740,21153,18413
Fernando Frias,28868,47220,18352
Mark Neale,2599,20915,18316
Craig William Macneill,28760,47075,18315
Stephen Cone,3765,22055,18290
Wuershan,3585,21845,18260
Dan Hewitt Owens,320,18550,18230
Ruchi Narain,5652,23880,18228
Christian Sesma,1527,19730,18203
Lisandro Alonso,4650,22765,18115
Frédéric Auburtin,4040,22150,18110
Ashley Avis,3755,21850,18095
Kris Rey,199,18285,18086
Venky Kudumula,6040,24075,18035
Colm O'Murchu,504,18494,17990
Aditya Datt,4726,22680,17954
James Bolton,3999,21925,17926
Bob Rafelson,21365,39240,17875
Ashok G.,10602,28420,17818
Shonali Bose,31468,49240,17772
Min-ho Woo,3025,20795,17770
Gonzalo Bendala,2710,20460,17750
Satyajit Ray,4285,22000,17715
Jagdish A. Sharma,1890,19561,17671
James Cullen Bressack,5411,23070,17659
Saman Moghadam,1972,19570,17598
Girish Malik,72751,90310,17559
Morgan J. Freeman,5232,22745,17513
R. Ajay Gnanamuthu,13535,31040,17505
Óliver Laxe,830,18335,17505
Ross Venokur,2305,19795,17490
Adam Rehmeier,14230,31715,17485
Jean Paul Lal,2765,20215,17450
Burhan Qurbani,2095,19535,17440
Emilio Portes,3336,20760,17424
Ka-Wai Kam,485,17905,17420
William Olsson,9644,27030,17386
Dominique Deruddere,3320,20685,17365
Rose Bosch,3150,20490,17340
Michael Meredith,1450,18765,17315
Brendan Steere,26518,43780,17262
Julia von Heinz,913,18125,17212
Tony Zierra,395,17570,17175
Abolhassan Davoodi,1126,18280,17154
Rohena Gera,25916,43060,17144
Parthiban Radhakrishnan,64,17165,17101
Ping Lumpraploeng,216,17315,17099
Ralph Ziman,16660,33750,17090
Andy Cheng,28315,45365,17050
Howard Franklin,22200,39240,17040
York Alec Shackleton,1050,18070,17020
Mikhaël Hers,556,17515,16959
Rocco DeVilliers,356,17315,16959
Robert Tinnell,1800,18755,16955
Jalmari Helander,160940,177865,16925
David Chirchirillo,7253,24165,16912
Tommy O'Haver,19960,36840,16880
Rachel Perkins,1765,18605,16840
Stephen Milburn Anderson,33725,50525,16800
Jean-Paul Salomé,1165,17875,16710
Alistair Legrand,29020,45670,16650
Ian Sharp,4455,21100,16645
Emmanuel Carrère,11372,28010,16638
Christopher Hatton,4143,20680,16537
Matthew Parkhill,44305,60840,16535
Hasraf Dulull,33875,50355,16480
Mikael Håfström,5295,21770,16475
Kei'ichi Sato,7070,23545,16475
Michael McGowan,6771,23245,16474
Ben Shelton,11477,27945,16468
Anurag Kashyap,12415,28880,16465
Giles Alderson,4608,21040,16432
Mads Brügger,10805,27235,16430
Paul Michael Glaser,112130,128540,16410
Paolo Sorrentino,15695,32085,16390
Mysskin,6222,22600,16378
Anil Sharma,1680,18010,16330
Andrew C. Erin,4645,20970,16325
Wanuri Kahiu,240,16560,16320
Bob Bralver,5750,22045,16295
Juan José Campanella,2215,18505,16290
Kenneth Kainz,4770,21060,16290
Tatsushi Ômori,813,17045,16232
Pierre Salvadori,4405,20620,16215
Isidro Ortiz,1205,17420,16215
Karthik Subbaraj,43590,59790,16200
Boyapati Srinu,4102,20285,16183
Marius A. Markevicius,18425,34600,16175
Panos H. Koutras,5600,21770,16170
Dani Levy,815,16975,16160
Ernesto Contreras,4265,20390,16125
Mike Mendez,6660,22763,16103
Michael Winnick,5723,21780,16057
Kranthi Madhav,2964,18940,15976
Sang-il Lee,1144,17075,15931
Gerardo Olivares,2155,18085,15930
Mukunda Michael Dewil,64008,79920,15912
Hannes Holm,4225,20125,15900
Christian Duguay,16411,32310,15899
Philippe Haïm,2855,18685,15830
Martin Guigui,1521,17345,15824
Mora Stephens,24689,40485,15796
George A. Romero,97070,112865,15795
Kwon Lee,1547,17335,15788
Catalina Aguilar Mastretta,6209,21985,15776
Emilio Aragón,3965,19725,15760
Roger Spottiswoode,153045,168800,15755
Mitch McLeod,4610,20360,15750
Robert Hall,6955,22680,15725
Kanwal Sethi,4742,20460,15718
Jacob Vaughan,24256,39970,15714
Kuo-Fu Chen,224,15920,15696
Jan Hryniak,714,16370,15656
Joseph Castelo,3893,19545,15652
Adam Massey,2115,17751,15636
Brian A. Miller,6600,22145,15545
Chee Keong Cheung,2955,18490,15535
Rachid Bouchareb,637,16140,15503
Per Fly,13984,29475,15491
Zaida Bergroth,3620,19095,15475
Craig Lucas,12410,27860,15450
Pantelis Voulgaris,1240,16690,15450
Konstantin Buslov,3985,19433,15448
Nicholas McCarthy,126860,142280,15420
Randall Miller,40835,56245,15410
Christopher Alender,23998,39390,15392
Cody Calahan,17835,33207,15372
Ryan Shiraki,8770,24135,15365
Alante Kavaite,1735,17100,15365
Santiago Mitre,6135,21485,15350
Charlotte Brändström,2495,17830,15335
Gary Yates,2012,17305,15293
Bryan Buckley,40680,55965,15285
Kim Sung-su,1615,16875,15260
Zoe Clarke-Williams,2105,17365,15260
Aluizio Abranches,2840,18100,15260
Jake Goldberger,12385,27590,15205
Leszek Dawid,898,16100,15202
Tristan Price,740,15940,15200
Jeong-woo Park,1178,16355,15177
Alejandro Montiel,542,15710,15168
Pascale Ferran,1170,16325,15155
Yusry Abd Halim,2931,18075,15144
Lee Yong-ju,5475,20610,15135
Yurek Bogayevicz,3355,18490,15135
Maria Peters,6710,21840,15130
Lee Hae-young,8085,23215,15130
Joseph Guzman,16355,31485,15130
Mark O'Connor,1415,16535,15120
Simon Fellows,11810,26930,15120
Meera Menon,4209,19325,15116
Gunasekhar,1973,17045,15072
Justin Pemberton,129,15170,15041
Jing Wu,29770,44795,15025
Majid Majidi,4610,19625,15015
Elliot Hegarty,22836,37850,15014
Issa López,3975,18988,15013
Ned Benson,50630,65610,14980
Ben Lewin,5905,20885,14980
Bette Gordon,1775,16745,14970
Angel Manuel Soto,275,15200,14925
Nick Simon,5430,20340,14910
Milap Zaveri,8040,22930,14890
Brian Flemming,10388,25275,14887
Sebastián Schindel,7874,22755,14881
Nora Fingscheidt,59585,74450,14865
François Girard,11848,26685,14837
João Pedro Rodrigues,4053,18830,14777
Matthias Temmermans,579,15350,14771
Seyfi Teoman,5625,20375,14750
Kai Wessel,210,14945,14735
Caroline Vignal,4216,18920,14704
Sathyan Anthikad,11533,26215,14682
Setsurô Wakamatsu,2255,16935,14680
Zach Lipovsky,32750,47425,14675
Emanuele Crialese,1405,16075,14670
Charles Sturridge,12240,26910,14670
Amy S. Weber,22328,36980,14652
Pelin Esmer,2921,17542,14621
Vince Di Meglio,503,15100,14597
Jim Taihuttu,19820,34410,14590
Mouly Surya,2335,16920,14585
Oliver Schmitz,1160,15705,14545
Michael Glover,60,14585,14525
Max Winkler,22430,36930,14500
Claude Miller,5045,19530,14485
Akash Sherman,14690,29165,14475
Jan P. Matuszynski,9896,24320,14424
Pooja Bhatt,3818,18225,14407
Dave Payne,3460,17865,14405
Wilson Coneybeare,4955,19340,14385
Xiao Feng,9628,24010,14382
Roberto Benigni,57870,72245,14375
Phillip Borsos,2070,16440,14370
Jeremy Sims,4495,18825,14330
Dany Boon,8500,22790,14290
Allan Ungar,11295,25585,14290
Brea Grant,11330,25610,14280
Ian Edelman,9765,24005,14240
Stuart McDonald,2000,16180,14180
Alex Winter,3905,18055,14150
Brian Baugh,29385,43515,14130
Felix Randau,755,14845,14090
Albert Dupontel,20250,34305,14055
Rob Meltzer,56271,70325,14054
Atif Yilmaz,1875,15905,14030
Marcelo Galvão,474,14495,14021
Russ Emanuel,3350,17365,14015
Danny Lerner,3555,17570,14015
Fred Grivois,3030,17040,14010
Agnès Varda,10060,24030,13970
Steve Barnett,630,14600,13970
Takashi Doscher,5497,19460,13963
Conor McPherson,1735,15680,13945
Franny Armstrong,9633,23550,13917
Barbra Streisand,99200,113115,13915
Upendra,10565,24467,13902
Vysakh,5753,19640,13887
Chanya Button,10510,24385,13875
Amol Palekar,567,14419,13852
Isaac Florentine,1310,15150,13840
Chuan Lu,6750,20580,13830
Sachin Yardi,12310,26110,13800
Eytan Fox,1141,14920,13779
Kourosh Ahari,3606,17380,13774
Barry Avrich,1309,15057,13748
Katell Quillévéré,4105,17845,13740
Jon Sherman,4192,17900,13708
Manny Coto,1710,15400,13690
Denis Henry Hennelly,23223,36875,13652
Mark Griffiths,5860,19510,13650
Aleksey Mizgiryov,2920,16565,13645
K. Selvaraghavan,13422,27065,13643
Emily Hagins,1329,14965,13636
Bruno Barreto,4275,17900,13625
M. Padmakumar,1441,15050,13609
Michael Leavy,781,14385,13604
Bradley Rust Gray,2397,16000,13603
Chad Burns,5131,18715,13584
Rasmus Tirzitis,2877,16450,13573
Michael Stasko,580,14150,13570
Philippe Lacôte,805,14365,13560
Tom Reeve,1225,14770,13545
Emmanuel Mouret,1393,14930,13537
James Franco,4332,17860,13528
David Marconi,3725,17225,13500
Todd Graff,30865,44360,13495
Matt Ruskin,1155,14645,13490
Jeff Garlin,12447,25920,13473
Jorge Ameer,1068,14515,13447
Brian James O'Connell,20640,34080,13440
Karim Aïnouz,15815,29235,13420
Michael Winterbottom,10405,23820,13415
Valérie Lemercier,3567,16975,13408
Paul McGuigan,40310,53715,13405
Petra Biondina Volpe,1855,15245,13390
Philippe Van Leeuw,1560,14910,13350
Hua-Tao Teng,234,13580,13346
Michael Melamedoff,972,14290,13318
Esteban Sapir,9798,23115,13317
Caner Özyurtlu,16139,29455,13316
David Price,1865,15145,13280
Reto Salimbeni,3674,16950,13276
Justin Malone,20180,33440,13260
Richard Brandes,250,13497,13247
Adrian Langley,1003,14245,13242
Kang Hyo-jin,1380,14555,13175
Dror Soref,1255,14370,13115
Jang Jae-hyun,11900,24905,13005
Malik Vitthal,23990,36985,12995
Ronny Yu,1482,14475,12993
Leo Scherman,1111,14090,12979
T. Hariharan,633,13581,12948
D.C. Hamilton,4400,17345,12945
Gérald Hustache-Mathieu,1895,14830,12935
David M. Rosenthal,4886,17790,12904
Karen Oganesyan,4740,17625,12885
Imtiaz Ali,39920,52780,12860
Guillaume Canet,8585,21440,12855
Michael Damian,6555,19401,12846
Nikolai Müllerschön,610,13455,12845
Daniel Robbins,6404,19245,12841
Michihito Fujii,241,13070,12829
Charles T. Kanganis,909,13715,12806
Madeleine Sackler,1694,14435,12741
Robert Towne,37725,50460,12735
Valentyn Vasyanovych,658,13385,12727
Victor Kossakovsky,1995,14695,12700
Dolph Lundgren,9140,21840,12700
Sameh Zoabi,345,12990,12645
Agnès Merlet,1700,14320,12620
Ross Patterson,7998,20618,12620
Kyu-maan Lee,2225,14840,12615
Glenn Payne,5182,17790,12608
Catherine Corsini,775,13375,12600
Carlos Vermut,4240,16835,12595
Uli Edel,82155,94745,12590
Young-Joo Byun,126,12710,12584
Jordan Galland,4170,16750,12580
Paula van der Oest,407,12980,12573
Jason Freeland,5205,17765,12560
Stephen Burke,5230,17780,12550
Nicholas Gyeney,21064,33592,12528
Michael Hurst,4571,17057,12486
Steve Wang,15283,27765,12482
Vikram Gandhi,25990,38460,12470
Fred Olen Ray,5291,17760,12469
Mark Tonderai,36160,48620,12460
Laura Mañá,6685,19140,12455
Rod Hardy,49798,62235,12437
John Jencks,9302,21710,12408
Tommy Stovall,8035,20440,12405
Ash Avildsen,9839,22235,12396
Adam Coleman Howard,1760,14155,12395
Keith Parmer,4698,17090,12392
Patricia Ferreira,1745,14115,12370
Vladan Nikolic,1706,14050,12344
Bertrand Bonello,675,13010,12335
Trinadha Rao Nakkina,3413,15735,12322
Sebastián Hofmann,3545,15855,12310
Andrew Cohn,8789,21075,12286
Martin Asphaug,1675,13945,12270
Steven Soderbergh,52955,65220,12265
Billy Senese,5515,17775,12260
Wayne Slaten,190,12445,12255
Nagesh Kukunoor,5697,17948,12251
Tim Kirkby,48992,61225,12233
Jingming Guo,9795,22013,12218
Wolfgang Murnberger,531,12710,12179
Wolfgang Fischer,4879,17055,12176
Hong Sang-soo,5945,18095,12150
Richard Wong,9927,22055,12128
Mitsuo Hashimoto,36488,48605,12117
Magnus Martens,5024,17105,12081
Xavier Beauvois,840,12915,12075
Tolga Örnek,3015,15085,12070
Ramón Salazar,8105,20175,12070
Michael Moore,90080,102135,12055
Tom DeNucci,2510,14560,12050
Danny Patrick,3782,15830,12048
William Phillips,7975,20005,12030
David Victori,6395,18410,12015
Lili Horvát,1940,13940,12000
Emmanuel Courcol,2720,14715,11995
Benjamín Naishtat,1950,13940,11990
Patricio Valladares,274,12260,11986
Takashi Miike,12340,24302,11962
Rahul Sankrityan,8137,20095,11958
Aleksandr Sokurov,3109,15025,11916
Christian E. Christiansen,5537,17442,11905
Rob Stefaniuk,3830,15721,11891
Andrew Davis,479230,491115,11885
Joe Robert Cole,10045,21910,11865
Steve Stanulis,10492,22350,11858
Andrew Lau,479,12330,11851
Stig Björkman,668,12495,11827
Rémi Bezançon,12170,23985,11815
Jed Weintrob,3026,14820,11794
Sam Feder,18697,30485,11788
Svyatoslav Podgaevskiy,3209,14985,11776
Nick Palumbo,10763,22535,11772
Kaige Chen,3540,15280,11740
Jennifer Peedom,1105,12828,11723
Steven Goldmann,9340,21055,11715
Rolf de Heer,2340,14045,11705
Clarence Fok,2380,14062,11682
Barry Alexander Brown,720,12340,11620
Rhiannon Bannenberg,8051,19640,11589
Roel Reiné,3735,15320,11585
Terence Davies,20055,31625,11570
Chris Sun,7898,19445,11547
Paula Ortiz,6035,17570,11535
Daniel Krige,3010,14545,11535
Ian Iqbal Rashid,22360,33885,11525
Eric Steven Stahl,3120,14635,11515
Murat Seker,6354,17861,11507
Nicolas Pariser,2230,13735,11505
Gregory Hatanaka,4912,16415,11503
Marco Bonfanti,2180,13670,11490
Vicky Wight,17403,28885,11482
Magnus von Horn,7800,19275,11475
Sarah Gavron,16385,27855,11470
Dom Rotheroe,4960,16420,11460
Xavier Durringer,1070,12515,11445
Claudia Llosa,8900,20340,11440
Ellie Kanner,288,11725,11437
Sherry Hormann,829,12260,11431
Joseph Kelly,7930,19340,11410
Michael G. Kehoe,1475,12870,11395
Mikhil Musale,13064,24455,11391
William Shatner,4020,15390,11370
Lourens Blok,950,12310,11360
Kristina Buozyte,2990,14315,11325
Vivian Qu,1155,12480,11325
Lawrence Fowler,2455,13775,11320
A.R. Murugadoss,25589,36905,11316
Pedring Lopez,1016,12330,11314
D. Kerry Prior,45312,56625,11313
Isaac Feder,17142,28440,11298
Jerzy Kawalerowicz,155,11445,11290
Dean Murphy,1226,12515,11289
Neil Johnson,5122,16405,11283
Stephan Schultze,1855,13120,11265
Clio Barnard,10690,21950,11260
Aleksi Vellis,344,11595,11251
Felix Starck,13150,24400,11250
Jesús Garay,74,11320,11246
John R. Carter,2455,13630,11175
Vivek Athreya,12044,23210,11166
Teona Strugar Mitevska,1605,12765,11160
Brandon Nutt,7685,18845,11160
Jeffrey Grellman,44638,55745,11107
Dereck Joubert,2065,13164,11099
Ash Baron-Cohen,4016,15095,11079
Natasha Kermani,3126,14200,11074
Tony Gatlif,760,11825,11065
Jeethu Joseph,2458,13516,11058
Lucio A. Rojas,1511,12565,11054
Abdullah Oguz,6306,17360,11054
Anna Justice,638,11685,11047
Kat Candler,17309,28345,11036
Stephen Fung,5815,16850,11035
Louis Garrel,10770,21790,11020
Nigina Sayfullaeva,3975,14985,11010
Mitchell Altieri,3593,14595,11002
John V. Soto,15595,26595,11000
Major Ravi,2161,13153,10992
Alain Guiraudie,1595,12570,10975
Johanna Demetrakas,1430,12400,10970
Scott Caan,6020,16990,10970
Yannis Smaragdis,2455,13406,10951
Benni Setiawan,354,11283,10929
Philippe Caland,3131,14060,10929
Eric Khoo,1365,12280,10915
Sönke Wortmann,3139,14045,10906
Jennifer Phang,18969,29875,10906
Maria Schrader,2445,13340,10895
Ui-seok Jo,2371,13260,10889
Norberto López Amado,3635,14485,10850
Shalini Kantayya,2980,13810,10830
Aleksandr Veledinskiy,1015,11820,10805
Indra Kumar,28485,39285,10800
Martin Provost,312,11105,10793
Alex Chandon,17668,28460,10792
Ricardo Franco,3061,13850,10789
Peter Sehr,2101,12885,10784
Will Gluck,230595,241365,10770
Paul Rachman,7280,18030,10750
Ayumu Watanabe,7865,18590,10725
Noah Hutton,121,10843,10722
Anthony Scott Burns,45390,56105,10715
Jong-ho Huh,3062,13775,10713
Michael Larnell,7696,18400,10704
Beom-gu Cho,2174,12865,10691
Parambrata Chattopadhyay,2200,12866,10666
Julie Davis,2570,13230,10660
Sicheng Chen,5205,15865,10660
Vincent Garenq,7115,17765,10650
Abhishek Chaubey,54655,65285,10630
Mark Steilen,1680,12310,10630
Sammo Kam-Bo Hung,1002,11625,10623
Mark Jenkin,15991,26610,10619
Agustí Villaronga,3788,14405,10617
Sylvie Verheyde,515,11080,10565
Cãlin Peter Netzer,1590,12140,10550
Gérard Corbiau,1470,12005,10535
Nandita Das,12930,23455,10525
Bill Bennett,1550,12072,10522
Frank Whaley,14830,25350,10520
Ya-che Yang,7363,17835,10472
Jay Martin,13035,23505,10470
Stéphane Demoustier,1415,11870,10455
Arivazhagan Venkatachalam,4813,15265,10452
Philippe Diaz,604,11055,10451
Sébastien Marnier,5185,15625,10440
Stephen Poliakoff,18150,28550,10400
Tony Krantz,26585,36980,10395
Rohan Sippy,12050,22435,10385
Kirill Mikhanovsky,685,11065,10380
Aaron B. Koontz,7579,17955,10376
Nicolas Benamou,8041,18415,10374
Sergei Dvortsevoy,990,11340,10350
Greg Hall,646,10990,10344
Matt Mulhern,1625,11955,10330
Kjell-Åke Andersson,2045,12375,10330
Drew Cullingham,2595,12925,10330
Robert Kirbyson,3775,14100,10325
Rob Hardy,2342,12650,10308
Howie Askins,16506,26810,10304
John Paragon,10300,20600,10300
Hannes Stöhr,5870,16166,10296
Jeffrey Fine,15796,26090,10294
Kenji Kodama,1690,11975,10285
Arnaud Desplechin,2330,12595,10265
Martin Hynes,15956,26220,10264
Peter Hedges,110755,121005,10250
Thomas Dekker,2940,13180,10240
Richard Gray,14357,24585,10228
Yann Gozlan,11870,22095,10225
Rose Troche,11660,21875,10215
Kodi Ramakrishna,195,10382,10187
Dru Brown,3316,13500,10184
Diego Cohen,2864,13035,10171
Vince Offer,13750,23915,10165
Tomris Giritlioglu,2773,12925,10152
Gabriele Muccino,4484,14625,10141
Dae-woo Kim,2085,12215,10130
Seth Grossman,2795,12916,10121
Shakti Soundar Rajan,5416,15525,10109
Joshua Z Weinstein,2662,12760,10098
Maggie Betts,15290,25380,10090
Kate Melville,6745,16820,10075
Blaine Thurier,241,10315,10074
Roberto Sneider,1675,11740,10065
Jayro Bustamante,16335,26399,10064
Fredi M. Murer,393,10447,10054
Alexandre O. Philippe,4970,15011,10041
Uwe Boll,7391,17415,10024
Kartal Tibet,28096,38116,10020
Ian Cheney,1071,11090,10019
Jonathan Winfrey,360,10375,10015
Marc Hampson,265,10265,10000
Miroslav Lekic,1769,11740,9971
Manish Gupta,17505,27460,9955
Chris Ver Wiel,15006,24940,9934
Péter Bergendy,7322,17215,9893
Andy Garcia,39788,49680,9892
Tayfun Güneyer,38408,48280,9872
Aleksey German Jr.,1275,11140,9865
Ashim Ahluwalia,1005,10865,9860
Alankrita Shrivastava,29503,39345,9842
Jordan Graham,3820,13660,9840
Antoine Blossier,5175,15015,9840
Andrew Bowler,39402,49240,9838
Yesim Ustaoglu,4730,14565,9835
Edouard Deluc,2075,11905,9830
Giuseppe Capotondi,21105,30910,9805
Chris Eska,3891,13695,9804
Lee Jeong-beom,4000,13795,9795
Blair Treu,1845,11621,9776
Tennyson Bardwell,12395,22170,9775
Juan Martínez Moreno,2630,12400,9770
Eric England,7846,17610,9764
Anne Fontaine,488,10235,9747
Bahram Tavakoli,2116,11853,9737
Henk Pretorius,2578,12315,9737
Craig Lahiff,370,10065,9695
Hyun-seok Kim,1919,11600,9681
Wi Ding Ho,1202,10865,9663
Roy Knyrim,6035,15695,9660
Sergey Mokritskiy,270,9925,9655
Ron Bonk,568,10215,9647
Bhaskar Hazarika,9268,18895,9627
Erik Canuel,2542,12165,9623
Jeong-hyang Lee,2875,12497,9622
Matthew Hope,7780,17385,9605
Reem Kherici,10785,20380,9595
Fernando Fragata,1900,11495,9595
Narges Abyar,10925,20505,9580
Craig Singer,2252,11795,9543
Jeremy Podeswa,4001,13525,9524
Gonzalo Tobal,3136,12660,9524
Eran Riklis,1030,10525,9495
Rob Spera,88,9575,9487
Kim Mordaunt,6546,16020,9474
Kitarô Kôsaka,2170,11640,9470
Alexs Stadermann,2346,11815,9469
Callie Khouri,104945,114410,9465
Renaud Gauthier,6171,15635,9464
Charlie Kaufman,492770,502230,9460
Jonathan Zarantonello,834,10291,9457
Arne Birkenstock,246,9695,9449
Han Jae-rim,2935,12375,9440
Gabriel Mascaro,1775,11195,9420
Britt Allcroft,14508,23920,9412
Júlíus Kemp,1035,10445,9410
Adrian Noble,1960,11365,9405
Nithiwat Tharatorn,4355,13750,9395
Matthieu Delaporte,855,10205,9350
Emanuel Hoss-Desmarais,8965,18305,9340
Tomas Alfredson,10660,20000,9340
Lydia Dean Pilcher,37548,46880,9332
Alistair Banks Griffin,7567,16885,9318
Jae-geun Yoon,1280,10580,9300
Salvador Calvo,18035,27330,9295
Balaji Mohan,8154,17435,9281
Michael Steiner,788,10068,9280
Diederik Van Rooijen,628,9890,9262
Jon Purdy,1105,10350,9245
Samir Karnik,9580,18811,9231
Yong-gyun Kim,2190,11400,9210
Sasi,1133,10320,9187
Anne K. Black,10205,19390,9185
Lisa Krueger,11060,20245,9185
Robert Salis,471,9635,9164
Ido Fluk,6273,15435,9162
Vash,475,9615,9140
Theo Davies,2845,11985,9140
Eirik Svensson,3025,12165,9140
Sebastian Junger,3695,12823,9128
J. Christian Ingvordsen,550,9671,9121
Christophe Honoré,2760,11875,9115
César Rodrigues,5748,14840,9092
Benjamin Louis,2316,11395,9079
Frank A. Cappello,14680,23748,9068
Jackie Chan,113765,122825,9060
Antoni Stutz,7529,16580,9051
Brandon Christensen,22590,31635,9045
Richard Lowenstein,4427,13460,9033
Joyce Bernal,270,9300,9030
Wes Miller,804,9830,9026
Dean Semler,39723,48742,9019
Brian Crano,15700,24705,9005
Luv Ranjan,113710,122695,8985
Paul Crowder,13506,22460,8954
Ali Zamani,807,9747,8940
Alain Gsponer,532,9450,8918
Rudolf Buitendach,1617,10535,8918
Ian Truitner,3405,12320,8915
Erik Van Looy,5535,14450,8915
Nawapol Thamrongrattanarit,5335,14240,8905
Gabriel Le Bomin,1180,10075,8895
Renzo Martinelli,283,9165,8882
Joel Bender,1700,10570,8870
Glenn Gers,3118,11980,8862
Jugal Hansraj,8420,17280,8860
Mani Haghighi,2632,11485,8853
Adina Pintilie,6333,15165,8832
Charles Martin Smith,4525,13355,8830
Stanley Tong,24634,33460,8826
Rusty Nixon,1065,9890,8825
Tom DiCillo,22305,31116,8811
Will Wallace,408,9210,8802
Andreas Dresen,1848,10645,8797
Chi-Kin Kwok,985,9780,8795
Chi Leung 'Jacob' Cheung,373,9165,8792
Kurt Kuenne,869,9660,8791
Ed Herzog,776,9561,8785
Aigars Grauba,3873,12655,8782
Rajeev Ravi,11760,20533,8773
Perry Lang,14112,22865,8753
Emilio Martínez Lázaro,2171,10922,8751
Nicolas Boukhrief,1334,10080,8746
Paul Dugdale,1054,9797,8743
Ross Boyask,2619,11355,8736
B.V. Nandini Reddy,6679,15390,8711
Louis Malle,17160,25870,8710
Laura Poitras,3135,11845,8710
Abner Pastoll,19060,27750,8690
Drew Ann Rosenberg,5542,14227,8685
Andrzej Wajda,8030,16715,8685
Debbie Allen,6899,15560,8661
Guillaume Brac,4300,12935,8635
Shahin Sean Solimon,7164,15795,8631
Stere Gulea,903,9525,8622
Sean Olson,3750,12370,8620
Lucien Jean-Baptiste,4830,13445,8615
Dave Boyle,2279,10880,8601
H.M. Coakley,1205,9805,8600
Stephen Reynolds,1080,9670,8590
David Lister,603,9170,8567
Michael Keusch,1590,10150,8560
Stephen Cornwell,2635,11175,8540
Christian Tafdrup,4465,13005,8540
Barry Jay,1025,9565,8540
Stephen Johnson,4029,12565,8536
Tomonori Sudô,4715,13250,8535
Mathieu Kassovitz,5870,14400,8530
Umesh Mehra,1192,9721,8529
Dietrich Brüggemann,3568,12082,8514
Nuel C. Naval,1710,10220,8510
Matt Shapira,720,9220,8500
Jon Cohen,788,9275,8487
Marco Filiberti,4246,12730,8484
Brian Goodman,66270,74745,8475
Jean-Marie Poiré,15260,23715,8455
Shawn Christensen,50425,58880,8455
Ebrahim Hatamikia,1531,9971,8440
Don Swanson,432,8857,8425
Amanda Sthers,20857,29281,8424
Soi Cheang,387,8795,8408
Francesco Munzi,1156,9555,8399
Stéphane Brizé,2692,11090,8398
Bob Misiorowski,1190,9583,8393
Farhad Mann,22751,31141,8390
Wojciech Smarzowski,24230,32620,8390
Talal Derki,5365,13750,8385
Sophie Deraspe,966,9350,8384
William Tannen,1345,9718,8373
Rodrigo H. Vila,88,8460,8372
Junfeng Boo,720,9090,8370
Sandra Goldbacher,15810,24180,8370
Kenji Uchida,6200,14570,8370
Tomasz Wasilewski,1040,9405,8365
Benjamin Ree,13290,21635,8345
Soo-Kyung Kwon,13318,21660,8342
Steve Boyum,15965,24300,8335
Mark Sawers,2286,10620,8334
Patricia Cardoso,24833,33165,8332
Dallas Jenkins,4280,12605,8325
Zak Penn,22170,30495,8325
Antun Vrdoljak,2494,10810,8316
Jordan Downey,27400,35710,8310
Jerzy Skolimowski,2050,10350,8300
Osman Sinav,4413,12701,8288
Jian Liu,2882,11170,8288
Aaron Wolf,12809,21095,8286
Philippe Lioret,1400,9685,8285
Irwin Winkler,48020,56295,8275
Tung-Shing Yee,4735,13000,8265
Sandra Nashaat,5478,13740,8262
Ruba Nadda,4265,12520,8255
Jeffrey Schwarz,3177,11430,8253
Iñaki Dorronsoro,1810,10045,8235
Catti Edfeldt,850,9080,8230
Ross Partridge,3434,11650,8216
Vikram Bhatt,507,8720,8213
Naomi Kawase,1703,9915,8212
Jon Garcia,11523,19735,8212
Jake Paltrow,43765,51965,8200
Matthew Ninaber,3730,11930,8200
Johannes Nyholm,5845,14040,8195
Michael Costanza,5511,13695,8184
Jay Anania,381,8555,8174
Hugo Stuven,8108,16280,8172
David L. Cunningham,776,8945,8169
Liz Gill,590,8750,8160
Claude Chabrol,3117,11275,8158
Ant Horasanli,627,8780,8153
Chris Delforce,14694,22840,8146
Myriam Aziza,1615,9760,8145
Mark Murphy,340,8485,8145
Anders Østergaard,1993,10131,8138
Unjoo Moon,6490,14620,8130
Manouchehr Hadi,616,8738,8122
Benjamin Dickinson,3319,11435,8116
Leila Conners,318,8425,8107
Er Cheng,2153,10255,8102
Tinto Brass,23625,31725,8100
David Caffrey,10885,18980,8095
Troy Byer,1680,9771,8091
Andrew Bush,7729,15820,8091
Kristoffer Tabori,895,8975,8080
Tristan Séguéla,3445,11520,8075
Rumle Hammerich,3795,11865,8070
Richard Linklater,117725,125795,8070
Aron Lehmann,3165,11235,8070
Antonio Tublen,2704,10770,8066
Sophie Letourneur,459,8520,8061
Fernando Colomo,1751,9812,8061
Erin Lee Carr,9220,17270,8050
Ha Yoo,2446,10485,8039
Thirumala Kishore,5101,13130,8029
Sam Pollard,824,8850,8026
Diego Hallivis,7418,15425,8007
Darin Ferriola,1884,9885,8001
Sam Macaroni,4871,12865,7994
Stéphane Lafleur,3400,11385,7985
Lukasz Palkowski,3806,11775,7969
Ashok Nanda,5712,13680,7968
Ariel Zeitoun,1269,9230,7961
Konstantin Statskiy,1205,9165,7960
Laurent Cantet,3471,11405,7934
Michal Marczak,1386,9315,7929
Deepak Sareen,3013,10935,7922
Randall Cole,3257,11160,7903
Ognjen Glavonic,1012,8905,7893
James C.E. Burke,1165,9055,7890
Werner Herzog,3655,11537,7882
Dev Benegal,904,8785,7881
Steven Schachter,10600,18475,7875
Gregory Orr,690,8565,7875
Anders Refn,921,8795,7874
Jane Simpson,1175,9030,7855
Nick Cohen,6139,13990,7851
Grímur Hákonarson,510,8345,7835
Jeo Baby,1223,9055,7832
Vadim Shmelyov,1635,9450,7815
Hafsteinn Gunnar Sigurðsson,3170,10972,7802
Kei Kumai,243,8040,7797
Tosca Musk,4177,11966,7789
Sandra Sciberras,1455,9235,7780
Brian Brough,4003,11763,7760
Marcel Sarmiento,3523,11280,7757
Stephen Bradley,1480,9225,7745
Robert A. Masciantonio,2265,10005,7740
Stephan Elliott,5770,13490,7720
Benson Lee,1871,9570,7699
Gael García Bernal,9215,16890,7675
Aaron Woodley,3790,11450,7660
Zara Hayes,30684,38335,7651
Alison Ellwood,1030,8680,7650
Rajko Grlic,8232,15880,7648
Tate Steinsiek,970,8615,7645
Prakash Jha,2938,10570,7632
Todd Stephens,9055,16675,7620
Damion Dietz,834,8435,7601
Mickey Keating,2317,9916,7599
Rafael Eisenman,1280,8875,7595
James Felix McKenney,1546,9140,7594
Yong-ho Son,4080,11660,7580
Kyle Rideout,3310,10890,7580
Dieter Berner,106,7670,7564
Jonathan Glendening,3776,11330,7554
Aleksey Balabanov,3750,11300,7550
Jaime Eliezer Karas,5926,13465,7539
Arnaud Lemort,5085,12605,7520
Alê Abreu,30576,38095,7519
Philip J. Cook,1545,9060,7515
Atul Sabharwal,22425,29935,7510
Edoardo Leo,1870,9347,7477
Linda Shayne,2832,10300,7468
Alessio Liguori,1610,9065,7455
Marcello Cesena,830,8261,7431
Shiva Nirvana,19265,26690,7425
Giacomo Campiotti,1175,8595,7420
Richie Mehta,11140,18548,7408
Harish Shankar,4429,11835,7406
Yang Lu,3794,11195,7401
Park Jin-Pyo,505,7890,7385
François Velle,905,8290,7385
J.C. Chandor,725870,733240,7370
Gergely Fonyó,1499,8867,7368
Karl Golden,1104,8470,7366
Rami Imam,6884,14236,7352
Karl Mueller,22045,29395,7350
Stefan Westerwelle,600,7945,7345
Michael Noer,567,7910,7343
Donatella Maiorca,1565,8905,7340
Pat O'Connor,1285,8620,7335
Martin Schreier,3439,10765,7326
Takahiro Imamura,3865,11160,7295
Andrzej Zulawski,3695,10980,7285
Marcus Mizelle,19023,26305,7282
Nikolaus Leytner,2796,10070,7274
Andrei Ujica,940,8205,7265
Naoko Ogigami,2525,9790,7265
Michael Schroeder,1355,8620,7265
Xiaozhi Rao,2815,10075,7260
Yeon-woo Lee,2315,9555,7240
Gregory Dark,1151,8375,7224
Marcin Koszalka,172,7395,7223
Denys Arcand,14180,21400,7220
Letia Clouston,1864,9071,7207
Alfons Adetuyi,4997,12200,7203
Abdelhamid Bouchnak,1853,9045,7192
Amanda Gusack,5201,12385,7184
Jennifer M. Kroot,720,7900,7180
Robert Stone,2559,9735,7176
Ethan Hawke,11090,18265,7175
Emily Atef,575,7745,7170
Gitta Gsell,80,7250,7170
Ahmad Reza Darvish,56,7225,7169
Edgar Reitz,545,7710,7165
Prem,1227,8390,7163
Philip Yung,5134,12295,7161
Marc Silver,2760,9920,7160
Yen Tan,5450,12610,7160
Mostafa Kiaei,2122,9280,7158
Salvador Simó,5103,12255,7152
Saeed Soheili,214,7359,7145
Carine Tardieu,2733,9870,7137
Salvador García Ruiz,758,7890,7132
Dominic Savage,5185,12305,7120
Payman Maadi,10344,17460,7116
Maziar Miri,627,7740,7113
Syamsul Yusof,775,7880,7105
Haylar Garcia,2271,9370,7099
Kushan Nandy,5229,12325,7096
Ian Mune,635,7730,7095
Gavin Grazer,28512,35605,7093
Simon Hunter,6610,13700,7090
Erik Fleming,950,8035,7085
Caroline Suh,29663,36745,7082
Reverge Anselmo,2903,9985,7082
Ui-Seok Kim,257,7335,7078
Paolo Barzman,215,7290,7075
Sinan Akkus,2340,9395,7055
David Lee Miller,5170,12220,7050
Mohamed Khan,743,7790,7047
Radu Mihaileanu,630,7675,7045
Michael Mohan,28758,35795,7037
Sudabeh Mortezai,168,7205,7037
Miwa Nishikawa,2192,9215,7023
D.W. Young,3630,10640,7010
Jay Lee,2786,9785,6999
Hervé Martin-Delpierre,7075,14065,6990
Vanessa Jopp,2085,9070,6985
Jean-Luc Godard,8015,14995,6980
Mohamed Diab,24065,31020,6955
Kirby Dick,8615,15565,6950
William Nicholson,24135,31075,6940
Robert Kurtzman,6475,13415,6940
Guy Goossens,755,7680,6925
Joey Curtis,1730,8655,6925
Rodrigo Sepúlveda,575,7485,6910
Miguel Martí,1327,8215,6888
Kiyoshi Kurosawa,2370,9255,6885
Venu Sriram,8235,15115,6880
Sandra Wollner,380,7255,6875
Pedro Costa,5505,12370,6865
Ramesh Varma,1577,8435,6858
Steve Gukas,1847,8695,6848
Steve Gomer,2906,9745,6839
Guido Chiesa,425,7250,6825
Deepak Tijori,1899,8720,6821
Rowan Athale,21235,28045,6810
Vincent Zhou,1750,8560,6810
Salomé Breziner,1675,8470,6795
Eoin Macken,237,7030,6793
Wayne Isham,1040,7830,6790
Dave Schram,7437,14225,6788
Shane Ryan-Reid,6036,12819,6783
Attila Till,12506,19280,6774
Daniel Monzón,5210,11970,6760
Olivier Masset-Depasse,3296,10030,6734
Matt Wolf,4067,10795,6728
Christian Vincent,5340,12055,6715
Peter A. Dowling,17460,24175,6715
Kôji Morimoto,10225,16935,6710
Naganna,296,6991,6695
Antonio Hens,3055,9729,6674
Nicolette Krebitz,1464,8130,6666
Shane Meadows,6944,13605,6661
Denis Côté,890,7540,6650
Wolfgang Becker,1015,7660,6645
Charlie Steeds,1370,8005,6635
Daming Chen,374,7005,6631
Matthew Holmes,5109,11730,6621
Ron Morales,1939,8535,6596
Sam Garbarski,2310,8895,6585
Rakesh Ranjan Kumar,5542,12115,6573
Gavin Lin,253,6825,6572
Gary Wang,1570,8135,6565
Mark Hartley,23490,30055,6565
Andrew Gilbert,2435,9000,6565
Petr Jákl,4685,11250,6565
Abhishek Kapoor,69469,76020,6551
Gustavo Ron,2664,9210,6546
Shinji Takamatsu,4894,11415,6521
Yu-Hsun Chen,3020,9540,6520
Vyacheslav Ross,5412,11925,6513
Yu-Chieh Cheng,178,6690,6512
Antonio Morabito,2090,8595,6505
Kar Lok Chin,740,7235,6495
Oles Sanin,10938,17420,6482
Nils Tavernier,809,7290,6481
Roni Ezra,26024,32505,6481
Reg Traviss,4995,11460,6465
Eric Eason,7291,13750,6459
José Luis Cuerda,948,7405,6457
Markus Goller,23426,29875,6449
Arnaud des Pallières,388,6835,6447
Megan Freels Johnston,5998,12445,6447
Steve Taylor,11628,18066,6438
Mariana Rondón,5751,12180,6429
Eugene Ashe,25927,32350,6423
Masayuki Suzuki,4938,11360,6422
Scott S. Anderson,12830,19250,6420
Frederikke Aspöck,1680,8095,6415
David Arquette,25702,32115,6413
Craig Goodwill,2620,9015,6395
Tuva Novotny,5825,12220,6395
Hyung-rae Shim,225,6610,6385
Adam Rifkin,18195,24575,6380
Curtis Vowell,2570,8950,6380
Serge Bozon,1926,8300,6374
Egidio Coccimiglio,9616,15990,6374
John Ward,1233,7605,6372
Anton Bormatov,5320,11690,6370
Ramesh Sippy,2540,8885,6345
Juan Reina,67,6400,6333
Michael Mongillo,928,7244,6316
J.Q. Lee,3405,9720,6315
Pierre-François Martin-Laval,2780,9095,6315
Francesco Rosi,2850,9160,6310
Inés París,1545,7855,6310
Sébastien Lifshitz,985,7295,6310
John Laing,575,6873,6298
Elie Wajeman,2885,9180,6295
Constantin Werner,4766,11060,6294
S.V. Krishna Reddy,347,6639,6292
Cédric Kahn,393,6675,6282
Marcel Walz,1105,7385,6280
A. Taner Elhan,8172,14452,6280
Oliver Hockenhull,284,6555,6271
Xavier Giannoli,3085,9340,6255
Hervé Renoh,2730,8975,6245
Paul Munger,2840,9070,6230
Ursula Macfarlane,9816,16040,6224
Ivan Zuccon,3395,9609,6214
Dharani,5298,11511,6213
Dan T. Hall,4341,10550,6209
Jae-gon Son,2911,9110,6199
Heung-sun Jeong,615,6810,6195
Christian Schwochow,1021,7215,6194
Clenet Verdi-Rose,1874,8065,6191
Stefan Liberski,4944,11120,6176
Reza Mirkarimi,530,6705,6175
Julian Kemp,2120,8288,6168
Cathy Garcia-Sampana,768,6935,6167
Adam Salky,22450,28610,6160
Rich Mallery,5894,12050,6156
Midi Z,475,6630,6155
Gustavo Pizzi,2253,8400,6147
Ning Hao,1942,8085,6143
Eric Colley,11390,17530,6140
Hans Steinbichler,2086,8225,6139
Christopher Cantwell,9283,15405,6122
Malek Afsari,602,6715,6113
Leslie Greif,9055,15165,6110
Cherie Nowlan,3685,9795,6110
Frank Coraci,450,6555,6105
Robinson Devor,2918,9013,6095
Pirjo Honkasalo,220,6315,6095
Kook-Hee Choi,1405,7500,6095
Gippy Grewal,8655,14745,6090
John Bradshaw,905,6995,6090
Tom Donahue,3342,9430,6088
Harold Becker,137775,143855,6080
Aleksander Nordaas,24827,30900,6073
Bernie Rao,9159,15225,6066
Muayad Alayan,520,6585,6065
Susan Seidelman,4783,10845,6062
Sanaa Hamri,72375,78430,6055
Claudia Hoover,404,6455,6051
Jonathan Wright,5350,11380,6030
Lola Doillon,2113,8140,6027
Mattias Löw,341,6363,6022
Willard Carroll,4370,10390,6020
Joel Viertel,21640,27660,6020
Christopher Denham,24300,30315,6015
Alexis Alexiou,2845,8860,6015
Tim Brown,3865,9870,6005
José Pepe Bojórquez,1945,7945,6000
Richard Lowry,456,6455,5999
Péter Engert,2007,8005,5998
Larry Fessenden,3819,9810,5991
Daniele Vicari,2965,8956,5991
Tarik Saleh,40625,46615,5990
George Sluizer,1230,7220,5990
Conor McMahon,11705,17695,5990
Jon Hewitt,1120,7100,5980
Piotr Szkopiak,4276,10255,5979
Harold Cronk,7035,13011,5976
Cédric Jimenez,61540,67510,5970
P.J. Castellaneta,2122,8090,5968
Icíar Bollaín,4240,10205,5965
Derek Jarman,5685,11636,5951
Shyam Benegal,4058,10005,5947
Fruit Chan,417,6360,5943
Martha Stephens,4343,10285,5942
Louis-Julien Petit,2145,8085,5940
Gaurav Seth,364,6300,5936
Ji-Yeong Hong,2325,8245,5920
Fina Torres,1955,7870,5915
Scott Cooper,474270,480180,5910
Tony Ayres,1528,7425,5897
John McKay,19815,25705,5890
Brenton Spencer,2860,8750,5890
Daniel Nolasco,600,6480,5880
Harmesh Malhotra,447,6323,5876
Lori Petty,23592,29465,5873
Ryôta Nakano,1125,6990,5865
Agustin,648,6510,5862
Anne Zohra Berrached,3080,8935,5855
Tetsuya Nakashima,1150,7005,5855
Charles McDougall,3535,9390,5855
Harvey Kahn,3735,9580,5845
Clement Virgo,1180,7015,5835
Liang Zhao,248,6075,5827
Maria Ramos,95,5919,5824
Dong-won Kim,3090,8895,5805
Nick Broomfield,5272,11070,5798
Prabu Solomon,294,6091,5797
Alex McAulay,23217,29010,5793
Barra Grant,1665,7450,5785
Anca Damian,1020,6800,5780
Pupi Avati,758,6528,5770
Dana Ziyasheva,8859,14625,5766
Danny Roew,1490,7255,5765
Jonas Carpignano,8965,14730,5765
Angela Schanelec,250,6010,5760
Sooni Taraporevala,1920,7675,5755
Hari Sama,1415,7160,5745
Ye Lou,489,6230,5741
Marie Kreutzer,1265,7005,5740
Filip Renc,1955,7693,5738
Jon Wright,32735,38460,5725
Konstantin Maksimov,4240,9955,5715
Herman Yau,745,6456,5711
Shashilal K. Nair,12127,17837,5710
Cao Hamburger,3950,9650,5700
Simon Napier-Bell,1310,7010,5700
Cheol-ha Lee,2885,8580,5695
Tim Kirkman,4225,9905,5680
Marco Dutra,5305,10985,5680
Madeleine Olnek,1538,7215,5677
Ira Sachs,4325,9995,5670
Joost van Ginkel,3365,9030,5665
Kan Eguchi,8557,14215,5658
Steven Hentges,22803,28460,5657
Marius Holst,3490,9145,5655
Toshiya Shinohara,2380,8031,5651
Volodymyr Tykhyy,296,5940,5644
John Asher,5475,11115,5640
Griff Furst,4480,10120,5640
Guillaume Senez,2440,8070,5630
David Batty,5210,10840,5630
Dylan Pearce,442,6070,5628
Peter Ho-Sun Chan,1631,7250,5619
Angga Dwimas Sasongko,705,6324,5619
Nigel Finch,3100,8700,5600
Åke Lindman,1710,7308,5598
John Mackenzie,8270,13860,5590
Niall Heery,1375,6955,5580
Anthony Bawn,8899,14475,5576
Park Sang-hyun,3747,9315,5568
Vipul Mehta,2067,7635,5568
Fabien Constant,3395,8955,5560
Travis Betz,3365,8922,5557
Rob Diamond,280,5835,5555
Saeed Roustayi,88130,93680,5550
Dan Ireland,20235,25785,5550
Miguel Gomes,2310,7858,5548
Sheldon Wilson,1210,6745,5535
Akira Nagai,2320,7850,5530
Giorgio Diritti,3100,8630,5530
Niall Johnson,2355,7885,5530
Joseph Graham,9040,14570,5530
Kevin Barker,3921,9450,5529
Edward Drake,3804,9330,5526
Annette K. Olesen,3705,9230,5525
Ulrich Seidl,785,6310,5525
Jean-Paul Ouellette,350,5860,5510
Mark Kidel,133,5640,5507
Riccardo Milani,1867,7365,5498
DJ Pooh,18520,24013,5493
Rody Claude,575,6065,5490
Megan Simpson Huberman,4418,9905,5487
Mikhail Ptashuk,185,5671,5486
Bill Morrison,5300,10785,5485
John Hay,2160,7645,5485
Tom Nagel,8285,13755,5470
Steve Rahaman,314,5760,5446
Carl Reiner,14995,20435,5440
Annie Goldson,1634,7070,5436
Sebastian del Amo,1040,6475,5435
Chinonye Chukwu,21823,27245,5422
Alki David,4665,10085,5420
Sung-hee Jo,1315,6730,5415
Axel Sand,6725,12140,5415
Marco Amenta,314,5729,5415
Nadav Schirman,455,5866,5411
Frank Hall Green,21699,27110,5411
Jenõ Hódi,1670,7075,5405
Siddique,5657,11060,5403
Matthias Dinter,9486,14880,5394
Luke Korem,4394,9785,5391
Miranda Bailey,4274,9665,5391
Todd Sheets,706,6089,5383
Shinsuke Sato,15420,20800,5380
Craig Clyde,1180,6560,5380
Guy Moshe,4630,10005,5375
Thierry Donard,180,5555,5375
Johnny Kalangis,4068,9440,5372
Jang Sun-woo,615,5980,5365
Márta Mészáros,1295,6655,5360
Ben Cookson,4105,9460,5355
Dae Hyung Lim,420,5775,5355
Alan Brown,9040,14390,5350
Milind Rau,8095,13445,5350
Franck Phelizon,3791,9140,5349
Albert Serra,1680,7025,5345
Tae-gyun Kim,465,5805,5340
Tony Chan,835,6175,5340
Nico Mastorakis,9005,14344,5339
Rustam Mosafir,8457,13795,5338
Geethu Mohandas,5805,11135,5330
Marek Koterski,2740,8060,5320
Véra Belmont,510,5825,5315
Gilles Béhat,1830,7140,5310
Denis Delic,6920,12230,5310
Aleksey Shaparev,409,5715,5306
D.J. Viola,21260,26565,5305
Pedro Aguilera,1195,6480,5285
David Petrucci,1561,6845,5284
Daniel Farrands,9375,14659,5284
Jay Dahl,1756,7030,5274
Raymond Martino,433,5705,5272
Justin Steele,4105,9375,5270
Alex Kendrick,23370,28640,5270
Sergey Loznitsa,1055,6320,5265
Todd Rohal,3020,8276,5256
Mangesh Hadawale,1598,6850,5252
Gianfranco Rosi,1369,6620,5251
Carlo Gabriel Nero,1505,6755,5250
Christopher Menaul,3025,8265,5240
James Merendino,770,6000,5230
Osamu Dezaki,5515,10740,5225
Thodoris Atheridis,5630,10845,5215
Klaus Händl,335,5540,5205
Toby Russell,601,5805,5204
Tim Trachte,2752,7951,5199
Bob Byington,222,5420,5198
Ben Pickering,3179,8375,5196
Michael Blieden,34258,39453,5195
Victor Vu,796,5990,5194
Asako Hyuga,1438,6620,5182
Ron Carlson,2114,7295,5181
Tara Miele,4590,9755,5165
Kyu-sung Jang,1424,6585,5161
Andrew van den Houten,10345,15505,5160
Jacques Doillon,2083,7215,5132
Oskar Roehler,511,5640,5129
Richard Lanni,7728,12850,5122
Jonás Trueba,2752,7855,5103
Stefano Mordini,1210,6313,5103
Josef Rusnak,1712,6805,5093
Jason Alexander,2775,7860,5085
Joji Matsuoka,500,5580,5080
Chris Eigeman,9625,14705,5080
Eugene Jarecki,1300,6380,5080
André van Duren,929,6005,5076
Diego Kaplan,3744,8815,5071
Maximiliano Contenti,7717,12785,5068
Michelle Schumacher,3940,9000,5060
Robert Cary,5663,10720,5057
Daniele Luchetti,2054,7110,5056
Simon Pummell,3153,8201,5048
Erik Peter Carlson,2190,7235,5045
Helena Coan,7950,12990,5040
Jerry Rothwell,696,5730,5034
Dzintars Dreibergs,20219,25250,5031
Emmanuel Finkiel,1905,6930,5025
Richard John Taylor,337,5360,5023
Alain Gomis,750,5765,5015
Morshedul Islam,2963,7976,5013
Pandiraj,3659,8670,5011
Karin Fahlén,3800,8810,5010
Philip Ridley,46890,51900,5010
Rachel Mason,20127,25130,5003
Cameron Labine,3894,8890,4996
Rohit Jugraj,3072,8065,4993
Carlos Therón,4745,9735,4990
Thomas Napper,10797,15785,4988
Sherif Arafa,3597,8582,4985
Kyoko Miyake,1606,6590,4984
Dan Castle,3722,8705,4983
Mai Masri,522,5500,4978
William Riead,620,5595,4975
Princeton Holt,1090,6060,4970
Alexis Dos Santos,7955,12920,4965
Sturla Gunnarsson,1123,6088,4965
John Miller,1620,6580,4960
Pascale Bailly,7607,12565,4958
Waymon Boone,4395,9350,4955
Justin Russell,618,5566,4948
Dmitriy Grachev,1869,6815,4946
Roschdy Zem,4270,9205,4935
Claudio Cupellini,6525,11460,4935
David Gebroe,7701,12635,4934
Dmitriy Meskhiev,335,5264,4929
Andrew Dosunmu,4396,9310,4914
Huân Vu,3936,8850,4914
Danielle Arbid,705,5605,4900
Pierre Schoeller,2830,7730,4900
Clive Gordon,1414,6310,4896
Javier Ruiz Caldera,16195,21090,4895
Keoni Waxman,695,5580,4885
Jeff Stanzler,2815,7695,4880
Thomas Clay,4294,9170,4876
Juraj Herz,588,5460,4872
Martin Lund,1320,6190,4870
Josh Greenbaum,8645,13515,4870
Satoshi Kon,482785,487650,4865
Ibolya Fekete,1040,5905,4865
Chris Mason Johnson,3811,8675,4864
Mani Shankar,6945,11803,4858
Ryan Gregory Phillips,7398,12250,4852
Paolo Virzì,3360,8210,4850
Matthew Newton,1661,6510,4849
Lukasz Karwowski,350,5192,4842
Paul Nicholas,440,5280,4840
Randa Haines,29635,34470,4835
Metin Hüseyin,4287,9120,4833
Jason Wingard,1503,6335,4832
Álvaro Fernández Armero,2985,7815,4830
Hsin-yao Huang,5007,9815,4808
Pierre Monnard,294,5100,4806
K.C. Bascombe,1495,6300,4805
Ludovico Di Martino,19356,24160,4804
Sam Loh,2275,7075,4800
Graham Hughes,3362,8155,4793
Oleg Fomin,4172,8965,4793
Hanu Raghavapudi,3680,8470,4790
Sreenu Vaitla,672,5462,4790
Constantin Popescu,2404,7190,4786
Owen Egerton,15559,20335,4776
Sooraj R. Barjatya,113055,117830,4775
Óskar Thór Axelsson,21825,26590,4765
Mijke de Jong,182,4947,4765
Peter Richardson,8285,13045,4760
Krishna Vamsi,1265,6023,4758
Roger Roth,2098,6850,4752
Jerrold Tarog,195,4945,4750
Estela Renner,336,5080,4744
Kim Tae-yong,1885,6626,4741
S Krishna,7281,12015,4734
Elisa Fuksas,1030,5763,4733
Tom Waller,1263,5990,4727
Che Sandoval,1049,5775,4726
Brad Osborne,4941,9665,4724
Masaya Fujimori,4815,9539,4724
Hernán Jiménez,1202,5915,4713
Federico Zampaglione,1730,6420,4690
Catherine Breillat,1770,6460,4690
Michael Steinberg,12495,17185,4690
Ron Yuan,7094,11780,4686
Hong Khaou,6958,11640,4682
Emmanuelle Bercot,2885,7565,4680
Patrick McManus,1565,6245,4680
David Schurmann,4235,8915,4680
Elbert van Strien,7255,11935,4680
Dante Lam,553,5225,4672
Yôichi Sai,920,5580,4660
Lorena David,680,5340,4660
Jun'ya Satô,441,5094,4653
Marleen Gorris,915,5565,4650
Thor Klein,4267,8915,4648
Sajin Baabu,1455,6100,4645
Kianoush Ayari,591,5235,4644
Robin Bain,34955,39584,4629
Dominik Graf,1840,6468,4628
Peter Mimi,2477,7105,4628
Krzysztof Lukaszewicz,3043,7670,4627
Gustav Deutsch,436,5060,4624
Nihat Durak,7494,12115,4621
Jeremiah Kipp,2306,6915,4609
Richard Sears,21990,26590,4600
Ferdi Egilmez,39620,44220,4600
Julian Fellowes,23290,27885,4595
Emma Dante,3290,7885,4595
Ivan Calbérac,3185,7780,4595
Yannis Sakaridis,4006,8590,4584
Matty Rich,3335,7910,4575
Tae-hwa Eom,7109,11675,4566
Minhal Baig,10590,15155,4565
John Dower,6575,11140,4565
Tianyu Zhao,1552,6110,4558
Pratibha Parmar,4663,9219,4556
Daniela Goggi,8867,13420,4553
Gianni Zanasi,290,4835,4545
Matthew Thompson,1695,6240,4545
Dong-seok No,535,5075,4540
Patricio Guzmán,130,4665,4535
Filip Bajon,392,4915,4523
Stewart Sparke,6965,11475,4510
Karaan Guliani,7555,12055,4500
Winfried Bonengel,3265,7765,4500
Geoff Bennett,105,4600,4495
Massimiliano Cerchi,769,5255,4486
Ina Weisse,2205,6690,4485
John Hazlett,3568,8050,4482
Jesper W. Nielsen,856,5335,4479
Murray Fahey,229,4705,4476
Matthias Glasner,568,5040,4472
Woon-hak Baek,7070,11540,4470
Fangfang Li,1556,6020,4464
Orson Welles,4535,8998,4463
Blake Freeman,11170,15630,4460
Henning Carlsen,1198,5655,4457
Frazer Bailey,2632,7080,4448
Shin'ichirô Sawai,96,4525,4429
Sean Hanish,4116,8545,4429
Colin Teague,8809,13235,4426
Biket Ilhan,352,4776,4424
Henrik Martin Dahlsbakken,585,5008,4423
Richard Clabaugh,7100,11520,4420
Sohail Khan,10699,15115,4416
John Reign,294,4708,4414
Juana Macías,1820,6233,4413
Hyuk Byun,2072,6480,4408
Philippe Le Guay,1670,6075,4405
Dan Sallitt,419,4800,4381
Yoo-jin Kim,91,4470,4379
Dana Budisavljevic,3371,7745,4374
Borja Cobeaga,10955,15320,4365
Nathaniel Atcheson,3540,7905,4365
Enzo Monteleone,913,5261,4348
Rolf Schübel,165,4510,4345
Elio Espana,585,4930,4345
Jamie Thraves,7327,11671,4344
Olivier Abbou,12085,16425,4340
Takuya Igarashi,6678,11015,4337
Alison Murray,13426,17752,4326
Gil Cates Jr.,1789,6105,4316
Lawrie Brewster,5235,9550,4315
Derek Hockenbrough,1467,5775,4308
Jeroen Krabbé,15015,19315,4300
Pema Tseden,545,4845,4300
Davide Manuli,3385,7680,4295
Wesley Emerson,446,4740,4294
Mark Mann,17359,21650,4291
Masoud Atyabi,1392,5676,4284
Bryan Poyser,877,5160,4283
Jang-ha Ryu,1730,6010,4280
Milko Lazarov,3525,7800,4275
Nicole Garcia,1050,5320,4270
Tyler Russell,993,5260,4267
Alonso Ruizpalacios,25635,29900,4265
Sylvia Chang,854,5115,4261
Alin Bijan,2045,6305,4260
Leone Marucci,17083,21340,4257
Shem Bitterman,165,4420,4255
Deepa Mehta,700,4950,4250
Gary Michael Schultz,7401,11645,4244
Joshua Caldwell,13104,17345,4241
Andrey Bogatyrev,6700,10930,4230
Daniele Misischia,6464,10690,4226
Jis Joy,4060,8285,4225
Gerardo Herrero,835,5055,4220
Birger Larsen,1760,5975,4215
Gidi Dar,6443,10655,4212
Takahiro Miki,4640,8850,4210
Patrick Dewolf,1330,5540,4210
Andrea Pallaoro,2865,7075,4210
Richard Robbins,2210,6415,4205
G.J. Echternkamp,1970,6175,4205
Robert Fernandez,154,4355,4201
Lech Majewski,1515,5715,4200
Katsuhiro Ôtomo,1725,5925,4200
Marilyn Agrelo,17770,21965,4195
Andrea Dorfman,1575,5765,4190
Lee Han,10690,14880,4190
Claude Lelouch,2910,7100,4190
Emin Alper,19805,23990,4185
Robert Guédiguian,526,4710,4184
Yoshihiro Nakamura,1177,5359,4182
Jamaal Burden,1470,5650,4180
Alejandro Fadel,1210,5390,4180
Balázs Lóth,16953,21130,4177
Yulene Olaizola,1390,5560,4170
Vishal Pandya,5097,9265,4168
Eric Nicholas,16813,20980,4167
Julia Solomonoff,1640,5805,4165
Maria Sødahl,8786,12950,4164
Dirk Shafer,1740,5900,4160
Claudio Noce,2056,6210,4154
Mike Schaerer,3488,7640,4152
Senol Sönmez,6234,10385,4151
V.K. Prakash,456,4603,4147
Sasa Gedeon,1345,5490,4145
Jong-kwan Kim,529,4670,4141
Édouard Molinaro,3220,7355,4135
Ibrahim El-Batout,1815,5948,4133
Ji-young Boo,1603,5735,4132
Alessandro Aronadio,935,5064,4129
Fokion Bogris,810,4930,4120
Agnès Obadia,3552,7670,4118
V.V. Vinayak,8834,12951,4117
Nurbek Egen,535,4645,4110
Marcus Lindeen,1145,5250,4105
Peter Lindmark,7184,11280,4096
Kamil Aydin,2173,6265,4092
Marc Evans,428,4517,4089
Josephine Bornebusch,1550,5635,4085
Michael Tully,4667,8750,4083
Sang-Hyo Yook,429,4510,4081
Allan Harmon,3890,7970,4080
Kim Hong Sun,4425,8505,4080
Mathieu Weschler,3048,7125,4077
Mathias Ledoux,1985,6060,4075
John Edginton,143,4200,4057
Salvador Espinosa,3374,7430,4056
Felipe Joffily,2840,6896,4056
Iren Koster,3220,7275,4055
Joshiy,2936,6990,4054
Brad Michael Elmore,3060,7105,4045
Christopher Papakaliatis,42140,46185,4045
Frank Krom,1915,5960,4045
Giorgio Bruno,385,4420,4035
Mary Mazzio,239,4272,4033
Niki Karimi,1005,5035,4030
Jeremy LaLonde,1560,5590,4030
Sion Sono,831,4860,4029
Mehdi Karampour,1203,5231,4028
Zalman King,9385,13410,4025
Adam Egypt Mortimer,14145,18165,4020
Dae-gyu Kang,4370,8385,4015
Sérgio Graciano,1226,5240,4014
Hiroyuki Imaishi,22170,26180,4010
Bobcat Goldthwait,28335,32344,4009
Luis Javier Henaine,8833,12835,4002
Laurent Boutonnat,5385,9385,4000
Kwang-hoon Lee,377,4375,3998
Daniel Adams,935,4932,3997
Leonie Krippendorff,2269,6265,3996
Greg Huson,6088,10080,3992
Christopher M. Bessette,1160,5150,3990
Yun-su Jeon,590,4575,3985
Kung-Lok Lee,674,4650,3976
Giedre Zickyte,1260,5235,3975
Olivia M. Lamasan,392,4365,3973
Jôji Iida,205,4175,3970
Isabel Sandoval,589,4555,3966
Ali F. Mostafa,7120,11085,3965
Paddy Breathnach,6931,10895,3964
Bobby Boermans,5380,9341,3961
Ho-Young Kwon,2405,6365,3960
Paprika Steen,4260,8220,3960
Rosshan Andrrews,6067,10022,3955
Leslie Iwerks,1410,5360,3950
Chava Cartas,2159,6107,3948
Samit Kakkad,1047,4990,3943
Hao Zhou,428,4370,3942
Tigran Keosayan,2031,5970,3939
Daniel Burman,2248,6185,3937
Erich Hörtnagl,1295,5230,3935
Manousos Manousakis,5965,9895,3930
Peter Daskaloff,800,4730,3930
Padraig Reynolds,11540,15465,3925
John L'Ecuyer,901,4821,3920
Michal Wegrzyn,126,4040,3914
James Cotten,8438,12343,3905
Vi Anand,4301,8205,3904
Thom Zimny,2259,6160,3901
Mark de Cloe,2463,6362,3899
Eva Husson,10283,14175,3892
Jérôme Bonnell,2215,6105,3890
Ron Oliver,1045,4935,3890
Paul Borghese,448,4330,3882
Ivan Ostrochovský,1100,4975,3875
Michiel ten Horn,4715,8589,3874
Colette Burson,9210,13080,3870
Wai-Man Yip,1481,5350,3869
Mohsen Amiryoussefi,2165,6034,3869
Jared Cohn,352,4220,3868
Fien Troch,2435,6300,3865
Coz Greenop,3660,7525,3865
Silas Howard,15632,19495,3863
Craig Bolotin,15920,19780,3860
Kenneth Castillo,125,3985,3860
Camille Delamarre,220820,224675,3855
Nils Malmros,2625,6475,3850
Andrey Malyukov,381,4230,3849
Dustin Rikert,908,4750,3842
Maïwenn,3021,6860,3839
Avi Belkin,1157,4995,3838
Kunle Afolayan,1418,5255,3837
Dominique Monfery,1215,5050,3835
Curtis Radclyffe,1885,5720,3835
Julius Sevcík,1496,5330,3834
Sasi Shankar,464,4291,3827
Kang-sheng Lee,1725,5550,3825
Lun Su,2595,6420,3825
Suzi Yoonessi,6320,10135,3815
Arto Halonen,64,3879,3815
Ali Mosaffa,3662,7475,3813
Sundar C.,1154,4955,3801
Jordi Llompart,1915,5715,3800
Lucie Borleteau,4550,8345,3795
Sophie Hyde,7705,11495,3790
Wolfgang Groos,890,4680,3790
Michael W. Watkins,7578,11366,3788
Carol Morley,7160,10945,3785
Stu Pollard,2875,6655,3780
Akiz,12144,15915,3771
Ryan White,10580,14340,3760
Simon Aeby,1631,5390,3759
Marcio Garcia,5460,9215,3755
Evan Oppenheimer,1463,5210,3747
Marc Clebanoff,977,4723,3746
Antonio Chavarrías,499,4235,3736
Ben Hozie,5655,9390,3735
Yuki Tanada,690,4425,3735
Norbert ter Hall,770,4504,3734
Robert Downey Sr.,2695,6425,3730
David Lam,231,3955,3724
Dariusz Gajewski,123,3845,3722
Eddie Thomas Petersen,910,4630,3720
Giuseppe Bonito,6037,9755,3718
Selma Vilhunen,1046,4760,3714
Pavan Kirpalani,12391,16105,3714
Steve Kopera,1996,5709,3713
Harry Greenberger,2644,6355,3711
Byron Werner,1857,5565,3708
Hrvoje Hribar,5876,9580,3704
Angeliki Antoniou,151,3854,3703
Hernán Belón,1735,5435,3700
Dawn Porter,4185,7876,3691
Pavel Sanaev,1677,5365,3688
Doug Campbell,2085,5770,3685
Romain Gavras,21090,24770,3680
Jeffrey W. Byrd,777,4452,3675
Igor Legarreta,2258,5930,3672
Joel Novoa,2359,6030,3671
Shinobu Yaguchi,555,4225,3670
Ronnie Sandahl,4490,8160,3670
John Scheinfeld,4058,7727,3669
Guillaume Nicloux,49,3710,3661
Qaushiq Mukherjee,986,4647,3661
Simon Amstell,8730,12390,3660
Silvio Soldini,566,4220,3654
Mustafa Kotan,4304,7957,3653
Antonello Grimaldi,1526,5174,3648
Kevin Kerslake,3649,7295,3646
Sydney Freeland,6820,10460,3640
Witthaya Thongyooyong,6125,9765,3640
Randa Chahal Sabag,312,3950,3638
Olli Saarela,5243,8880,3637
Marc Dugain,2925,6560,3635
Matt Stuertz,8001,11635,3634
Alejandra Márquez Abella,6616,10250,3634
Pete McCormack,11526,15160,3634
Hiroyuki Nasu,2513,6140,3627
Todor Chapkanov,5020,8645,3625
Pouran Derakhshandeh,107,3730,3623
Ruud Schuurman,958,4570,3612
Lionel Steketee,2673,6285,3612
Douglas Tirola,1680,5290,3610
Marios Piperides,2446,6055,3609
Matt Farnsworth,3506,7107,3601
B. Unnikrishnan,1487,5080,3593
Timothy Greenfield-Sanders,1045,4630,3585
Isaac Ezban,21725,25310,3585
Roland Suso Richter,2825,6405,3580
Scott Teems,14645,18225,3580
Matías Gueilburt,134,3700,3566
Katia Lewkowicz,1165,4730,3565
Ramin Niami,1040,4595,3555
Hans Pool,286,3840,3554
Brett Rapkin,842,4395,3553
Doug Lodato,2463,6015,3552
Peter Callahan,2913,6465,3552
Joshua Rofé,194,3742,3548
Deane Taylor,930,4475,3545
David Sington,34645,38190,3545
Neil Jones,881,4425,3544
Alexander Eik,3598,7140,3542
Jean-François Laguionie,2650,6190,3540
Ray Yeung,4342,7880,3538
Hüseyin Tabak,622,4155,3533
Andreas Horvath,1018,4550,3532
Tatiana Huezo,935,4460,3525
Viktor Shamirov,3270,6790,3520
Matt Cooper,7075,10595,3520
Jennifer Reeder,2055,5575,3520
Kim Longinotto,70,3590,3520
Dito Tsintsadze,262,3779,3517
Osama Fawzy,1482,4998,3516
Eric Barbier,510,4025,3515
Jérémie Guez,9465,12970,3505
Rodrigue Jean,1044,4545,3501
Chuck Parello,6435,9935,3500
Joseph Sims-Dennett,1843,5335,3492
Stanley Tucci,26920,30410,3490
Fredrik Gertten,78,3565,3487
Campbell Scott,6925,10411,3486
Jason Priestley,6736,10220,3484
Peter Pau,5343,8825,3482
Ted Emery,3030,6512,3482
Julien Abraham,1740,5210,3470
Tobias Falk,14925,18395,3470
Áron Mátyássy,2031,5495,3464
Jaime Rosales,3375,6835,3460
Daniel D'Or,1475,4935,3460
Yukiko Sode,2476,5935,3459
Natalia Beristain,1130,4585,3455
Paul Goldman,4270,7725,3455
Santiago Alvarado Ilarri,2660,6110,3450
A. Dean Bell,1805,5250,3445
Rune Denstad Langlo,3297,6740,3443
Baris Pirhasan,1230,4668,3438
Santosh Sivan,3547,6985,3438
Rajiv S. Ruia,445,3881,3436
Lee Thongkham,2545,5980,3435
Carlos Rincones,670,4105,3435
Andrés Couturier,745,4170,3425
Christian James,6171,9595,3424
Pan Nalin,115,3539,3424
Udi Aloni,268,3690,3422
Bernardo Arellano,183,3605,3422
Dominga Sotomayor,3605,7025,3420
Lois Patiño,1015,4435,3420
Massoud Bakhshi,2020,5440,3420
Tahmineh Milani,526,3942,3416
Carl Strathie,18860,22275,3415
Quentin Lee,2097,5512,3415
Richard Gabai,3380,6790,3410
Lasse Spang Olsen,1128,4537,3409
Subhash Ghai,8060,11468,3408
Pritesh Chheda,2025,5425,3400
Andrew Shea,1200,4600,3400
Ramona S. Diaz,706,4105,3399
Alex Steyermark,10320,13715,3395
Ameer Sultan,10085,13477,3392
Tim van Dammen,5470,8860,3390
Catherine Cyran,2510,5900,3390
Alicia Scherson,2420,5805,3385
Mahmoud al Massad,420,3805,3385
Andrew Prowse,1120,4495,3375
Lucas Pavetto,106,3470,3364
Rafi Pitts,1000,4360,3360
Isao Yukisada,233,3591,3358
Ghorban Mohammadpour,303,3659,3356
Nicholas Winter,509,3863,3354
Praveen Sattaru,1059,4411,3352
Ross Clarke,6239,9585,3346
Yernar Nurgaliyev,905,4250,3345
Simon Phillips,6477,9819,3342
Aarón Fernández Lesur,1025,4365,3340
J.C. Falcón,1599,4935,3336
Mark Newton,297,3630,3333
Albertina Carri,561,3890,3329
Russell Owen,13467,16795,3328
Harsha,1215,4541,3326
Quan'an Wang,455,3780,3325
Mick Davis,7130,10445,3315
Stéphane Robelin,12271,15585,3314
Marina Seresesky,3795,7105,3310
Giovanni Veronesi,1880,5188,3308
Ivan Silvestrini,7835,11137,3302
Terry Green,1540,4840,3300
Thierry Binisti,2370,5670,3300
Gonzalo Calzada,381,3680,3299
Tom Thurman,485,3783,3298
Ulrich Köhler,3210,6500,3290
Michael Steves,3472,6760,3288
Joe Tornatore,535,3820,3285
Hermann Vaske,175,3460,3285
Dustin Lance Black,8636,11920,3284
Justin McCarthy,2969,6245,3276
Alex Infascelli,3559,6835,3276
Eric Bross,2055,5330,3275
Jason Robert Stephens,2313,5585,3272
Vijay Kumar Arora,1100,4370,3270
Marc Bauder,2740,6010,3270
Cosima Spender,451,3720,3269
Dominique Farrugia,2871,6140,3269
Jeanne Herry,9830,13095,3265
Irving Schwartz,740,4005,3265
Gillies MacKinnon,6630,9895,3265
Seok-hoon Lee,3049,6310,3261
Philippe Godeau,2815,6075,3260
Fabio Mollo,1450,4705,3255
Archie Borders,2431,5685,3254
Petar Lalovic,2210,5450,3240
Rune Bendixen,2610,5847,3237
Jack Ersgard,2383,5620,3237
Wonsuk Lee,2920,6155,3235
Aly Muritiba,190,3425,3235
Audrius Juzenas,90,3320,3230
Ermanno Olmi,1664,4890,3226
Fajar Bustomi,204,3428,3224
Man Kit Poon,1475,4695,3220
Jacek Lusinski,2639,5855,3216
Anahí Berneri,3595,6810,3215
Mauro Lima,779,3994,3215
Philippe Lesage,3882,7095,3213
Bruce La Bruce,1702,4905,3203
Bani Khoshnoudi,908,4110,3202
Monique Gardenberg,585,3785,3200
Hayley Cloake,3770,6970,3200
Rob Hawk,170,3365,3195
Roberto D'Antona,2694,5880,3186
Bent Hamer,4790,7975,3185
Saul Metzstein,7262,10445,3183
Albert Band,4838,8020,3182
Lorenzo Bianchini,5129,8310,3181
Michale Boganim,1435,4615,3180
Esben Storm,265,3445,3180
Kim Jin-won,2989,6165,3176
Ellen Perry,14244,17420,3176
Andrey Proshkin,1026,4198,3172
German Kral,415,3580,3165
Helle Ryslinge,424,3586,3162
Roman Coppola,25485,28645,3160
Dani de la Orden,6980,10135,3155
Geneviève Dulude-De Celles,2192,5345,3153
Tai-Kit Mak,2370,5520,3150
Chuck Workman,1735,4880,3145
Tom O'Brien,3866,7010,3144
Tamás Sas,1993,5135,3142
Sijie Dai,135,3276,3141
Tilde Harkamp,1050,4190,3140
Henry Barrial,313,3450,3137
Hermine Huntgeburth,835,3971,3136
Willem van de Sande Bakhuyzen,3047,6180,3133
Mykhailo Illienko,413,3543,3130
Pilar Miró,1348,4476,3128
Dominik Moll,35974,39100,3126
Nick Stagliano,855,3979,3124
Raymond De Felitta,2135,5255,3120
Indrajit Lankesh,411,3530,3119
Ilian Djevelekov,3993,7110,3117
Jean-Paul Civeyrac,364,3480,3116
Eric Schaeffer,21650,24765,3115
Stephan Komandarev,350,3460,3110
Gianni Amelio,5010,8120,3110
Chantal Akerman,2400,5505,3105
Mats Arehn,618,3720,3102
Todd Tucker,2470,5570,3100
Clay Liford,2949,6045,3096
Christopher Kulikowski,5739,8835,3096
Robert Mann,5121,8215,3094
Heung-sik Park,2070,5160,3090
Kyung-taek Kwak,185,3275,3090
Margus Paju,3150,6235,3085
Montxo Armendáriz,1300,4385,3085
Eiji Uchida,275,3355,3080
N. Chandra,822,3892,3070
Israel Adrián Caetano,6030,9090,3060
Achim von Borries,1115,4170,3055
Brady Hall,335,3387,3052
Nini Bull Robsahm,2702,5750,3048
Santiago Zannou,3138,6180,3042
Mike Dorsey,1629,4670,3041
Im Sang-soo,1055,4096,3041
Mitsuru Meike,121,3161,3040
Siew Hua Yeo,4587,7625,3038
Kelvin Tong,5378,8415,3037
Frederick Wiseman,578,3615,3037
Ramtin Lavafipour,395,3432,3037
David Riker,3899,6935,3036
Jeong-hoon Kim,3965,7000,3035
Jayant Paranji,1412,4447,3035
Gerry Lively,250,3284,3034
Michael S. Ojeda,17897,20925,3028
Jon Spira,4732,7750,3018
Alessandro Capone,215,3230,3015
Jake Mahaffy,861,3875,3014
Christina Rosendahl,4506,7520,3014
Manoj Shidheshwari Tiwari,2843,5855,3012
Pablo Fendrik,1580,4590,3010
Jason Lockhart,12751,15755,3004
Rikiya Imaizumi,151,3154,3003
André Klotzel,2176,5175,2999
Philip J. Jones,371,3370,2999
Thomas Robert Lee,4609,7605,2996
Soo-youn Lee,8115,11105,2990
Jay Alaimo,3565,6550,2985
Susanna Nicchiarelli,2580,5560,2980
Sergey Ginzburg,2146,5120,2974
Guillermo Iván,155,3125,2970
Dilip Mehta,892,3860,2968
John Walsh,2390,5355,2965
Matt Winn,12001,14965,2964
Lemohang Jeremiah Mosese,1588,4549,2961
Rojda Sekersöz,3360,6315,2955
Nareubadee Wetchakam,319,3270,2951
R. Scott Leisk,10993,13935,2942
Pablo Solarz,1774,4710,2936
Lauren Greenfield,10230,13165,2935
Scott McGinnis,1810,4740,2930
Naoko Yamada,11380,14310,2930
Nobuhiko Ôbayashi,1680,4610,2930
Tjebbo Penning,5710,8640,2930
Josh Hasty,4926,7855,2929
Maksim Voronkov,249,3175,2926
Robert Greene,1149,4070,2921
Joaquín Oristrell,1525,4446,2921
Edwin,1510,4430,2920
Jay Silverman,3805,6725,2920
Lonny Price,2915,5831,2916
L. Gustavo Cooper,5969,8885,2916
Ross MacGibbon,245,3155,2910
Louise Alston,1315,4225,2910
Bruno Podalydès,1876,4785,2909
Guto Parente,2223,5130,2907
Tina Adams,645,3550,2905
Christian Frosch,691,3595,2904
Håvard Bustnes,202,3105,2903
David Perrault,835,3735,2900
Austin Chick,16805,19705,2900
Seung-wook Byeon,4919,7815,2896
Je-yong Lee,2745,5640,2895
Travis Mathews,719,3613,2894
Virpi Suutari,670,3560,2890
Evgeny Ruman,350,3235,2885
Thomas Roth,505,3390,2885
Marc Gracie,91,2969,2878
Ilker Çatak,2234,5110,2876
Philip Saville,18230,21105,2875
Mathieu Amalric,740,3612,2872
Yaron Zilberman,1265,4135,2870
Chao Yang,405,3275,2870
Masato Harada,2241,5110,2869
Ken Kushner,326,3195,2869
Rustem Abdrashev,611,3480,2869
Akiko Ôku,780,3645,2865
Ivy Meeropol,1810,4675,2865
Giorgio Serafini,985,3849,2864
Jeff Broadstreet,1905,4768,2863
Rick Alverson,6114,8975,2861
Parviz Shahbazi,250,3109,2859
Bahram Beyzaie,6150,9005,2855
Kenny Young,1540,4385,2845
Tom Putnam,426,3270,2844
Shin Togashi,482,3323,2841
RP Kahl,566,3405,2839
Pau Masó,748,3585,2837
Mart Sander,1635,4472,2837
Arnon Goldfinger,4709,7545,2836
Roberto Andò,580,3415,2835
Maya Da-Rin,807,3630,2823
Aleksey Kozlov,4290,7110,2820
Nevio Marasovic,2947,5766,2819
Nina Di Majo,385,3195,2810
Cemal San,1006,3816,2810
Visar Morina,2955,5760,2805
Benjamin Ross Hayden,19145,21950,2805
Patrik-Ian Polk,2852,5655,2803
Kelsey T. Howard,4555,7355,2800
Gregor Nicholas,905,3705,2800
Filippos Tsitos,505,3305,2800
Filip Jan Rymsza,2014,4810,2796
Mila Turajlic,3535,6325,2790
Ivan Cotroneo,3505,6285,2780
Simone Spada,2272,5050,2778
Omkar,744,3519,2775
Ingrid Veninger,552,3325,2773
Patrick Mille,1617,4385,2768
Brandon Dickerson,1377,4145,2768
Michal Aviad,204,2970,2766
Sergiu Nicolaescu,1340,4106,2766
Ching-Po Wong,7680,10445,2765
Duccio Tessari,550,3310,2760
Teja,2886,5640,2754
Kari Väänänen,940,3693,2753
John Hough,1010,3760,2750
Colin McIvor,4410,7160,2750
Heikki Kujanpää,2696,5445,2749
Mark Steven Grove,894,3641,2747
Carlos Carrera,2505,5250,2745
Bojan Vuletic,1020,3760,2740
János Edelényi,4514,7250,2736
Tôru Kamei,86,2820,2734
Jong-kwan Kwon,2155,4888,2733
Ido Haar,287,3020,2733
Chris LaMartina,682,3409,2727
Ani Simon-Kennedy,4394,7120,2726
Roger Goldby,3400,6125,2725
Babak Payami,455,3180,2725
Tony Krawitz,1040,3760,2720
Sergei Popov,1956,4675,2719
Orçun Benli,3867,6585,2718
Elena Trapé,2676,5385,2709
Zeina Durra,1595,4300,2705
Dominique Choisy,260,2965,2705
Zrinko Ogresta,1111,3815,2704
Seenu Ramasamy,1048,3752,2704
Jayantha Chandrasiri,1395,4096,2701
Terry Miles,1897,4595,2698
Julia Hart,39560,42258,2698
Saawan Kumar Tak,3276,5973,2697
Mel Smith,19600,22295,2695
Arne Toonen,5230,7920,2690
Mikheil Kalatozishvili,815,3505,2690
Gjorce Stavreski,4130,6820,2690
Tobe Hooper,7820,10510,2690
Reg Harkema,1877,4560,2683
Lee Jong-pil,669,3350,2681
Joseph P. Stachura,405,3085,2680
Scott B. Hansen,2242,4920,2678
Gary J. Tunnicliffe,7760,10435,2675
Nicolas Klotz,170,2841,2671
Hideo Jôjô,485,3155,2670
Carlo Verdone,4790,7460,2670
Kôzô Kusuba,420,3090,2670
Benjamín Ávila,10804,13470,2666
Viesturs Kairiss,275,2940,2665
Nicholas Humphries,5545,8210,2665
Kazi Hayat,595,3260,2665
Robert Ginty,790,3455,2665
Abholghassem Talebi,307,2970,2663
Simon Cox,4502,7160,2658
Tessa Schram,3630,6285,2655
Sergio Manfio,440,3095,2655
James Keach,845,3500,2655
Ben Cresciman,4056,6710,2654
Mitch Jenkins,4153,6805,2652
Sonya Pemberton,745,3395,2650
Rainer Matsutani,2040,4680,2640
Matthew John Lawrence,10602,13240,2638
Tomohisa Taguchi,7027,9665,2638
Brett Bentman,661,3298,2637
Cécile Telerman,5085,7720,2635
François Favrat,2850,5485,2635
Carlo Mazzacurati,475,3107,2632
Haruhiko Arai,1960,4590,2630
Michael A. Nickles,860,3490,2630
Francis Whately,8940,11570,2630
J.T. Petty,2915,5540,2625
Jeremy Culver,2470,5095,2625
Chapman To,545,3170,2625
Ho Choi,1026,3650,2624
Mike Elliott,1900,4520,2620
Jesper Ganslandt,14790,17410,2620
Alex Wright,816,3435,2619
Karen Moncrieff,18535,21150,2615
Shimmy Marcus,2172,4784,2612
Anthony Fankhauser,4568,7180,2612
Brian Cavallaro,6941,9550,2609
Noah Buschel,2554,5162,2608
Joaquín Bissner,120,2728,2608
Steven Okazaki,4320,6925,2605
Dominic Burns,2505,5110,2605
Markku Pölönen,2340,4945,2605
Andrew Disney,5373,7975,2602
Pedro Pinho,1994,4595,2601
Kazik Radwanski,865,3460,2595
James Bird,1427,4020,2593
Ann Marie Fleming,402,2995,2593
Savvas D. Michael,14568,17160,2592
Jun'ichi Ishikawa,3253,5845,2592
Enrique Begné,1853,4441,2588
Gabriel Grieco,2005,4592,2587
Vincent Paronnaud,10549,13135,2586
Isaki Lacuesta,1409,3990,2581
Ole Christian Madsen,1494,4065,2571
Kenneth Gyang,1919,4490,2571
Chi-Keung Fung,915,3485,2570
Asif Akbar,421,2990,2569
Roman Bondarchuk,953,3520,2567
Miguel Gonçalves Mendes,5112,7678,2566
Daisuke Miura,1965,4530,2565
Kôji Fukada,185,2750,2565
Ralph Hemecker,2065,4620,2555
Vasiliy Sigarev,6445,9000,2555
Artie Mandelberg,9325,11880,2555
Peter Bebjak,390,2939,2549
Lee Friedlander,3847,6395,2548
Kyzza Terrazas,533,3080,2547
Ha Jung-woo,1175,3720,2545
Alfredo Rodriguez de Villa,3388,5932,2544
Jan Holoubek,3883,6425,2542
Margarethe von Trotta,299,2840,2541
Max Mannix,7030,9570,2540
Emmanuel Gras,1335,3875,2540
Michael Schultz,2675,5215,2540
Mumtaz Yildirimlar,172,2711,2539
Tony Villalobos,1207,3745,2538
Reshef Levi,3345,5880,2535
Michele Placido,555,3090,2535
Valerie Weiss,2266,4800,2534
Han Han,9340,11870,2530
Eva Lesmes,1060,3590,2530
Franck Ribière,3422,5950,2528
Andrew Horn,5610,8138,2528
Izuru Narushima,433,2959,2526
Erden Kiral,985,3511,2526
Asli Özge,2350,4875,2525
Vicente Ferraz,2105,4630,2525
Nizam Razak,11398,13920,2522
Sergio Martino,298,2817,2519
Natalie Johns,693,3210,2517
Steven Feder,10273,12790,2517
Barbara Miller,889,3405,2516
Stuart Simpson,1178,3694,2516
Nick Basile,10665,13180,2515
Sean Hoessli,3901,6415,2514
Andrew Goth,3790,6295,2505
Steven Hilliard Stern,280,2785,2505
Jens Jonsson,6200,8705,2505
David Wellington,786,3290,2504
Tim Disney,649,3150,2501
Dee McLachlan,522,3020,2498
Priyanandanan,145,2640,2495
Stacy Davidson,4188,6680,2492
Kieron J. Walsh,6670,9160,2490
Lee Stanley,1764,4250,2486
Oleg Pogodin,4220,6700,2480
Kevan Peterson,2155,4635,2480
Roman Prygunov,5377,7855,2478
Marc Erlbaum,10842,13320,2478
Rolando Ravello,3288,5765,2477
Greg Zglinski,1143,3620,2477
Serge Ioan Celebidachi,318,2795,2477
Aaron Schimberg,2055,4530,2475
Stefano Lodovichi,3944,6410,2466
Ian Barry,615,3080,2465
Jennifer Westcott,3866,6330,2464
Andrew Jones,1676,4140,2464
Jeremy Teicher,1340,3800,2460
Ryôichi Kimizuka,1063,3515,2452
Glen Pitre,2100,4550,2450
Kevin Carlin,2291,4735,2444
Kannan Thamarakkulam,1212,3654,2442
Juan Antin,2595,5035,2440
Kyung-jung Joo,740,3180,2440
Ara Paiaya,601,3040,2439
Léa Fehner,1595,4030,2435
Chris White,696,3130,2434
Anna Wieczur-Bluszcz,5127,7555,2428
David Albala,9773,12200,2427
Santiago Carlos Oves,349,2775,2426
Joaquim Leitão,415,2836,2421
Farah Khan,202170,204590,2420
Scott Storm,4145,6565,2420
Diane Bertrand,425,2843,2418
Lucas Santa Ana,3450,5865,2415
Blake Reigle,1060,3475,2415
Ross Kagan Marks,1185,3599,2414
Andrés Wood,2351,4765,2414
John Johnson,4487,6900,2413
Perri Peltz,823,3235,2412
Mark Sheppard,3703,6115,2412
Roberto Berliner,10559,12970,2411
Waldemar Krzystek,295,2705,2410
Alan Mak,570,2980,2410
Jing Wang,144,2553,2409
Liam Firmager,652,3060,2408
Tiago Guedes,5127,7535,2408
David Mackay,1437,3845,2408
Vasiliy Chiginskiy,2473,4880,2407
Dylan Reynolds,1606,4010,2404
Wai-Lun Lam,581,2985,2404
Emilio Maillé,269,2669,2400
Zacharias Mavroeidis,572,2965,2393
Mitsuo Yanagimachi,300,2685,2385
Ferenc Török,19135,21520,2385
Fabien Onteniente,1300,3685,2385
Charlie Picerni,3173,5555,2382
Kutlug Ataman,1100,3480,2380
Baoping Cao,3304,5675,2371
Yves Simoneau,1600,3971,2371
K.S. Ravikumar,124,2495,2371
Taneli Mustonen,825,3190,2365
Gordon Chan,9711,12075,2364
Katherine Dieckmann,7095,9455,2360
Kasper Torsting,845,3205,2360
Bruno Merle,2880,5235,2355
Andrey Paounov,1205,3560,2355
Robert Shallcross,1918,4270,2352
Roland Vranik,1306,3658,2352
Prashant Nair,5587,7935,2348
Ugo Chiti,1989,4335,2346
Antonio Mercero,2837,5183,2346
Jeta Amata,562,2904,2342
Serge Rodnunsky,243,2580,2337
Olivier Baroux,3920,6255,2335
Florent-Emilio Siri,420,2755,2335
Thomas Meadmore,3581,5915,2334
Garin Nugroho,258,2590,2332
Shola Amoo,3915,6245,2330
Alon Gur Arye,1622,3950,2328
Ian Olds,2202,4530,2328
Kader Ayd,1312,3640,2328
Henrik Ruben Genz,1950,4275,2325
John K.D. Graham,1960,4285,2325
Jeff Kopas,3861,6185,2324
Titus Paar,9364,11685,2321
Graeme Campbell,555,2875,2320
James Quattrochi,1709,4027,2318
Ody C. Harahap,325,2641,2316
Jasmine Dellal,135,2450,2315
Stephen Maing,1170,3485,2315
J.T. Tepnapa,9283,11595,2312
Maciej Dejczer,5275,7587,2312
Steve Lawson,641,2949,2308
William Byron Hillman,608,2915,2307
Alex Lutz,2350,4655,2305
Harry Cleven,191,2495,2304
Kazim Öz,424,2725,2301
Hisako Matsui,760,3060,2300
Michael Cacoyannis,1250,3550,2300
Juan Mas,2005,4305,2300
B. Harrison Smith,4557,6855,2298
Christopher Roth,890,3187,2297
Rocky Soraya,1299,3595,2296
Allan A. Goldstein,1685,3980,2295
Justin Lee,5011,7305,2294
Christian Sparkes,1853,4145,2292
Harry Basil,1890,4180,2290
Jose Thomas,102,2390,2288
Panna Rittikrai,168,2455,2287
Pekka Mandart,818,3095,2277
Annemarie Jacir,7350,9625,2275
Ivo van Aart,9155,11430,2275
Gereon Wetzel,2363,4637,2274
Curtis Burz,62,2335,2273
Laura Paglin,3730,6000,2270
Gerardo Vera,750,3019,2269
Georgi Yungvald-Khilkevich,1255,3515,2260
Dom Lenoir,3739,5995,2256
Kenji Yokoi,717,2973,2256
Dan Golden,1605,3861,2256
Raghava Lawrence,6471,8725,2254
Dana Nechushtan,3418,5670,2252
J.D. Dillard,46375,48625,2250
Greg Kiefer,4505,6755,2250
Leena Yadav,7595,9845,2250
Daniel Simpson,5505,7753,2248
S.L. Puram Jayasurya,1843,4090,2247
Fernando Grostein Andrade,9520,11765,2245
Rashane Limtrakul,9846,12085,2239
Shawn Crahan,9113,11350,2237
Rodney McDonald,3370,5607,2237
Rama Rao Tatineni,454,2690,2236
Andrés G. Schaer,1525,3760,2235
Daniel Cohen,5911,8145,2234
Boris Mitic,566,2800,2234
Debra Eisenstadt,552,2785,2233
Luis Puenzo,2947,5180,2233
Alex Graves,620,2845,2225
Nacho Vigalondo,344830,347055,2225
Bastian Günther,420,2645,2225
Pau Freixas,2306,4530,2224
Mahamat-Saleh Haroun,777,3000,2223
Jeanne Labrune,349,2571,2222
Andrew Currie,595,2815,2220
Markus Dietrich,850,3070,2220
Aktan Arym Kubat,135,2355,2220
Lauri Törhönen,1307,3527,2220
Stephen Manuel,6334,8550,2216
Lawrence David Foldes,255,2471,2216
C.S. Amudhan,6419,8635,2216
Joe Maggio,929,3139,2210
Feliks Falk,245,2455,2210
Christina Olofson,221,2430,2209
Óscar Aibar,1732,3938,2206
Götz Spielmann,424,2630,2206
Ivona Juka,9385,11585,2200
Lawrence Roeck,24290,26490,2200
Amal Neerad,20880,23080,2200
Chayanop Boonprakob,13050,15250,2200
Anders Grönros,1945,4141,2196
Brett Eichenberger,773,2969,2196
Hinde Boujemaa,105,2295,2190
Nikolay Dostal,4055,6245,2190
Miguel Courtois,947,3135,2188
Heiward Mak,1032,3215,2183
Ajai Vasudev,10973,13155,2182
Shyamaprasad,801,2977,2176
P. Vasu,942,3118,2176
Raj Chakraborty,3045,5212,2167
Lidiya Bobrova,435,2601,2166
Semih Kaplanoglu,1450,3615,2165
Elena Hazanova,195,2360,2165
Mari Asato,640,2805,2165
Michael O. Sajbel,1916,4080,2164
Abdolreza Kahani,329,2490,2161
Erin Dignam,1560,3720,2160
Doug Block,214,2372,2158
Alireza Raisian,314,2470,2156
Vasanthabalan,4115,6271,2156
William Sachs,1080,3235,2155
Alex Karpovsky,544,2699,2155
Tylor Norwood,8924,11075,2151
Ruth Beckermann,524,2675,2151
Torsten Künstler,8632,10780,2148
Steve McLean,4512,6660,2148
Anna Muylaert,5701,7845,2144
Ron Senkowski,661,2805,2144
Alec Su,2775,4915,2140
David de Vos,105,2245,2140
Stephen Deutsch,10372,12510,2138
José Eduardo Belmonte,1915,4052,2137
Daniel Roher,8618,10750,2132
Nick Vallelonga,780,2910,2130
Allen Wolf,8561,10690,2129
Kaushik Ganguly,544,2668,2124
Aleksandr Zeldovich,1412,3535,2123
Milos Radovic,5190,7310,2120
Paco Cabezas,8580,10695,2115
Laura Mora Ortega,3566,5680,2114
Marko Skop,417,2530,2113
Daniel Schmid,900,3010,2110
Janjot Singh,15105,17215,2110
Bruce Wemple,2817,4926,2109
Cécilia Rouaud,2551,4660,2109
Travis Wilkerson,468,2575,2107
Aniket Chattopadhyay,362,2469,2107
Seon-Dong Yu,2304,4410,2106
Tracey Deer,3243,5345,2102
Jun Geng,149,2250,2101
Miguel Ángel Jiménez,236,2335,2099
Juan Carlos Desanzo,1661,3760,2099
Danny Mulheron,8544,10640,2096
Per Hanefjord,8579,10675,2096
Lou Simon,3153,5248,2095
Paul Levine,1815,3910,2095
Maarten Treurniet,6740,8835,2095
Eisuke Naitô,515,2606,2091
Hannu Salonen,1095,3185,2090
Avishai Sivan,430,2520,2090
Bogdan Dreyer,555,2645,2090
Tomer Heymann,226,2315,2089
Franco de Peña,570,2655,2085
Giuseppe Tornatore,22255,24340,2085
Ty Bradford,3180,5260,2080
Syllas Tzoumerkas,2290,4370,2080
Sólveig Anspach,2295,4370,2075
Arash Lahooti,150,2225,2075
Nae Caranfil,5620,7695,2075
Evan Jackson Leong,8376,10450,2074
Steven R. Monroe,1480,3552,2072
Kazimierz Kutz,2665,4735,2070
Peter Schildt,4095,6165,2070
Julian Shaw,841,2910,2069
Stina Werenfels,750,2815,2065
Scott Martin,5115,7180,2065
Lee Myung-se,432,2495,2063
Lee Kyoung-mi,6333,8395,2062
Frans Nel,1449,3510,2061
Yonfan,349,2410,2061
Robert Celestino,3125,5185,2060
Ilkka Järvi-Laturi,2560,4620,2060
Jordan Walker-Pearlman,1430,3490,2060
John Trengove,8396,10455,2059
Humberto Hinojosa Ozcariz,1271,3328,2057
Hyeon-su Jang,504,2561,2057
Keiichi Hara,3160,5215,2055
Tom Paton,6893,8945,2052
Rambod Javan,2610,4662,2052
Radha Mohan,533,2583,2050
Eduardo Schuldt,845,2895,2050
Aniëlle Webster,3199,5248,2049
Braden Croft,2251,4300,2049
Agostino Ferrente,2121,4170,2049
David Rühm,3382,5430,2048
Kongdej Jaturanrasamee,1648,3695,2047
Shawn Burkett,3624,5663,2039
Joseph Merhi,989,3028,2039
Ryan Callaway,126,2163,2037
Richard Elson,8244,10280,2036
Damon Dash,3229,5265,2036
Anders Engström,2710,4745,2035
Srikant Chellappa,3176,5210,2034
Kimble Rendall,18870,20900,2030
Philippe Harel,569,2595,2026
Adrian Rudomin,8152,10175,2023
Fritz Mitchell,628,2650,2022
Gary Graver,690,2710,2020
Dennis Devine,1765,3785,2020
Michal Rosa,587,2605,2018
Ahmad Nader Galal,14968,16986,2018
Francesco Falaschi,1169,3185,2016
Darryn Welch,1220,3235,2015
Matthew Miele,822,2837,2015
Vibeke Idsøe,5705,7720,2015
Eylem Kaftan,3533,5545,2012
Philip Gröning,225,2235,2010
Richard Roy,315,2325,2010
Jason James,2287,4295,2008
Daryl Wein,1065,3072,2007
Pieter Verhoeff,1083,3088,2005
Ivy Ho,1595,3600,2005
Katrine Wiedemann,1746,3750,2004
Samir,198,2200,2002
Jahnu Barua,359,2361,2002
Jens Hoffmann,6946,8943,1997
Boris Lojkine,1239,3235,1996
Bernard Rose,3980,5975,1995
Maria Lindberg,1175,3170,1995
Roger Planchon,1510,3505,1995
Leigh Scott,1111,3105,1994
Nick Lyon,1752,3744,1992
Michal Rogalski,1138,3130,1992
Rick Roberts,89,2080,1991
Cristina Comencini,453,2443,1990
Maxime Giroux,604,2590,1986
Lorraine Senna,1341,3325,1984
Rafael Montero,99,2083,1984
Alejandro Agresti,216,2198,1982
Ric Burns,828,2810,1982
Craig Tudor James,2443,4425,1982
Philippe Garrel,2630,4610,1980
Mark Lewis,11336,13313,1977
Michael Linn,1668,3645,1977
Diane Bell,9448,11425,1977
Ernesto Daranas,540,2515,1975
Gracia Querejeta,718,2690,1972
Anna Chi,1764,3735,1971
João César Monteiro,1705,3675,1970
Quang Dung Nguyen,616,2580,1964
Jhonny Hendrix,1475,3435,1960
Ryan Staples Scott,135,2090,1955
Chia-Liang Liu,1165,3120,1955
Shô Tsukikawa,229,2178,1949
Ashwani Dhir,19038,20985,1947
Sang Jun Park,2053,4000,1947
Ella Lemhagen,3615,5560,1945
Anthony Woodley,3700,5645,1945
Santiago Giralt,302,2247,1945
Alan Pao,8753,10697,1944
David Ondricek,7467,9410,1943
Joaquin Rodriguez,1218,3157,1939
Greg Lombardo,3667,5605,1938
Niklaus Hilber,853,2790,1937
Taru Mäkelä,247,2183,1936
Laïla Marrakchi,3790,5720,1930
Joel Haver,370,2300,1930
Tonje Hessen Schei,1667,3595,1928
Antoinette Jadaone,2568,4495,1927
Stuart McBratney,1449,3375,1926
Sammaria Simanjuntak,701,2625,1924
Brett Kelly,1207,3128,1921
Eric Weston,1505,3426,1921
Alena Demyanenko,775,2695,1920
Kelly Schwarze,1300,3220,1920
Apurba Kishore Bir,155,2075,1920
Sridhar Rangayan,434,2351,1917
Tonie Marshall,1140,3055,1915
Leste Chen,4180,6095,1915
Leon Dai,1155,3070,1915
Gerard Stembridge,405,2320,1915
Ruggero Deodato,1051,2965,1914
Patrick McGuinn,827,2740,1913
Lucas Belvaux,319,2230,1911
Nader Galal,765,2676,1911
Geoffrey Enthoven,920,2830,1910
Brian Avenet-Bradley,2571,4474,1903
Lena Koppel,3505,5408,1903
Justin M. Seaman,7657,9560,1903
Simon Lavoie,564,2465,1901
Jeff Santo,1017,2911,1894
Tom Jennings,1421,3315,1894
Gregory Gieras,574,2465,1891
Jevon O'Neill,2100,3990,1890
Mike Phillips,2887,4775,1888
Michael Tolajian,1445,3330,1885
Emiliano Corapi,710,2595,1885
Kerem Sanga,2769,4650,1881
Mark Lamprell,2431,4310,1879
Lyudmil Todorov,270,2148,1878
Eddie Alcazar,4219,6095,1876
Davy Chou,570,2445,1875
Jeanine Meerapfel,645,2520,1875
Eddie O'Flaherty,4175,6050,1875
John Maggio,3870,5745,1875
Jean-Jacques Beineix,3820,5695,1875
Claude Mouriéras,290,2160,1870
Alan Jacobs,3665,5535,1870
John Eyres,4935,6805,1870
Anna Sofie Hartmann,445,2315,1870
Raúl Ruiz,763,2630,1867
Pierre Morath,75,1940,1865
Julian Radlmaier,630,2495,1865
Sarjun,2176,4040,1864
Rasmus Merivoo,400,2260,1860
Jaime Chávarri,619,2478,1859
Peter Paul Basler,121,1980,1859
Samuel Kishi,4327,6185,1858
Mohamed Hamidi,3460,5315,1855
Tristan Patterson,3253,5105,1852
Alfonso Pineda Ulloa,1830,3675,1845
Joo-hwan Kim,19417,21260,1843
Hilde Van Mieghem,2130,3972,1842
Youssef Delara,2418,4260,1842
Craig Roberts,9870,11710,1840
Oleg Kuzovkov,107,1945,1838
Anna Kerrigan,7408,9245,1837
Clayton Miller,265,2100,1835
Ben Hickernell,2376,4210,1834
Siu-Hung Leung,488,2319,1831
Douglas Law,7350,9180,1830
Seung-uk Oh,1690,3520,1830
Antonio Margheriti,765,2595,1830
Spencer Parsons,1870,3697,1827
Luciano Onetti,1060,2885,1825
Marc Fehse,7502,9325,1823
Nils-Erik Ekblom,7323,9145,1822
Stefan Ruzowitzky,3739,5560,1821
Fernando Guzzoni,595,2415,1820
Vitaliy Manskiy,179,1995,1816
Morten Arnfred,605,2420,1815
Ivo Raza,7565,9380,1815
Kamal Ahmed,1115,2928,1813
Yan Han,2500,4305,1805
David Winning,1475,3279,1804
Richard Dutcher,2357,4161,1804
Fernando Ayllón,117,1920,1803
Michael Jenkins,1645,3445,1800
Ana Katz,1066,2865,1799
Óscar Rojo,2934,4730,1796
Yôjirô Takita,302,2097,1795
Gregori Viens,2756,4550,1794
Visa Koiso-Kanttila,388,2180,1792
David L.G. Hughes,4255,6045,1790
Mamat Khalid,491,2278,1787
Ali Atshani,213,1999,1786
Vinayan,152,1938,1786
João Nuno Pinto,1566,3350,1784
Hiroshi Negishi,2833,4613,1780
Brian Cox,1775,3555,1780
Chang-min Choo,836,2615,1779
David Scheinmann,3277,5055,1778
John Shepphird,2615,4390,1775
Anaïs Barbeau-Lavalette,1220,2995,1775
Mustafa Ugur Yagcioglu,1957,3732,1775
Damiano Damiani,240,2013,1773
Kevin Peeples,1239,3010,1771
Andrew Douglas,5915,7685,1770
Eva Sørhaug,5190,6960,1770
Bapu,687,2457,1770
Nick Sandow,7276,9045,1769
B. Luciano Barsuglia,881,2650,1769
William Lau,7122,8890,1768
Chad Ferrin,2820,4585,1765
Kei Horie,1329,3085,1756
Chris Graham,8125,9880,1755
Gernot Roll,2948,4703,1755
Jun Lana,268,2023,1755
Jon Hess,455,2210,1755
Kabir Bhatia,608,2362,1754
Amir Bar-Lev,7784,9535,1751
Igor Cobileanski,2720,4470,1750
Jack Zagha Kababie,928,2678,1750
Rajkumar Santoshi,25380,27130,1750
Daniel Gordon,2998,4745,1747
John Barker,1535,3280,1745
Nicolas Entel,7080,8825,1745
Kye Soo Jeon,555,2300,1745
Mitchell Cox,255,2000,1745
Lars-Gunnar Lotz,385,2130,1745
Linus de Paoli,3203,4945,1742
Matthew Leutwyler,1366,3105,1739
Borzou Niknejad,1200,2938,1738
Sophie Dros,719,2455,1736
Olmo Omerzu,710,2445,1735
Robert Lepage,8160,9895,1735
Gil Baroni,1486,3220,1734
Jason Paul Laxamana,187,1921,1734
Max Dementor,671,2405,1734
Miguel Littin,561,2294,1733
Christopher Hutson,3333,5065,1732
Nathan Morlando,23005,24735,1730
Muhammad Bozorgnia,436,2165,1729
Devashish Makhija,6801,8530,1729
Jeong-Yeol Choi,4692,6420,1728
Ángel Alonso,470,2190,1720
Eliza Capai,68,1785,1717
Dustin Guy Defa,7496,9210,1714
Nirpal Bhogal,8235,9945,1710
Bao Nguyen,8673,10380,1707
Kambuzia Partovi,599,2303,1704
Claude Pinoteau,679,2380,1701
Louis Nero,484,2185,1701
Mario Martone,2025,3725,1700
Malcolm Marmorstein,1575,3275,1700
T.C. Christensen,1146,2845,1699
K.S. Ravindra,5730,7425,1695
Sara Driver,1595,3290,1695
António Ferreira,940,2635,1695
Theo van Gogh,2149,3844,1695
Gordian Maugg,195,1890,1695
Oeke Hoogendijk,526,2220,1694
Piotr Weresniak,1795,3488,1693
John-Paul Davidson,2822,4515,1693
Shahrbanoo Sadat,1735,3425,1690
Sam Voutas,287,1975,1688
Jose Montesinos,859,2545,1686
Mateo Gil,12990,14675,1685
Cédric Anger,2030,3715,1685
G. Nageswara Reddy,68,1753,1685
Kwon Hyeong-jin,1052,2735,1683
David Mallet,3028,4710,1682
Li Cheng,2703,4385,1682
Pascal Plante,2185,3865,1680
Je-Yeong Kim,1385,3065,1680
Michael Feifer,2656,4334,1678
Anne Wheeler,310,1987,1677
Oliver Haffner,1014,2690,1676
Luís Galvão Teles,1285,2961,1676
Jorge Montesi,780,2455,1675
Bille Eltringham,1680,3355,1675
Till Kleinert,6896,8570,1674
Gregory Lamberson,830,2500,1670
Mattie Do,1681,3350,1669
Massimo Mazzucco,73,1742,1669
Luciano Saber,2146,3814,1668
Brian Darwas,74,1740,1666
G. Philip Jackson,665,2330,1665
Ramin Matin,1964,3628,1664
Jonathan Taieb,2761,4425,1664
Nicolás Teté,118,1780,1662
Robby Benson,1390,3052,1662
Bence Miklauzic,805,2466,1661
Akira Shigino,845,2505,1660
Silvio Nacucchi,570,2230,1660
Leigh Sheehan,1306,2965,1659
Inara Kolmane,183,1841,1658
Rasoul Sadrameli,82,1740,1658
Jayprakkash Shaw,397,2055,1658
Luis Oliveros,2749,4405,1656
Michael Stevens,955,2611,1656
Miguel Llansó,3815,5470,1655
Liang Ying,505,2160,1655
François Bouvier,1038,2692,1654
Satish Kaushik,3653,5306,1653
Ryan Combs,1752,3405,1653
Harry Baweja,9739,11390,1651
Jie Han,1569,3220,1651
Ernst Gossner,2380,4030,1650
Kichitarô Negishi,371,2020,1649
Julien Faraut,2513,4155,1642
Susan Kucera,660,2300,1640
Alan Lindsay,2590,4230,1640
Gabriel Carrer,1815,3455,1640
Vasily Serikov,2562,4200,1638
Carlos Ameglio,1612,3250,1638
Dan Svátek,518,2155,1637
Tso-chi Chang,372,2004,1632
Tom Anton,585,2215,1630
Detlev Buck,6640,8270,1630
Tómas Gislason,170,1798,1628
Maksim Sveshnikov,1770,3398,1628
Cody Knotts,610,2236,1626
James Fargo,2250,3875,1625
David Bezmozgis,765,2390,1625
Ian Darling,170,1795,1625
Steven Paul Judd,3485,5110,1625
Sonia Anderson,252,1876,1624
Marília Rocha,579,2200,1621
Valerie Breiman,1805,3425,1620
Çagatay Tosun,25080,26700,1620
Ford Austin,213,1830,1617
Francesca Comencini,386,2000,1614
Robert Saitzyk,1183,2790,1607
Giacomo Cimini,3415,5021,1606
Cheik Doukouré,80,1684,1604
Yûjirô Harumoto,521,2125,1604
Dominik Hartl,5886,7490,1604
Barnabás Tóth,7467,9070,1603
Brent Cote,1146,2745,1599
Fedor Popov,404,2000,1596
Leopoldo Aguilar,4155,5750,1595
Christopher Luscombe,1845,3439,1594
Will Jewell,2443,4035,1592
Mustafa Kara,8553,10145,1592
Yasuo Furuhata,88,1679,1591
Peter W. Kunhardt,3010,4600,1590
Dallas King,417,2005,1588
Mark Anthony Galluzzo,4357,5945,1588
Sven J. Matten,3419,5005,1586
Ali Jaberansari,1146,2730,1584
Théo Court,2566,4150,1584
Jeffrey Lau,1431,3010,1579
Simone Scafidi,941,2520,1579
Scott Ziehl,3995,5574,1579
Kai Barry,1142,2720,1578
Hajime Hashimoto,89,1665,1576
Frank Lin,731,2306,1575
Thierry Klifa,2390,3965,1575
Ron Davis,2324,3898,1574
April Wright,735,2303,1568
Lisa Takeba,288,1855,1567
Laurent Micheli,1875,3440,1565
Stanislav Govorukhin,655,2220,1565
Philipp Stölzl,1285,2850,1565
Stuart Brennan,3991,5555,1564
Tommy Faircloth,846,2410,1564
Justin Molotnikov,1561,3125,1564
Måns Månsson,1163,2725,1562
Param Gill,2095,3656,1561
Nam Dae-joong,443,2000,1557
Philipp Leinemann,2264,3820,1556
Phil Nibbelink,650,2205,1555
Mainak Bhaumik,1740,3295,1555
Ivana Mladenovic,475,2030,1555
Beto Gómez,493,2047,1554
Noboru Iguchi,387,1940,1553
Dominique Cabrera,227,1780,1553
Awi Suryadi,173,1725,1552
Deepak Rauniyar,1542,3090,1548
Soudade Kaadan,82,1630,1548
Antony Szeto,2345,3888,1543
Mickey Reece,112,1652,1540
Tunç Sahin,11835,13375,1540
Mikey Hilb,1940,3480,1540
Katsuyuki Motohiro,1066,2602,1536
Wayne Abbott,1144,2680,1536
Yoo Young-sun,1065,2600,1535
Daniel Dencik,2025,3560,1535
Carolina Jabor,3785,5320,1535
Nicolás Rincón Gille,57,1590,1533
Sigfrid Monleón,309,1840,1531
Jean-Paul Lilienfeld,1299,2830,1531
Raymond Depardon,1065,2595,1530
Yûki Yamato,1479,3005,1526
Michael Williams,3461,4985,1524
Cyril Tuschi,1475,2999,1524
Mariano Barroso,1135,2656,1521
Terry Ingram,1610,3131,1521
Hongqi Li,194,1715,1521
Rachid Hami,2665,4185,1520
Richard Trank,465,1985,1520
Jamshid Heydari,99,1616,1517
Gero von Boehm,2393,3910,1517
Witold Adamek,2059,3575,1516
Laurent Tirard,8810,10325,1515
Pierre Pinaud,4375,5890,1515
Douglas Buck,6635,8150,1515
Florence Quentin,1650,3165,1515
Felipe Vega,265,1779,1514
Rustam Branaman,5695,7209,1514
Göran Hugo Olsson,550,2063,1513
Thomas Arslan,1090,2600,1510
Irfan Kamal,4731,6240,1509
Özgür Bakar,2956,4464,1508
Cathal Black,615,2122,1507
Timothy Boyle,1177,2680,1503
Tyler Savage,2335,3835,1500
Mario Monicelli,745,2245,1500
Andrzej Sekula,1705,3205,1500
Santi Amodeo,2027,3526,1499
Elisabeth Vogler,6051,7550,1499
Camilo Vila,485,1984,1499
Keng Guan Chiu,1347,2844,1497
Ursa Menart,94,1590,1496
Mikhail Brashinskiy,963,2455,1492
Robert Angelo,1420,2910,1490
Calvin Lee Reeder,3900,5390,1490
Frelle Petersen,2764,4250,1486
Paul Knight,2414,3900,1486
Bob Hoge,6375,7860,1485
Brad Keller,127,1610,1483
Sophie Fillières,872,2355,1483
Mark Manos,1255,2735,1480
Phillip Guzman,7460,8940,1480
Aage Rais-Nordentoft,415,1895,1480
Malou Reymann,5977,7455,1478
Kamal Tabrizi,5147,6623,1476
Yibran Asuad,5981,7455,1474
David Midell,6397,7870,1473
Marcus Spiegel,6403,7875,1472
Yang Xiao,2648,4120,1472
Athina Rachel Tsangari,23398,24870,1472
Sergio Navarretta,529,2000,1471
Lav Diaz,484,1955,1471
Sophie Marceau,1045,2515,1470
Alice Nellis,996,2465,1469
Julian Richards,2435,3902,1467
Donald F. Glut,1210,2677,1467
Denys Granier-Deferre,2344,3810,1466
Kamila Andini,550,2015,1465
R. Kannan,2064,3525,1461
Giuseppe M. Gaudino,855,2315,1460
Daryl Goodrich,5906,7365,1459
Matthew Porterfield,2607,4065,1458
Blaise Harrison,97,1555,1458
Patrice Toye,2890,4345,1455
Krisztina Deák,555,2010,1455
Stewart Sugg,3064,4518,1454
Louis Mandylor,430,1883,1453
Nitzan Gilady,97,1550,1453
Roan Johnson,1995,3445,1450
Giuseppe Ferrara,585,2035,1450
Everardo González,592,2041,1449
Dmitrii Davydov,1171,2620,1449
Ash Adams,5846,7295,1449
Dana Rotberg,1074,2522,1448
Patricia Rozema,1420,2865,1445
Pavo Marinkovic,1365,2810,1445
Tae-gon Kim,497,1940,1443
Moussa Touré,789,2230,1441
Javier Rebollo,1260,2700,1440
Ilya Uchitel,909,2345,1436
Bernd Böhlich,890,2325,1435
Richard Gale,3805,5240,1435
Adilkhan Yerzhanov,72,1507,1435
Nobuhiro Suwa,985,2415,1430
Henrique Goldman,2266,3695,1429
Andibachtiar Yusuf,556,1985,1429
Abbas Amini,247,1675,1428
Jeong Ji-yeong,642,2070,1428
Till Hastreiter,689,2115,1426
Patrick Perez Vidauri,2649,4075,1426
Kenneth A. Carlson,1380,2806,1426
Miguel Alejandro Gomez,2267,3692,1425
Fenar Ahmad,17020,18440,1420
Philip Spink,900,2316,1416
Helfi C.H. Kardit,364,1780,1416
Miha Hocevar,1268,2682,1414
Helma Sanders-Brahms,105,1515,1410
Karim Dridi,1014,2420,1406
Denis Thybaud,790,2190,1400
Xavier de Choudens,1091,2490,1399
Pieter Kuijpers,24900,26298,1398
Kon Ichikawa,340,1737,1397
Stephen Whittaker,95,1491,1396
Nicole Conn,5480,6875,1395
Adrian Panek,6751,8145,1394
Róbert I. Douglas,1856,3249,1393
Larry Kent,473,1866,1393
Jack Henry Robbins,2867,4260,1393
George Paul Csicsery,365,1757,1392
Aaron Burns,6458,7850,1392
Geno McGahee,580,1972,1392
Harvey Frost,455,1845,1390
René Féret,133,1520,1387
Jan Schütte,364,1750,1386
Jan Prusinovský,1380,2765,1385
James Kermack,2435,3820,1385
Sanjay Gadhvi,5183,6567,1384
LazRael Lison,2504,3887,1383
Sergey Livnev,655,2035,1380
Jens Lien,7620,9000,1380
Bruno Chiche,2910,4290,1380
Jens Meurer,369,1745,1376
M.D. Sridhar,338,1714,1376
Jeong-ho Lee,6120,7495,1375
Nataliya Meshchaninova,1755,3130,1375
Dimos Avdeliodis,1276,2650,1374
Isabelle Czajka,772,2145,1373
Nicolas Monette,2688,4060,1372
Assad Fouladkar,1419,2790,1371
Charlotte Sieling,2085,3455,1370
Rena Riffel,2445,3815,1370
Rhyan LaMarr,697,2065,1368
Dylan Bank,1314,2680,1366
Aaron Kim,795,2160,1365
Bernard Stora,450,1810,1360
Gustavo Nieto Roa,2225,3585,1360
Rahul Rawail,1055,2412,1357
Ujicha,815,2170,1355
Luke Jaden,5460,6815,1355
Taras Tkachenko,1735,3090,1355
Shea Sizemore,3486,4840,1354
Leung Chun 'Samson' Chiu,466,1820,1354
Andreas Pichler,127,1479,1352
Rodrigo Guerrero,1614,2965,1351
Frank Sabatella,12320,13670,1350
Deepak Anand,978,2328,1350
Peter Luisi,1800,3150,1350
Homayoon Ass'adian,165,1515,1350
Tony Britten,396,1744,1348
Philippe Faucon,283,1630,1347
Jeffrey Jeturian,1408,2755,1347
Gonzalo Suárez,1075,2422,1347
Nicole Palo,155,1500,1345
Ali Yorgancioglu,4948,6293,1345
Frank W. Montag,1756,3100,1344
Frank Piasecki Poulsen,1166,2510,1344
Frédéric Berthe,1724,3065,1341
Doug Spearman,4245,5585,1340
Jesse Noah Klein,540,1880,1340
Marco Risi,3085,4425,1340
Scott Windhauser,2805,4145,1340
Du-yeong Kim,5496,6835,1339
John Michael Williams,900,2239,1339
David Mitchell,3986,5325,1339
Bae Chang-ho,150,1488,1338
Charles Officer,633,1965,1332
Pat Mills,4998,6330,1332
James Seale,2470,3801,1331
Will James Moore,565,1896,1331
Aaron Lieber,2754,4080,1326
Ilya Kulikov,3340,4665,1325
Norbert Keil,5495,6820,1325
Fernando Sariñana,1553,2875,1322
Freida Lee Mock,1341,2662,1321
Martin Valente,840,2160,1320
John Gray,8425,9745,1320
Justin Foia,1389,2707,1318
Jo Baier,4105,5423,1318
Ulrika Bengts,1023,2340,1317
Markus Welter,2544,3860,1316
Damian Chapa,511,1826,1315
Peter Watkins,5384,6695,1311
Frasco Mortiz,883,2191,1308
Filip Zylber,668,1975,1307
Hilal Baydarov,127,1433,1306
Max Currie,445,1750,1305
Hanna Antonina Wojcik Slak,360,1665,1305
Anibal Massaini Neto,2401,3705,1304
Kepa Sojo,5696,7000,1304
Karzan Kader,11772,13075,1303
Lucas Figueroa,2846,4149,1303
Krzysztof Lang,710,2010,1300
Matti Ijäs,1067,2365,1298
Blandine Lenoir,5609,6905,1296
Yûji Mutô,322,1617,1295
Graham Guit,1076,2370,1294
Oksana Bayrak,246,1540,1294
Jean-Stéphane Bron,76,1370,1294
David Elfick,235,1525,1290
Nick Everhart,1215,2500,1285
Romas Zabarauskas,1696,2980,1284
Rebecca Daly,1115,2398,1283
Vimal Kumar,977,2259,1282
Laurent Achard,495,1771,1276
Chan-ok Park,1559,2835,1276
John Hillcoat,1030,2305,1275
Steve Rash,9215,10490,1275
Samuel Collardey,772,2045,1273
Matt Chow,400,1670,1270
Dror Shaul,1502,2770,1268
Ho-Leung Lau,3577,4845,1268
Kaisa Rastimo,192,1460,1268
Vivian Naefe,385,1652,1267
Eros Puglielli,598,1865,1267
Daniel Armstrong,889,2155,1266
Ron Mann,780,2045,1265
Gregory Kirchhoff,2010,3275,1265
Jarret Tarnol,2485,3750,1265
Amélie van Elmbt,821,2085,1264
Soumik Sen,11170,12432,1262
Shunji Iwai,4110,5371,1261
Georges Lautner,585,1845,1260
Clarisa Navas,1360,2620,1260
Antoine Desrosières,190,1450,1260
Hari,7097,8355,1258
Valerie Landsburg,222,1480,1258
Bettina Oberli,1307,2565,1258
Sean McAllister,1527,2784,1257
Nadir Moknèche,1089,2345,1256
John Milton Branton,749,2004,1255
Phillip J. Roth,808,2060,1252
Nikolaus Geyrhalter,148,1400,1252
Georges Gachot,409,1660,1251
Mikhail Segal,5350,6600,1250
Egle Vertelyte,2040,3290,1250
Lucio Pellegrini,2042,3292,1250
Stuart St Paul,587,1835,1248
Peeter Urbla,154,1400,1246
Björn Engström,1080,2325,1245
Philippe Lellouche,2445,3690,1245
Teruo Ishii,90,1332,1242
Nina Davenport,370,1611,1241
Jacques Nolot,1302,2540,1238
Lorena Muñoz,3376,4614,1238
BJ Davis,2317,3555,1238
Joshua Shreve,3944,5180,1236
Tae-yong Kim,1279,2515,1236
Ali Ragab,1859,3095,1236
Yorgos Tsemberopoulos,2437,3671,1234
Atiq Rahimi,2394,3625,1231
Anocha Suwichakornpong,1900,3130,1230
Juris Kursietis,3930,5160,1230
Maurice Barthélémy,2775,4005,1230
Matti Geschonneck,1486,2715,1229
Robert J. Wilson,1640,2868,1228
Neil Mandt,1475,2701,1226
Bareun Jo,310,1535,1225
Michael Anderson,3120,4345,1225
Venkat Prabhu,12560,13784,1224
Anita Udeep,1953,3175,1222
Anjum Shahzad,2421,3641,1220
Rafael Moleón,460,1680,1220
Al Festa,700,1920,1220
McKay Daines,1346,2565,1219
Mika Ronkainen,557,1775,1218
Anders Rønnow Klarlund,1218,2434,1216
Bram Van Paesschen,1298,2513,1215
Murray Battle,245,1460,1215
Roman Perfilyev,2106,3320,1214
Wieslaw Saniewski,462,1676,1214
Ryûichi Hiroki,104,1318,1214
Leonardo Di Costanzo,962,2175,1213
Juliane Block,1209,2420,1211
Ben Verbong,2225,3435,1210
Ben Lawrence,2457,3665,1208
Akihiko Shiota,2644,3852,1208
Byun Sung-hyun,14205,15410,1205
Garrett Batty,1075,2280,1205
K. Raghavendra Rao,2999,4203,1204
Kasthuri Raja,105,1308,1203
Edgar Michael Bravo,718,1920,1202
Ansel Faraj,220,1420,1200
Kalyaan,1888,3085,1197
Steven Lawson,4189,5385,1196
Robert Favreau,2354,3545,1191
Hisashi Kimura,810,2000,1190
João Nicolau,515,1705,1190
Paul Kampf,332,1520,1188
Tinge Krishnan,4767,5955,1188
James Bruce,460,1648,1188
José Celestino Campusano,848,2035,1187
Vanessa Filho,4809,5995,1186
Ziad H. Hamzeh,90,1276,1186
Savi Gabizon,945,2130,1185
Michael Hofmann,3295,4480,1185
Yu Li,1252,2436,1184
Krishna Marimuthu,3306,4490,1184
Manon Briand,2277,3459,1182
Agustí Vila,700,1881,1181
Saman Salur,257,1435,1178
Sarthak Dasgupta,2694,3870,1176
Franco Maresco,1104,2280,1176
Lawrence Blume,9087,10260,1173
Kanji Nakajima,2159,3330,1171
Dmitriy Tyurin,1804,2975,1171
David Hugh Jones,12690,13860,1170
Bin Bunluerit,220,1390,1170
Richard Ryan,541,1710,1169
Toke Constantin Hebbeln,1647,2815,1168
Yuhang Ho,289,1456,1167
Wellson Chin,410,1576,1166
Andrea Zaccariello,1554,2720,1166
Masud Kimiai,1229,2394,1165
Blain Brown,1185,2350,1165
Amanda Adolfsson,2115,3280,1165
Canyon Prince,2116,3280,1164
Carlos Diegues,2031,3195,1164
Yeung Kong,1886,3050,1164
Alan Jonsson,826,1990,1164
Mehrdad Oskouei,239,1402,1163
Teemu Nikki,1911,3070,1159
Hansjörg Thurn,225,1382,1157
Kazuyuki Morosawa,682,1839,1157
Hanung Bramantyo,1084,2240,1156
Gytis Luksas,131,1285,1154
Joan Carr-Wiggin,1143,2297,1154
Stephen Cookson,317,1470,1153
Kuo-Sin Ong,223,1375,1152
Talal Selhami,1323,2475,1152
Nina Grosse,124,1275,1151
Robert Dornhelm,470,1620,1150
Paul Tarantino,870,2018,1148
Sakthi Chidambaram,334,1480,1146
Sherwood Hu,231,1377,1146
C.B. Harding,905,2050,1145
Christian Lo,980,2125,1145
Jonathan Tydor,1916,3060,1144
Takahisa Zeze,70,1213,1143
Donald Farmer,1334,2477,1143
Patrick Leung,860,2002,1142
Léa Fazer,2165,3305,1140
Rick Bieber,5046,6185,1139
Andrey Nekrasov,121,1259,1138
Kevin Brodie,3945,5080,1135
Jukka Kärkkäinen,380,1515,1135
Zale Dalen,2601,3735,1134
Mindaugas Survila,2096,3230,1134
Atanu Ghosh,590,1724,1134
Lorna Tucker,4631,5765,1134
Steve Clark,2587,3720,1133
Roman Perez Jr.,1744,2875,1131
Bradley Dorsey,710,1840,1130
Sachin Kundalkar,252,1382,1130
Tom Fassaert,2092,3220,1128
Marcela Said,1232,2360,1128
Orhan Oguz,7072,8200,1128
Lisa Ohlin,1004,2130,1126
Thomas Hennessy,4560,5685,1125
Rudolf Havlik,745,1870,1125
Jason Dudek,4830,5955,1125
John Walker,400,1525,1125
Wyeth Clarkson,1995,3115,1120
Daniel Schechter,3280,4400,1120
Andrzej Fidyk,32,1150,1118
Roberto Faenza,700,1818,1118
John Hardwick,4539,5655,1116
Genjiro Arato,235,1350,1115
Toshiyuki Mizutani,452,1566,1114
William DeVizia,1222,2335,1113
Justin Webster,730,1843,1113
Bruce Pittman,510,1623,1113
Pat Collins,56,1169,1113
Jean Pellerin,1967,3079,1112
Howard Goldberg,1800,2912,1112
Conrad Faraj,210,1321,1111
Syd Macartney,725,1835,1110
Curt Hahn,716,1826,1110
Becca Hirani,3880,4990,1110
Van Maximilian Rodriguez Carlson,1850,2960,1110
Ji-kyoon Kwak,183,1291,1108
Michiel van Erp,595,1701,1106
Po-Chih Leong,470,1575,1105
Sigrid Andrea Bernardo,495,1600,1105
Richard Styles,610,1715,1105
Izidore K. Musallam,456,1560,1104
Vera Glagoleva,129,1233,1104
Nicolás Tuozzo,752,1855,1103
Brigitte Sy,465,1565,1100
Xiaofeng Li,485,1585,1100
Hélène Angel,1516,2615,1099
Patrick Meaney,1371,2469,1098
Nelson Lik-wai Yu,913,2010,1097
Jiuliang Wang,2009,3105,1096
Danny Huston,1410,2506,1096
Justin Lerner,5226,6320,1094
Jan Kidawa-Blonski,646,1740,1094
Frans Weisz,706,1798,1092
Mark Cousins,1170,2260,1090
Péter Gárdos,407,1495,1088
Virgil Vernier,968,2055,1087
Tom Getty,1684,2770,1086
Lukas Valenta Rinner,1499,2585,1086
Boris B. Bertram,69,1155,1086
Igor Kopylov,5359,6445,1086
Brian Brightly,3120,4205,1085
Dwein Baltazar,1323,2408,1085
Alexis Gambis,716,1800,1084
Christina Alexandra Voros,5447,6530,1083
Paula Cons,967,2050,1083
Aleksandr Aravin,372,1455,1083
Fabio Segatori,1180,2261,1081
John Berry,375,1455,1080
Alessandro D'Alatri,785,1864,1079
Yukihiko Tsutsumi,575,1653,1078
Davis Simanis Jr.,712,1787,1075
Muhammad Mostafa Kamal Raz,849,1923,1074
Bernard Rapp,1035,2108,1073
Sung-Hong Kim,137,1210,1073
János Szász,1569,2640,1071
Chris Marker,3670,4740,1070
Vladimir Mashkov,3245,4313,1068
Joël Karekezi,427,1495,1068
Aude Léa Rapin,1684,2750,1066
Ilze Burkovska Jacobsen,780,1845,1065
Stephen Williams,395,1460,1065
Sven Taddicken,2605,3670,1065
Rakhshan Banietemad,3560,4624,1064
Jack Perez,1254,2315,1061
Teppo Airaksinen,4950,6010,1060
Dasari Narayana Rao,91,1150,1059
Jesse Quinones,1957,3015,1058
Gopal B.,964,2021,1057
John Raffo,4264,5320,1056
Danny Deprez,840,1895,1055
Marc S. Grenier,986,2040,1054
David Rocksavage,1662,2715,1053
Keinosuke Hara,300,1350,1050
Barbara Albert,3020,4070,1050
Rubaiyat Hossain,1346,2395,1049
Bob Swaim,1042,2090,1048
Dariusz Zawislak,1402,2450,1048
Max Lewkowicz,1283,2330,1047
Vladimir Bortko,1808,2855,1047
Fabrice Bracq,4263,5310,1047
Jari Halonen,1239,2285,1046
Hubert Sauper,420,1465,1045
Héctor Cabello Reyes,1890,2935,1045
Frank Nunez,1767,2810,1043
K.C. Bokadia,1691,2730,1039
Hwan Lee,1932,2970,1038
Francesca Joseph,2562,3600,1038
Marcin Ziebinski,440,1476,1036
Anu Aun,1864,2900,1036
Prince Bagdasarian,2769,3805,1036
Manop Udomdej,395,1430,1035
Amos Gitai,265,1300,1035
Poj Arnon,232,1267,1035
Charlotte de Turckheim,1585,2619,1034
Jae-ho Park,796,1830,1034
Tom Shell,85,1115,1030
Jan Zabeil,1470,2500,1030
Usher Morgan,4471,5500,1029
Tian-yi Yang,156,1185,1029
Don E. FauntLeRoy,2182,3210,1028
Andreas Kleinert,208,1235,1027
Kyun-dong Yeo,145,1172,1027
Ismet Sijarina,758,1785,1027
Jeremy Wooding,2575,3601,1026
Ozan Açiktan,26499,27525,1026
Árni Ólafur Ásgeirsson,895,1920,1025
Mark Savage,1029,2050,1021
Marcus DeLeon,650,1670,1020
Owen Smith,305,1325,1020
Yan-Yan Mak,3504,4523,1019
João Botelho,227,1245,1018
Vít Klusák,298,1315,1017
Cyril Gelblat,1909,2925,1016
Miroslav Mandic,195,1210,1015
Aiden Dillard,230,1245,1015
Tetsu Maeda,551,1565,1014
Jeppe Rønde,367,1380,1013
Nicolás Pereda,473,1485,1012
Aleksey Kiryushchenko,4108,5120,1012
Veronica Ngo,949,1960,1011
Francis Nielsen,850,1860,1010
Miguel Alcantud,500,1510,1010
Jean-Philippe Toussaint,155,1165,1010
Tetsuya Mariko,2002,3010,1008
Daniel Rosenfeld,492,1500,1008
Ross Whitaker,202,1209,1007
Maksim Pezhemskiy,2141,3148,1007
Rodolphe Marconi,1085,2091,1006
Joy Chapman,1015,2020,1005
Beatriz Seigner,1696,2700,1004
Anzi Pan,330,1334,1004
Jan Henrik Stahlberg,4937,5940,1003
Natalia Almada,338,1340,1002
Anna Jadowska,660,1660,1000
Farid Bentoumi,1730,2730,1000
Reynir Lyngdal,1291,2290,999
Manuel Boursinhac,4518,5515,997
Kantz,485,1480,995
Brian Hill,659,1654,995
Mitsuo Kurotsuchi,259,1251,992
Pongpat Wachirabunjong,764,1755,991
F.J. Ossang,920,1910,990
Ulrich Thomsen,970,1960,990
Michael Preece,2835,3825,990
Christine Fugate,4006,4995,989
Clovis Mello,1323,2310,987
Damien Manivel,780,1765,985
Jin Xie,259,1242,983
Benoît Forgeard,2259,3240,981
Philippe Gagnon,2279,3260,981
Dejan Babosek,344,1325,981
Mark Atkins,1527,2507,980
Marianna Economou,51,1030,979
William Mesa,4732,5710,978
Giuseppe Piccioni,680,1655,975
Karl Kozak,2360,3335,975
Yibai Zhang,2225,3200,975
Szabolcs Hajdu,1206,2180,974
Stephen Folker,721,1695,974
Paul Andresen,1285,2258,973
Paul Wittenberger,965,1937,972
Jérôme Cornuau,1620,2590,970
Marcus Ovnell,426,1395,969
Man-Kei Chin,1372,2338,966
Julia Dyer,2710,3675,965
Shemi Zarhin,505,1470,965
Gavin Wilding,60,1025,965
Miroslav Terzic,5265,6230,965
Devon Gummersall,1166,2130,964
Jeffrey Day,1996,2960,964
Joe Piscatella,4109,5073,964
BC Fourteen,2320,3282,962
Yasuo Hasegawa,1590,2550,960
Yousry Nasrallah,645,1605,960
Atul Agnihotri,10255,11215,960
Esben Toft Jacobsen,3445,4405,960
Anthony Meindl,296,1255,959
Robert-Adrian Pejo,411,1370,959
Calvin Morie McCarthy,192,1150,958
Peter Mettler,1150,2105,955
Karsten Kiilerich,1545,2500,955
Stephan Streker,525,1480,955
Laura Schroeder,898,1850,952
Olivier Meys,293,1245,952
Michael Worth,460,1411,951
Ingo Haeb,3979,4930,951
Johan Grimonprez,2127,3077,950
Constantine Giannaris,565,1515,950
Justin Dix,16000,16950,950
James D. Deck,2895,3845,950
Charlie Shackleton,4955,5905,950
Eiichirô Hasumi,1367,2315,948
K.V. Guhan,4348,5295,947
Roger M. Bobb,543,1490,947
Rouhollah Hejazi,1141,2087,946
Eunhee Huh,1020,1965,945
Bryce Olson,1760,2705,945
Adrian Sitaru,4960,5905,945
Bradley Liew,661,1605,944
Lasja Fauzia,202,1145,943
Obi Emelonye,617,1555,938
Natsuka Kusano,314,1250,936
Kestutis Gudavicius,748,1684,936
Hadrah Daeng Ratu,886,1819,933
Pamela Tola,2783,3715,932
Nathan Silver,883,1815,932
Taras Khymych,184,1115,931
Giuliano Montaldo,1364,2295,931
Clas Lindberg,445,1376,931
Christopher Livingston,3185,4115,930
Alireza Amini,334,1263,929
Vyacheslav Nikiforov,281,1210,929
Jae-young Kwak,66,995,929
Agnieszka Lukasiak,183,1111,928
Hun-Su Park,574,1500,926
Eduardo Campoy,475,1400,925
Eric Weber,1381,2305,924
Anup Singh,2394,3315,921
Alberto Fasulo,489,1410,921
Neil Rowe,2300,3220,920
Rachid Djaidani,1180,2100,920
Dan Mirvish,1588,2507,919
Benoit Pilon,201,1120,919
Brad Sykes,3305,4224,919
Alexander T. Hwang,1036,1955,919
Stefan Haupt,635,1554,919
Andres Veiel,1611,2530,919
Steve DiMarco,175,1091,916
Adrian Teh,365,1280,915
Jos Stelling,3010,3925,915
Valeria Sarmiento,411,1325,914
Corbin Timbrook,1243,2155,912
Dan Brownlie,608,1520,912
Peeter Simm,504,1415,911
Lu Zhang,539,1450,911
Léa Pool,309,1220,911
Leon Lee,1345,2255,910
Tom Collins,1175,2085,910
Norman Stone,1430,2340,910
Mirjam Unger,420,1330,910
James Westby,2259,3168,909
Ashwini Chaudhary,2460,3367,907
Tom Lass,335,1242,907
Unni Straume,178,1085,907
Sam Mason-Bell,76,982,906
Jean-Pierre Améris,925,1830,905
Matt Salmon,180,1084,904
Caroline Cory,806,1710,904
Mahmoud Ghaffari,93,997,904
Nicolás Gil Lavedra,1332,2235,903
Mariya Kravchenko,727,1630,903
Arthur Egeli,540,1442,902
Edouard Baer,2273,3175,902
Mohammad Ali Bashe Ahangar,381,1281,900
William Kaufman,4620,5520,900
Yûki Kobayashi,246,1145,899
Rabi Kinagi,61,960,899
João Moreira Salles,2152,3050,898
James Allen Bradley,1652,2550,898
N. Linguswamy,3777,4675,898
Joshua Gil,863,1760,897
Matias Lira,3515,4412,897
Mitch Dickman,651,1545,894
Ric La Monte,1956,2848,892
Peng Zhang Li,3765,4657,892
Alan Roberts,7135,8025,890
Hanelle M. Culpepper,2225,3115,890
Shawn Ku,34790,35680,890
Florian Habicht,511,1400,889
Robert Ménard,388,1276,888
Phil Price,1768,2656,888
Felix Limardo,218,1105,887
Federica Di Giacomo,663,1550,887
Sami Saif,1170,2054,884
Roderick Cabrido,911,1795,884
Jorge Paixão da Costa,235,1118,883
Kimberly Reed,3795,4675,880
Alberto Rondalli,3782,4661,879
Heath Davis,1146,2025,879
Duki Dror,123,1001,878
Travis Fine,1212,2090,878
Maria Burton,395,1272,877
Andaç Haznedaroglu,10826,11702,876
Alexandre Arcady,2810,3685,875
Takashi Ishii,500,1375,875
Eduardo W. Roy Jr.,119,993,874
George Erschbamer,2765,3635,870
Mitch Marcus,1595,2465,870
Russell Solberg,540,1410,870
Nina May,746,1615,869
A.K. Strom,312,1180,868
Ron Brown,2452,3320,868
Lung-Wei Wang,202,1070,868
Barbara Bredero,1411,2279,868
Damian X. Fulton,863,1730,867
Azuma Morisaki,159,1025,866
Leif Bristow,1620,2485,865
Sam Auster,455,1320,865
Rory B. Quintos,287,1152,865
Ester Martin Bergsmark,2372,3237,865
Linda Palmer,567,1431,864
Oley Sassone,1661,2525,864
Yoshimasa Ishibashi,312,1175,863
Uwe Janson,588,1450,862
Oded Davidoff,2091,2951,860
Israel Luna,675,1535,860
Marco Simon Puccioni,881,1740,859
Raj Kapoor,149,1008,859
Maryo J. de los Reyes,63,922,859
Francis Meletzky,660,1518,858
Frank Beauvais,3508,4365,857
Carlos Reichenbach,957,1813,856
Costas Kapakas,4990,5846,856
Wojciech Wójcik,882,1738,856
Rafaël Ouellet,529,1385,856
Thomas Vincent,1985,2840,855
Tamar Halpern,330,1185,855
Heidi Maria Faisst,660,1513,853
Philip Cox,885,1735,850
Randall Batinkoff,1025,1875,850
Wayne Crawford,1163,2013,850
Haranath Chakraborty,74,922,848
Brent Christy,2855,3702,847
Hilmar Oddsson,595,1442,847
Drew Hall,684,1529,845
Yuriy Kara,718,1563,845
Jennifer Marchese,635,1480,845
Keisuke Toyoshima,387,1231,844
Bernar Hébert,198,1040,842
Gilles Bourdos,760,1600,840
Ashok Gaekwad,467,1307,840
Richard Dembo,355,1195,840
Carmel Winters,1015,1855,840
Jennifer Warren,2035,2875,840
Beata Dzianowicz,50,890,840
Rodney Ray,843,1682,839
Reza Karimi,106,944,838
Robbe De Hert,1387,2223,836
Kristijonas Vildziunas,375,1210,835
Alessio Maria Federici,1465,2300,835
Kazuhiro Furuhashi,79,913,834
Joaquim Pinto,1396,2230,834
Bernard Giraudeau,846,1680,834
Sergio Myers,215,1048,833
Rob Pallatina,995,1825,830
Kang Je-kyu,2070,2900,830
Roberto Cuzzillo,156,985,829
Ivan Mitov,2525,3354,829
Birgitte Stærmose,1243,2070,827
Chuck Walker,257,1083,826
Peter Gathings Bunche,1625,2450,825
Thomas Balmès,60,885,825
Eduard Bordukov,1380,2205,825
Bryan Michael Stoller,270,1095,825
Martial Fougeron,3351,4175,824
Valeriy Todorovskiy,979,1803,824
Steven Lewis Simpson,423,1246,823
Mehrdad Ghafarzadeh,268,1090,822
S.A. Chandrashekhar,209,1031,822
Abhinav Thakur,110,931,821
Ian Gabriel,1650,2470,820
Yôji Yamada,695,1515,820
Andrea Sedlácková,2640,3459,819
Sérgio Tréfaut,701,1520,819
Erol Özlevi,14706,15523,817
Zoltán Török,70,887,817
Hyeon-jin Park,2844,3660,816
Eva López Sánchez,429,1245,816
Nobuhiro Yamashita,847,1663,816
Tim Trageser,2100,2915,815
Eric Mandelbaum,3731,4545,814
Donald Shebib,140,953,813
Aditya Sarpotdar,1299,2112,813
Gregory C. Haynes,1255,2067,812
Yasutake Torii,58,869,811
Ilan Ziv,247,1057,810
Scotty Curlee,880,1690,810
Emilie Deleuze,880,1690,810
Julian Higgins,676,1485,809
Ghasem Jafari,270,1079,809
María Paz González,1387,2195,808
Hélier Cisterne,430,1235,805
Park Hee-kon,1050,1855,805
Li Yin,254,1058,804
A. Razak Mohaideen,204,1007,803
Licínio Azevedo,107,910,803
Guntur Soeharjanto,161,963,802
Thanakorn Pongsuwan,1024,1826,802
Jorunn Myklebust Syversen,4100,4900,800
Jay Woelfel,1243,2041,798
Jos de Putter,350,1148,798
Kim Kyung-mook,238,1036,798
Bhandit Thongdee,1093,1890,797
William Brent Bell,102481,103275,794
Hatef Alimardani,1386,2180,794
Pappi Corsicato,667,1460,793
Hyung Hyup Kim,1328,2120,792
Maurício Farias,3884,4676,792
Athanasios Karanikolas,314,1105,791
Attila Janisch,935,1725,790
Yue Lü,925,1715,790
Christian Braad Thomsen,285,1075,790
Chia-Lin Chu,2086,2875,789
Luis Eduardo Reyes,1460,2248,788
Eddy Terstall,853,1640,787
Iveta Grofova,430,1215,785
Mateo Bendesky,386,1170,784
Ahmad Abdalla,3780,4564,784
Robin Entreinger,131,914,783
Stefano Milla,333,1116,783
Yoon-ki Lee,2478,3260,782
Luis Ospina,662,1443,781
Suha Arraf,60,840,780
Terry Cunningham,2250,3029,779
Xiaowen Zhou,1417,2195,778
Rita Horst,1854,2630,776
Wolfram Paulus,74,850,776
José Luis Guerín,1780,2555,775
Rosa von Praunheim,236,1010,774
Jerry LaMothe,2327,3100,773
Giles Daoust,1333,2105,772
Stefano Savona,345,1115,770
Martin Gypkens,1430,2200,770
Vinko Moderndorfer,495,1265,770
Jingle Ma,1875,2645,770
Kevin Lewis,732,1501,769
Murat Onbul,3245,4014,769
Jose Figueroa,132,900,768
Arthur Harari,3233,4000,767
Buket Alakus,1012,1779,767
Andrew N. Shearer,115,881,766
Carmine Amoroso,1670,2435,765
Logan Thomas,10300,11065,765
Aaron Lee Lopez,346,1110,764
Zhong Yu,540,1300,760
Mikko Kuparinen,3600,4360,760
Mark Weeden,680,1440,760
Rene Perez,738,1497,759
Lutz Dammbeck,147,905,758
Sam Logan Khaleghi,897,1655,758
Carlo Padial,1642,2399,757
K. Madhu,384,1141,757
József Pacskovszky,460,1215,755
Pieter-Rim de Kroon,721,1475,754
Hideyuki Hirayama,328,1081,753
Flavio Frederico,2344,3097,753
Alastair Riddell,742,1495,753
Ryûtarô Nakagawa,228,980,752
Sirus Alvand,380,1132,752
Jean-Philippe Duval,1075,1825,750
Charles Matton,1290,2040,750
Kevin Meyer,815,1565,750
Svend Wam,1755,2504,749
Mike Clattenburg,19725,20474,749
Rajesh M. Selva,10362,11110,748
Yun-ho Yang,611,1359,748
Bruce Neibaur,1023,1769,746
André Erkau,2289,3035,746
Samy Chouia,104,849,745
Mahmoud Karim,2726,3471,745
Thomas Heise,91,835,744
Michael Mak,3612,4355,743
Terry Spears,899,1640,741
Ong-Art Singlumpong,50,790,740
Scott Cervine,175,915,740
Víctor Matellano,1187,1927,740
Reiner Holzemer,1357,2095,738
Gísli Snær Erlingsson,512,1250,738
Brett Parker,3148,3885,737
Tayfun Pirselimoglu,3535,4272,737
Jerzy Sladkowski,73,810,737
William Blake Herron,3269,4005,736
Bobby Roth,910,1645,735
Yuriy Feting,256,990,734
Ger Poppelaars,345,1076,731
Jason Paul Collum,436,1167,731
Valerio Mieli,5665,6395,730
Krzysztof Zanussi,1925,2655,730
Gust Van den Berghe,715,1445,730
Tim Sutton,2441,3170,729
Frédéric Videau,1166,1895,729
Shaudi Wang,500,1228,728
Iku Suzuki,725,1450,725
Brian Bang,2945,3670,725
Anna Negri,665,1390,725
Sotiris Goritsas,1375,2100,725
Károly Makk,580,1305,725
Amy Miller Gross,3541,4265,724
Li Yi,522,1245,723
Csaba Bollók,587,1310,723
Matías Bize,1525,2245,720
Alejandro Springall,2890,3610,720
Zach Gayne,3195,3915,720
Reza Dormishian,1880,2600,720
Sevé Schelenz,10430,11150,720
Xiaolu Guo,250,970,720
Jonah Malak,2911,3630,719
Chito S. Roño,147,865,718
Ric Moxley,174,891,717
Robert Schwartzman,3813,4530,717
Shu-Kai Chung,159,875,716
Hamed Mohammadi,3845,4561,716
Bryan Goeres,2470,3185,715
Douglas Kung,178,892,714
Ryan Hendrick,2982,3695,713
Peter Kerekes,426,1139,713
Nap Toader,2787,3499,712
K. Ravi Shankar,801,1513,712
Mohammad Shirvani,313,1025,712
Maria Sole Tognazzi,3870,4580,710
Tikoy Aguiluz,356,1065,709
Kim Bass,1605,2313,708
Niyi Akinmolayan,93,800,707
Mohamed Samy,3190,3896,706
Bryn Evans,745,1450,705
Étienne Faure,1940,2645,705
Robert Cuffley,1060,1765,705
Natsuki Seta,1408,2112,704
Fereidoun Hasanpour,89,790,701
Chad Chenouga,570,1270,700
Jacob Goldwasser,296,995,699
Thunder Levin,990,1686,696
Semyon Aranovich,145,840,695
Leonel Vieira,3231,3926,695
Nour Eddine Lakhmari,1526,2220,694
Alejandro Maci,3092,3785,693
Ka-Fai Wong,49,740,691
Christian Wagner,210,901,691
Elgin Cahill,268,958,690
Patric Chiha,615,1305,690
Paxton Winters,800,1490,690
Victor Buhler,527,1215,688
Joe Duca,602,1290,688
Sean Else,1447,2135,688
Daniel Knudsen,628,1314,686
Gao Feng,79,765,686
Bernard Bellefroid,609,1295,686
Shaohong Li,324,1010,686
James Lemmo,1130,1815,685
Jeremy Wagener,1579,2263,684
Anna Eborn,368,1052,684
Rahhat Shah Kazmi,236,920,684
Moziko Wind,526,1210,684
Woo-jin Jang,73,757,684
Jesus Garces Lambert,1402,2085,683
Masoud Jafari Jozani,130,812,682
Fei Li,679,1360,681
Olga Malea,2106,2786,680
Roberta Grossman,410,1090,680
Shane Edelman,3680,4360,680
Florian Cossen,4210,4890,680
Sepideh Farsi,86,765,679
Alexander Voulgaris,1002,1681,679
Shô Miyake,178,857,679
Niels Gråbøl,1220,1896,676
Bertrand Tavernier,4235,4910,675
Jamie Kastner,1455,2130,675
Stefan Schwartz,1270,1945,675
Kôichi Imaizumi,495,1170,675
Santhana Bharathi,12857,13531,674
Henrique Couto,483,1157,674
Greg Aronowitz,4097,4770,673
Tommy Krappweis,2898,3570,672
Tsutomu Shibayama,2425,3095,670
Klaudia Reynicke-Candeloro,315,985,670
T.K. Rajeev Kumar,283,953,670
Fernando Pérez,500,1170,670
Kiumars Poorahmad,353,1023,670
Rene Bueno,3020,3690,670
Hassen Ferhani,430,1100,670
Eric Guirado,7729,8399,670
Max Kestner,223,891,668
Jan Verheyen,1539,2207,668
Bill Haney,489,1155,666
Ziad Kalthoum,504,1170,666
David Färdmar,2691,3355,664
Antonio Méndez Esparza,1205,1868,663
Laya Yourgou,477,1140,663
Lynn Hershman Leeson,571,1234,663
Karim El Sobky,2228,2890,662
Aslaug Holm,1239,1900,661
Rúnar Rúnarsson,7620,8280,660
Chase Dudley,79,739,660
Tong Kay Ming Terry,142,800,658
Ismail Merchant,1717,2375,658
Enas El-Degheidy,501,1158,657
Chi-jan Hou,1090,1747,657
Kamal,1083,1740,657
Michael Miller,2679,3335,656
Diastème,665,1320,655
Sarawut Intaraprom,155,810,655
Brian Clyde,3055,3710,655
Aleko Tsabadze,45,699,654
Rita Azevedo Gomes,1486,2140,654
Nicholas Kendall,833,1486,653
Zsolt Bernáth,196,849,653
Pushpendra Singh,108,760,652
David Barnard,1839,2490,651
José Alcala,634,1285,651
Christian Drew Sidaris,5335,5985,650
Tony Barbieri,2641,3291,650
Greg Whiteley,7638,8288,650
Christopher Forbes,628,1278,650
Mark Malone,3860,4510,650
Harry Michell,1510,2160,650
Richard Boddington,2551,3200,649
S.J. Creazzo,862,1510,648
David Verbeek,413,1059,646
Pascale Lamche,430,1075,645
Guido Lombardi,850,1495,645
Ai Weiwei,84,728,644
Joe Lujan,536,1180,644
Brice Cauvin,1021,1665,644
Lars Henriks,87,730,643
Mohsen Makhmalbaf,1430,2072,642
Tom Lin,3575,4215,640
José Miguel Juárez,747,1383,636
Bahij Hojeij,127,763,636
Derek Chiu,274,910,636
Dagur Kári,48145,48780,635
Hans W. Geissendörfer,955,1590,635
Ntshaveni Wa Luruli,1656,2291,635
Daniel Castro Zimbrón,2676,3310,634
Nick Lang,1972,2606,634
Nikolay Khomeriki,1338,1972,634
Mauricio Walerstein,273,905,632
Jin Jang,4144,4776,632
Nicola Bellucci,210,840,630
Frédéric Schoendoerffer,3695,4325,630
Renée Beaulieu,840,1470,630
Phil Hawkins,1601,2230,629
Arman T. Riahi,676,1305,629
Jun Ichikawa,407,1035,628
Árpád Bogdán,1018,1646,628
Richard Poche,371,999,628
Mae Czarina Cruz,777,1405,628
Oleg Fesenko,2678,3306,628
Hannaleena Hauru,1995,2620,625
Luis Alberto Lamata,910,1535,625
Hamy Ramezan,2651,3275,624
Steven Rush,348,972,624
Gary Wing-Lun Mak,1231,1855,624
Barmak Akram,1716,2340,624
Daniel Armando,453,1075,622
Satish Rajwade,4304,4925,621
Lina Luzyte,479,1100,621
Jacob Cooney,1038,1658,620
Ariel Rotter,1310,1930,620
Sudarshan Thapa,147,766,619
Rebekah Fortune,4117,4735,618
Paul Thomas,367,985,618
Kenneth Elvebakk,977,1595,618
Ari Matikainen,195,812,617
Daniel Vernon,533,1150,617
Lourdes Portillo,213,830,617
Tom O'Dell,720,1336,616
Jan Gassmann,1224,1840,616
Virgil Widrich,440,1055,615
Dan Shadur,565,1180,615
Hans-Christoph Blumenberg,240,855,615
Dan Villegas,845,1460,615
Ari Kristinsson,396,1010,614
Manuel Gutiérrez Aragón,871,1484,613
Songyos Sugmakanan,10965,11575,610
Hideaki Anno,9430,10040,610
Srdjan Vuletic,5885,6495,610
Jonathan Elbers,1721,2330,609
Monika Treut,547,1156,609
Hartmut Bitomsky,161,770,609
Joseph Mazzaferro,2697,3305,608
Alina Rudnitskaya,307,915,608
Wendy Jo Carlton,1603,2210,607
Rudy Luna,1129,1735,606
Jeremy Torrie,209,815,606
Stuart Gillard,2760,3365,605
Herwin Novianto,376,980,604
Jamielyn Lippman,491,1095,604
Nicholas de Pencier,421,1025,604
Zeca Brito,211,815,604
Romain Cogitore,542,1145,603
Anais Granofsky,218,820,602
Pierre-Henry Salfati,218,820,602
Martin Lagestee,708,1310,602
Michel Spinosa,1670,2270,600
Kôji Maeda,306,906,600
Siyu Cheng,480,1080,600
Esa Illi,126,725,599
Vasiliy Rovenskiy,1442,2040,598
Peter Liechti,289,887,598
Daryl Goldberg,4382,4980,598
Brant Sersen,5397,5995,598
Nicole Nielsen Horanyi,618,1215,597
Yusuke Narita,999,1595,596
Mototsugu Watanabe,114,710,596
Karl Francis,940,1536,596
Alain Zaloum,637,1232,595
Dorian Fernández-Moris,1270,1865,595
Ronan O'Leary,2411,3005,594
Dan Frank,93,685,592
Christine Repond,423,1015,592
Carlo Vanzina,1125,1717,592
Mark Ezra,1010,1600,590
Roberto Minervini,2998,3585,587
Francis Nam,294,881,587
Pekka Lehto,462,1048,586
Prime Cruz,1649,2235,586
Antony Smith,1450,2035,585
Kenji Shibayama,425,1010,585
Issei Shibata,781,1365,584
Michel Khleifi,110,694,584
Michael Valverde,1037,1621,584
Priyadarshan,6627,7211,584
Tao Zhang,192,775,583
Umberto Lenzi,720,1303,583
Yûichirô Hirakawa,2842,3424,582
Luís Filipe Rocha,440,1022,582
Robin Lutz,2374,2955,581
Geoffrey Edwards,210,790,580
John T. Bone,545,1125,580
Rituparno Ghosh,1721,2299,578
Erik Schmitt,2462,3040,578
Larisa Sadilova,383,960,577
Joel Lamangan,222,799,577
Ilkka Vanne,3004,3581,577
Jenna Cato Bass,739,1315,576
Rigoberto Pérezcano,1144,1720,576
Elisabeth Scharang,174,750,576
Mark Polonia,551,1126,575
Eddie Lengyel,959,1534,575
Yasmin Ahmad,500,1074,574
Sergio Oksman,135,709,574
Nik Triantafyllidis,643,1214,571
Mitesh Kumar Patel,1940,2508,568
Danny Clinch,2401,2968,567
Mehdi Sabbaghzadeh,196,763,567
Nick Baker-Monteys,1569,2135,566
Duck Dumont,155,720,565
Christy Garland,175,740,565
Roman Volobuev,1915,2480,565
Rodrigo Reyes,180,745,565
William Sullivan,2934,3498,564
Sriwass,2941,3505,564
Diego Mondaca,206,770,564
Pippo Mezzapesa,496,1060,564
Kaspar Munk,2905,3465,560
Ulla Wagner,365,925,560
Stephen Purvis,2460,3020,560
Giles Borg,665,1225,560
Viktor Lakisov,3077,3635,558
Toto Natividad,89,647,558
Robert Conway,2674,3230,556
Linzi Zhang,414,970,556
Martin Gooch,1144,1700,556
Raphaël Frydman,2082,2638,556
Billy Lewis,1125,1680,555
Markus Imhoof,396,950,554
Arsen A. Ostojic,8515,9068,553
Naël Marandin,623,1175,552
Lee Seung-won,220,770,550
Dmitriy Tomashpolskiy,247,795,548
Bailey Kobe,887,1435,548
Tetsuo Imazawa,540,1087,547
Gaël Lépingle,49,595,546
Yû Irie,283,829,546
R. Chandru,122,668,546
Kim Jong-hyun,675,1220,545
Deanne Foley,480,1025,545
Elina Psykou,2260,2805,545
Moussa Sene Absa,489,1033,544
Isabella Willinger,206,750,544
Larry Weinstein,442,985,543
Ji-Seung Han,194,736,542
Antonio Zavala Kugler,2559,3100,541
Muppalaneni Siva,80,621,541
Shahram Mokri,1825,2365,540
Demetrius Navarro,708,1248,540
Olivier Ringer,300,840,540
Ebrahim Ebrahimian,1659,2199,540
Marcin Krzysztalowicz,2777,3315,538
Maike Brochhaus,605,1143,538
Chi-Ngai Lee,261,797,536
Alessandro Rossetto,54,590,536
Nigel Dick,2955,3491,536
Francesca Archibugi,1345,1880,535
Noam Kroll,292,827,535
Jordan Todorov,265,800,535
Urs Egger,340,875,535
Klaartje Quirijns,739,1273,534
Mark Landsman,2141,2675,534
Bartosz Konopka,1862,2395,533
Neema Barnette,2817,3350,533
Masatoshi Kurakata,308,840,532
José Joffily,1697,2229,532
Verónica Chen,1325,1855,530
Sujit Guha,84,614,530
Attila Gigor,13775,14305,530
Thomas Koerfer,240,770,530
Matjaz Ivanisin,230,759,529
Marco Rosson,1851,2380,529
Leila Djansi,174,703,529
Andreas Schmied,693,1222,529
David Holbrooke,1207,1735,528
Macoto Tezuka,874,1400,526
Élise Girard,1075,1600,525
Chris R. Notarile,1525,2050,525
Chandrakant Kulkarni,609,1134,525
Andrew Cymek,1615,2140,525
Tony Jopia,1535,2059,524
Dutch Marich,1566,2090,524
Paul Winters,314,838,524
Jean-Marc Moutout,2407,2930,523
Gigi Roccati,317,840,523
Eduardo Coutinho,868,1390,522
Nan Triveni Achnas,979,1500,521
Pratim D. Gupta,1826,2345,519
Stuart Stanton,2193,2710,517
Camila José Donoso,929,1445,516
David Caesar,2829,3345,516
Jens Dahl,7825,8340,515
Ace Cruz,257,772,515
Parviz Sheikh Tadi,82,596,514
Sandra L. Martin,2075,2589,514
Joe Lee,926,1440,514
Jordan Barker,10557,11070,513
Carlos Armella,162,675,513
Yûichi Onuma,198,711,513
Richard Mansfield,524,1036,512
Jacek Bromski,244,755,511
Danny Schechter,571,1081,510
Dhana Sekaran,2807,3315,508
Maeve Murphy,582,1090,508
Katsuhide Motoki,102,610,508
Addison Randall,572,1080,508
Abdelkrim Bahloul,192,700,508
Carl Javér,622,1130,508
Yadollah Samadi,609,1115,506
Jacques Deray,1170,1675,505
Lluís Danés,2265,2770,505
Bradford May,5295,5800,505
Frédéric Mermoud,5630,6135,505
Anna Di Francisca,116,620,504
Hassan Nazer,112,615,503
Masahiro Shinoda,1135,1637,502
Birsa Dasgupta,1193,1695,502
Fabien Pruvot,621,1122,501
Héctor Olivera,395,896,501
Jorge Coira,2205,2705,500
Lise I. Osvoll,390,890,500
Kenneth Glenaan,3950,4449,499
Fabrice Genestal,1822,2320,498
Sergio Rubini,1855,2352,497
Satoshi Isaka,1045,1542,497
Jamal Shoorje,85,582,497
Norman Law Man,452,948,496
Benoît Jacquot,2550,3045,495
Robert Young,1315,1810,495
Claus Drexel,1195,1690,495
Barbara Eder,365,860,495
Chuck DeBus,1608,2100,492
John Langridge,3985,4475,490
Asghar Hashemi,222,712,490
Leonardo Guerra Seràgnoli,1170,1660,490
Thierry de Peretti,1755,2245,490
Carlos Lechuga,675,1165,490
Bernd Neuburger,90,580,490
Camilla Magid,175,665,490
Hannah Berryman,2072,2560,488
Terje Rangnes,3938,4425,487
Susannah O'Brien,2914,3400,486
Jeshua Dreyfus,684,1170,486
Manuel Poirier,319,805,486
Chase Smith,360,845,485
Daisuke Yamanouchi,230,715,485
Rex Piano,1617,2100,483
Onur Tukel,456,939,483
Alex Magaña,1377,1860,483
Michal Hogenauer,2008,2490,482
Haibin Du,359,840,481
Badri,515,995,480
Michaël Dacheux,450,930,480
K. Muralimohana Rao,1745,2225,480
Jonathan Nossiter,1366,1845,479
Fred Kelemen,182,660,478
Anthony Mir,2935,3412,477
M.S. Raju,1228,1705,477
Thomas Woschitz,539,1015,476
Scott Reynolds,15675,16150,475
Jacob Berger,175,650,475
Amir Ramses,1049,1524,475
Maggie Peren,3345,3820,475
Mohamed Hamdi,292,765,473
Eric Dean Hordes,563,1035,472
Don Roy King,2128,2600,472
Zsombor Dyga,678,1147,469
Johan Nijenhuis,11246,11714,468
Mohammad Mehdi Asgarpour,599,1066,467
Dieudo Hamadi,253,720,467
Jon Red,202,669,467
Huang He,150,616,466
Anders Nilsson,20945,21410,465
Roswitha Haas,580,1045,465
Caru Alves de Souza,770,1235,465
Aruna Raje,1081,1545,464
Katsuya Tomita,250,714,464
Frédéric Sojcher,517,980,463
Phil Comeau,462,924,462
Srinivasa Rao Bhimaneni,798,1259,461
Geordie Sabbagh,980,1440,460
Shih-Han Liao,2255,2715,460
Monty Tiwa,215,675,460
Gerard Damiano,65,523,458
Eyal Halfon,162,620,458
Hiroshi Nishikiori,1362,1820,458
Antonio del Real,636,1093,457
Eryk Rocha,244,700,456
G. Robert Vornkahl,409,865,456
Stewart Schill,1539,1995,456
Nabil Ben Yadir,4980,5435,455
Joe Thomas,130,585,455
Agnidev Chatterjee,599,1053,454
Pornchai Hongrattanaporn,343,797,454
Ping Wang,706,1160,454
Norbert Lechner,132,585,453
Beda Docampo Feijóo,1040,1491,451
Erdenebileg Ganbold,329,780,451
Derek Wayne Johnson,440,890,450
John Quinn,510,960,450
Suresh,337,785,448
Christopher Wesley Moore,1151,1598,447
Harald Friedl,124,570,446
Fabienne Berthaud,2274,2720,446
Jian Qi,39,484,445
Rod McCall,1970,2415,445
David Goldner,400,845,445
Jorge Riquelme Serrano,991,1435,444
Yoshiyuki Kishi,1127,1570,443
Michela Occhipinti,848,1290,442
Yi-kwan Kang,765,1205,440
Adam Guzinski,502,940,438
Ray Loriga,1987,2425,438
Prabhat Roy,300,736,436
Izuru Kumasaka,319,755,436
Xin Xin Xiong,1590,2025,435
Joey Klein,4620,5055,435
Takeshi Yokoi,225,660,435
Thomas Robsahm,1040,1475,435
Giorgio Amato,480,914,434
Laura Casabe,421,855,434
Miklós Jancsó,154,587,433
Petr Kubik,1778,2210,432
Helene Klodawsky,148,580,432
Nathan Adloff,3103,3535,432
Vadim Jean,2740,3171,431
Mark Harris,1049,1480,431
Joaquin Montalvan,224,655,431
Marion Vernoux,630,1060,430
Barnet Bain,3370,3800,430
Nikos Grammatikos,376,804,428
Mark Verkerk,2000,2428,428
Florence Jaugey,295,723,428
Tara Pirnia,180,607,427
Valentina Pedicini,303,730,427
Khavn,170,597,427
Suman Ghosh,590,1016,426
Denis Dercourt,446,872,426
Auturo Gavino,531,957,426
Yuen-Leung Poon,605,1030,425
Ethan H. Minsker,79,504,425
Felipe M. Guerra,175,600,425
Sophie Lorain,2730,3155,425
Kam-Hung Yip,991,1415,424
Somching Srisupap,766,1190,424
Maurizio Zaccaro,364,788,424
Eloy Enciso,642,1065,423
Morten Køhlert,1731,2153,422
Fred Williamson,1000,1422,422
Leah Walker,1013,1435,422
Fulvio Bernasconi,367,789,422
Alessandro Perrella,234,655,421
Jitka Rudolfová,474,895,421
Masahide Ichii,78,498,420
Anton Bilzho,725,1145,420
Kurt Voss,942,1361,419
Frank V. Ross,165,583,418
Ryon Lee,162,580,418
Emre Akay,3667,4085,418
Yemi Bamiro,1717,2135,418
Egon Günther,184,601,417
Jaroslav Soukup,802,1219,417
Yasuo Tsuruhashi,552,968,416
Felipe Cazals,156,572,416
Joshua Land,594,1010,416
Raya Martin,519,935,416
Kin-Nam Cho,103,518,415
Hossein Ghasemi Jami,160,575,415
Lisa Azuelos,4240,4655,415
Paco del Toro,90,504,414
Otto Alexander Jahrreiss,315,729,414
Donald James Parker,197,610,413
Kôji Wakamatsu,361,773,412
Péter Bacsó,765,1176,411
Selma Dell'Olio,374,785,411
Chris Jones,525,935,410
Leonard Nimoy,7885,8295,410
Mário Barroso,1030,1440,410
Anna Maria Tatò,1725,2135,410
Isabelle Stever,151,560,409
Roberto Fiesco,2566,2975,409
Jeanne Waltz,682,1090,408
D. Rajendra Babu,135,543,408
Redge Mahaffey,567,975,408
Elisa Miller,572,980,408
Shuhaimi Baba,162,569,407
Vikram Pradhan,1029,1435,406
Lisa F. Jackson,201,607,406
Toru Yamamoto,344,750,406
Scott Zakarin,690,1095,405
Algimantas Puipa,114,519,405
Srdjan Karanovic,2855,3260,405
John Boorman,8945,9350,405
Marinos Kartikkis,321,725,404
Alina Gorlova,496,900,404
In Hak Jang,523,926,403
Avdotya Smirnova,2598,3000,402
Nabil Ayouch,3438,3840,402
Diego Luna,5938,6340,402
Matías Piñeiro,618,1020,402
Kai Keung Lai,393,795,402
Anand Shankar,15069,15470,401
Haim Bouzaglo,136,536,400
Frances-Anne Solomon,338,735,397
Mano Khalil,168,565,397
Jeong-Kuk Lee,345,740,395
Robin Lough,155,550,395
Ten Shimoyama,125,520,395
David White,751,1145,394
Garrett Bennett,1171,1565,394
Chris Kennedy,1114,1506,392
Ernest G. Sauer,584,975,391
Micha Lewinsky,900,1290,390
Christoph Schaub,90,480,390
Zsolt Pálfi,380,770,390
Caleb Hystad,435,825,390
Aziz Sejawal,1129,1518,389
Katja Gauriloff,1604,1993,389
Daryne Joshua,1457,1845,388
Yorgos Avgeropoulos,462,850,388
Aleksandr Molochnikov,927,1315,388
Stacy Cochran,4165,4553,388
Yûzô Asahara,73,461,388
Gabriel Bologna,432,818,386
Dang Nhat Minh,276,661,385
Koos Roets,120,505,385
Alastair Lee,171,555,384
Joseph Ciminera,1005,1389,384
Federico Bondi,1121,1505,384
Johan Timmers,1281,1665,384
Martin Duffy,545,928,383
Emmanuel Hamon,1692,2075,383
Brittany Goodwin,884,1267,383
Ulrike Ottinger,222,605,383
Tony Tang,1148,1530,382
Thor Moreno,72,454,382
Judy Naidoo,419,800,381
Ilian Metev,1985,2365,380
Mirca Viola,905,1285,380
Beth B,405,785,380
Ki-hwan Oh,1500,1880,380
Carlos Saboga,390,770,380
Ramon Térmens,795,1175,380
Ahmad Bahrami,1561,1940,379
Yasuhiro Yoshida,801,1180,379
Amir Manor,617,995,378
Alkinos Tsilimidos,973,1350,377
Bob Cook,432,809,377
Dylan Mars Greenberg,346,722,376
Sander Burger,349,725,376
Dónal Foreman,774,1150,376
Marc Levin,568,944,376
Jose Poernomo,225,601,376
Jesús Magaña Vázquez,398,774,376
Katja von Garnier,3010,3385,375
Fred P. Watkins,269,643,374
Maria von Heland,5554,5928,374
Adrian Kwan,293,665,372
Andoy Ranay,299,670,371
Gabriel Aghion,2251,2621,370
Ryan Balas,81,451,370
Ann Hui,2805,3175,370
Sv Bell,265,635,370
Andrew Schuth,3160,3530,370
Ferdinando Vicentini Orgnani,180,550,370
Shûsuke Kaneko,197,567,370
Sebastián Brahm,430,800,370
Oh-Kwang Kwon,3120,3490,370
Peter Flinth,3510,3880,370
Tony Spiridakis,2260,2629,369
André Gil Mata,76,445,369
Yannis Economides,11532,11900,368
Harry Sinclair,1980,2348,368
Terry Lee Coker,1222,1588,366
James Thomas,3355,3720,365
Marta Ferencova,500,865,365
Aleksandr Rogozhkin,905,1270,365
Joshua Rous,1800,2164,364
Sameer Vidwans,1873,2237,364
Michaela Pavlátová,450,814,364
Sundardas,728,1091,363
Philip Harder,1492,1855,363
Catherine Martin,279,641,362
Bijan Mirbagheri,172,534,362
Yusup Razykov,142,504,362
Joshua Kennedy,208,569,361
Azhar Kinoi Lubis,321,681,360
Pourya Azarbayjani,265,625,360
Mariusz Gawrys,1455,1815,360
Rob Moretti,3615,3975,360
Lok Kwan Woo,200,560,360
Olgun Özdemir,1151,1510,359
Lawrence Lanoff,652,1010,358
Yeon-Shick Shin,262,620,358
Shahram Shah Hosseini,1844,2201,357
Shawn Justice,448,805,357
Zhe Zhang,315,670,355
Kaneto Shindô,971,1325,354
Takeshi Fukunaga,1176,1530,354
Ashok Pati,81,435,354
Matt Green,1021,1374,353
Daniel Falicki,422,775,353
Abbas Fahdel,771,1124,353
Yoram Gross,1385,1737,352
Marc Punt,2023,2375,352
Jon Artigo,873,1225,352
Kazuyuki Izutsu,241,593,352
Ton van Zantvoort,419,770,351
Pavel Giroud,1110,1460,350
José Luis Torres Leiva,595,945,350
Anna Melikyan,1575,1925,350
Eva Neymann,85,435,350
Nick Kellis,485,835,350
Soo Sung Lee,160,509,349
S. Pierre Yameogo,111,460,349
Billy Christian,397,745,348
Wu Ma,232,580,348
Drew Thomas,1812,2160,348
Jim Klock,1008,1356,348
Jaap van Heusden,1828,2175,347
Le Luo,195,541,346
Beeban Kidron,945,1290,345
Liam O Mochain,825,1170,345
Atsushi Ueda,92,436,344
Paul Soriano,261,603,342
Chris McIntyre,855,1197,342
Anucha Boonyawatana,2388,2730,342
Jennifer Devoldère,7915,8255,340
Josée Dayan,1510,1850,340
Jirí Mádl,1650,1990,340
Philippe Martinez,2465,2805,340
Laura Nix,636,975,339
Gabriel Saint,346,685,339
Marjoleine Boonstra,168,505,337
Donald Crombie,350,686,336
Bourlem Guerdjou,775,1110,335
Flávia Castro,1691,2025,334
John Harwood,455,788,333
Stefano Incerti,185,517,332
Ali Özgentürk,1533,1865,332
Jeff Wedding,653,985,332
Sonia Kennebeck,3600,3930,330
Ryszard Brylski,869,1199,330
Mariana Cengel-Solcanská,679,1009,330
Rene Effie,150,480,330
Jill Hayworth,236,565,329
Shawkat Amin Korki,620,948,328
Danilo Caputo,237,565,328
James Yuen,593,920,327
Ming Jin Woo,207,534,327
Matthias X. Oberg,415,742,327
Sang-Jin Kim,214,540,326
Shirley Frimpong-Manso,102,428,326
Daphne Charizani,1454,1780,326
Philippe Béziat,380,705,325
Tanwarin Sukkhapisit,335,660,325
Paulette Victor Lifton,488,813,325
Kyle Schickner,408,732,324
Pawel Lozinski,1205,1529,324
Jérôme Le Maire,142,465,323
Eyra Rahman,132,455,323
Kittikorn Liasirikun,305,628,323
Johan van der Keuken,270,590,320
Laron Austin,426,745,319
Oleg Kovalov,129,448,319
Badiul Alam Khokon,150,468,318
Dariush Farhang,591,909,318
Kire Paputts,425,740,315
Valerio Jalongo,236,551,315
Jay Madison,470,785,315
Ioan Cãrmãzan,510,825,315
Jenn Page,370,685,315
Giulio Base,115,430,315
Jonathan Sagall,950,1265,315
Kazuhiro Yokoyama,671,986,315
Barbara Wong Chun-Chun,915,1230,315
Chus Gutiérrez,480,794,314
Kazuo Kuroki,284,597,313
Gholam Reza Ramezani,78,391,313
Ahmad Reza Mo'tamedi,482,795,313
Steven 'Prozak' Shippy,935,1247,312
Jamel Aattache,1058,1370,312
Margy Kinmonth,258,570,312
Francesco Miccichè,543,854,311
Hayo Freitag,4244,4555,311
Andreas Goldstein,510,820,310
Stephen La Rocque,2315,2625,310
Jalil Lespert,2355,2665,310
Paul Barbeau,130,440,310
Júlio Bressane,404,714,310
Sacha Polak,9025,9335,310
Rolie Nikiwe,355,664,309
Shelagh Carter,204,513,309
Everett Lewis,427,734,307
Diego Galán,213,519,306
Ivan Dykhovichnyy,1085,1391,306
Daria Onyshchenko,894,1200,306
Andrei Gryazev,167,473,306
Jack Snyder,2580,2885,305
Jimmy Nickerson,2705,3009,304
Toni D'Angelo,576,880,304
Mario Camus,335,639,304
Takaomi Ogata,155,459,304
Peter Masterson,3695,3999,304
Martin Casapía Casanova,311,615,304
Jonathan Stack,501,805,304
Fazil,763,1066,303
Wai-Man Cheng,137,440,303
Simon Godwin,542,844,302
Zoltan Paul,334,636,302
Emir Skalonja,199,500,301
Creep Creepersin,184,485,301
Franco Amurri,28835,29135,300
Robert Logevall,1560,1860,300
Vincent Mariette,3035,3335,300
Abba Makama,720,1020,300
Ian David Diaz,1510,1810,300
Laura Luchetti,845,1145,300
Jeff London,1796,2096,300
Dan Wolman,94,393,299
Christopher Monger,2935,3234,299
Ventura Durall,351,650,299
Rakesh Mehta,1222,1520,298
Konstantin Khudyakov,87,385,298
Panos Karkanevatos,492,790,298
Gábor Dettre,526,824,298
Michael McCaffrey,631,929,298
Samuele Rossi,72,370,298
Raimo O. Niemi,1443,1740,297
Salvatore Maira,271,567,296
Paola Randi,2140,2435,295
Chi-Kin Yeung,815,1110,295
Harvey Lowry,725,1020,295
Shinji Aoyama,652,946,294
Tristán Bauer,230,524,294
Fiorella Infascelli,225,517,292
Milan Cieslar,443,735,292
Jon Brewer,405,696,291
Tata Amaral,662,953,291
Michael Paul Girard,383,674,291
Gilles Gambino,305,595,290
Joe Coppoletta,1185,1475,290
Daniel Cebrián,639,929,290
Asoka Handagama,338,628,290
Thierry Schiel,1000,1290,290
Gino M. Santos,977,1265,288
Jivan Avetisyan,332,620,288
Daniel Gimelberg,462,750,288
Pat Kondelis,4267,4555,288
Florian Eichinger,783,1071,288
Tak-Sam Leong,108,395,287
Joshua Lim,2443,2730,287
Phil Stevens,34,321,287
Jennifer Baichwal,873,1160,287
Yong-jib Park,523,810,287
Elaine Proctor,573,860,287
Steve Lichtag,104,390,286
Natty Zavitz,1173,1459,286
Tony Y. Reyes,162,448,286
Travis Mills,72,358,286
Ivan Solovov,104,389,285
Jake Helgren,3421,3705,284
Luis López Carrasco,2306,2590,284
Rustam Khamdamov,708,992,284
Pierre-Yves Vandeweerd,211,495,284
Aryan Kaganof,267,551,284
Wil Lewis,168,451,283
Yaron Shani,615,898,283
Teddy Lussi-Modeste,1682,1965,283
Richard Chandler,252,535,283
Shoji Kubota,92,375,283
Kennedy Goldsby,651,933,282
Maria Finitzo,224,505,281
Peter Brunner,414,695,281
Johnnie Kong,515,795,280
Piotr Skowronski,475,755,280
David Pujol,755,1035,280
Víctor Moreno,330,610,280
Roman Vávra,726,1005,279
Kwok-Lap Lee,47,326,279
Robert Glinski,336,615,279
Brad Jones,585,864,279
Christian Dyekjær,391,670,279
Anca Miruna Lazarescu,1373,1652,279
Rod Hewitt,742,1020,278
Maria Martinelli,1247,1525,278
Cheung-Yan Yuen,98,376,278
V.M. Vinu,230,508,278
Carlos Benpar,353,631,278
Samantha Lang,2210,2487,277
Phillip Penza,376,653,277
Abbas Rafei,173,450,277
Pierre Jolivet,1174,1450,276
Tony Simpson,1080,1355,275
Helena Trestíková,40,315,275
Noémie Lvovsky,1365,1640,275
Manuel Mozos,341,616,275
Fabián Forte,312,586,274
Beata Gårdeler,4428,4700,272
Hrach Keshishyan,164,436,272
Trey Haley,1392,1663,271
Nam Cito,401,672,271
Antonio Tibaldi,1070,1341,271
David Michael Latt,1444,1714,270
Tung Cho 'Joe' Cheung,696,966,270
Adam Cushman,1295,1565,270
Firouzeh Khosrovani,1200,1470,270
Thomas Wallner,210,480,270
Ekaterina Eremenko,54,323,269
Michael Henry,133,401,268
Taylor Wong,1068,1335,267
Marcela Lordy,1108,1375,267
Ann Lu,1023,1290,267
Mitsuhiro Mihara,313,579,266
Václav Vorlícek,889,1155,266
Christophe Blanc,740,1005,265
Kinga Debska,5670,5935,265
Fanny Ardant,920,1185,265
Christopher Thompson,1855,2120,265
Jesse Moss,691,955,264
Roland Reber,209,473,264
Pasquale Pozzessere,236,500,264
James Klass,6036,6299,263
Eitan Anner,673,935,262
Zola Maseko,850,1112,262
Piers Garland,84,345,261
Vincenzo Marra,469,730,261
Bragi Thor Hinriksson,595,855,260
Carlos Atanes,1295,1554,259
Brandon Colvin,346,605,259
Niles Atallah,1362,1620,258
Georgiy Shengeliya,737,994,257
Tonino De Bernardi,321,578,257
T.V. Chandran,1138,1395,257
E.V.V. Satyanarayana,322,579,257
Christian Viel,1694,1950,256
Alvydas Slepikas,325,581,256
Marco Mak,269,525,256
Arash T. Riahi,309,565,256
Julien Vrebos,2258,2513,255
Michael Nunn,626,880,254
Gonzalo Justiniano,851,1105,254
Jose Javier Reyes,147,401,254
Suzanne Osten,750,1003,253
Tonislav Hristov,482,735,253
Richard Ciupka,1075,1327,252
Linh Viet,66,318,252
Rupert Hitzig,543,795,252
Junji Sakamoto,446,696,250
Scott Smith,4302,4552,250
Diego Martínez Vignatti,309,558,249
José Luis García Agraz,416,665,249
Oleg Mavromatti,46,295,249
Mait Laas,231,480,249
Masha Kondakova,122,370,248
Shawney Cohen,167,415,248
Tope Oshin,257,505,248
Jean-Claude Flamand-Barny,1387,1635,248
Deborah Koons Garcia,4349,4597,248
Chris D. Nebe,50,298,248
Kim Harrington,73,321,248
Guangli Wang,67,314,247
Vasilis Mazomenos,139,385,246
Lesley Chilcott,669,915,246
Maurizio Sciarra,624,870,246
Mladen Kovacevic,136,382,246
Alexandra McGuinness,1929,2175,246
Shin Seung-soo,99,345,246
Maud Alpi,375,620,245
George Markakis,655,900,245
Xing Fei,3135,3380,245
Timothy Hines,13990,14235,245
Andreas Johnsen,975,1220,245
Gjergj Xhuvani,501,745,244
Danny Garcia,1396,1640,244
Helke Misselwitz,332,575,243
Thomas Yip,590,833,243
Sudesh Wasantha Pieris,200,443,243
Marcus Lenz,557,800,243
Regardt van den Bergh,240,482,242
Bodunrin Sasore,643,885,242
Lenka Kny,509,750,241
Atsuhiro Yamada,430,670,240
Yûya Ishii,253,493,240
A.J. Mattioli,850,1090,240
Hassan Hedayat,168,408,240
Andy Sidaris,7600,7840,240
André Schneider,351,590,239
Michael Wade Johnson,228,466,238
Pol Cruchten,538,775,237
Akiyoshi Kimata,163,400,237
Alberto Morais,353,590,237
Oliver Schwehm,408,645,237
Gabriela Calvache,984,1220,236
Eliza Petkova,414,650,236
Young-hoon Park,7560,7795,235
Alain Raoust,325,560,235
Shuki Levy,865,1100,235
Amadeusz Kocan,229,462,233
Teresa Villaverde,595,827,232
Yuriy Moroz,1345,1577,232
Goran Rebic,348,580,232
Elisa Amoruso,308,540,232
André Melançon,838,1070,232
Georgi Djulgerov,261,493,232
Oliver Dieckmann,1164,1395,231
José Luis Rugeles,1784,2015,231
Elisa Mishto,964,1195,231
Alejandro Gamboa,802,1033,231
Jakir Hossain Raju,186,417,231
Kirk Bowman,329,560,231
Nisar,200,431,231
Martin Laroche,560,790,230
Yosep Anggi Noen,530,760,230
Charles de Meaux,365,595,230
Justin Edgar,1420,1650,230
Slawomir Grunberg,57,286,229
Kôichirô Miki,480,709,229
Kirk Harris,4011,4240,229
Jirí Chlumský,555,783,228
Max Newsom,847,1075,228
Panahbarkhoda Rezaee,352,580,228
Michael Fredianelli,234,462,228
Matt Spease,103,330,227
Moez Kamoun,95,321,226
Ivaylo Penchev,2134,2360,226
Erlend E. Mo,41,267,226
Leyla Yilmaz,5635,5860,225
Jacques Monnet,925,1150,225
Diogo Morgado,3340,3565,225
Jahangir Jahangiri,116,340,224
Stephen Groo,100,324,224
Rodney Jackson,302,525,223
Frank Kerr,481,704,223
Giorgos Panousopoulos,662,885,223
Salomón Askenazi,1138,1360,222
Simo Halinen,2914,3135,221
Steve Suissa,682,903,221
Ravi Raja Pinisetty,802,1023,221
Barak Heymann,74,295,221
John Feldman,785,1005,220
Zoltán Kamondi,466,686,220
Giles Walker,815,1035,220
Andrea Marini,1180,1400,220
Elyes Baccar,60,280,220
Vahid Mousaian,207,426,219
João Canijo,675,894,219
Herb Freed,815,1033,218
Mani Maserrat-Agah,5087,5305,218
Marek Najbrt,1205,1422,217
Danial Rifki,278,494,216
Mehdi Charef,707,923,216
Maurizio Ponzi,327,543,216
Jan Schmidt-Garre,249,465,216
Jo Sol,463,679,216
Goo-Bi GC,1709,1925,216
Max Färberböck,35060,35275,215
József Gallai,1130,1345,215
Sandra Kogut,2820,3035,215
Michel Deville,2590,2805,215
Lukasz Barczyk,759,974,215
Karen Stokkendal Poulsen,170,385,215
Danny Ben-Moshe,67,282,215
Nicolae Margineanu,973,1187,214
Søren Fauli,2731,2944,213
Svetlana Proskurina,197,410,213
Frank A. Caruso,155,367,212
Jay Abello,249,461,212
Maud Guillaumin,118,330,212
Abolfazl Jalili,205,416,211
Chris McKim,895,1105,210
Antonio Hernández,1963,2173,210
Micheal Bafaro,710,920,210
Maura Delpero,905,1115,210
Sonja Prosenc,660,870,210
Tomasz Szafranski,390,600,210
Rick Rosenthal,3995,4205,210
Laetitia Carton,405,615,210
Byamba Sakhya,60,270,210
Nathan Blair,146,355,209
Tim Gray,140,349,209
Anthony Spadaccini,350,559,209
Paul Williams,495,704,209
Laurent Dussaux,765,973,208
Ashish Avikunthak,132,340,208
Eric Baudelaire,582,790,208
S. Narayan,379,586,207
Curt Truninger,828,1035,207
Christine Carrière,949,1156,207
Cyrus Frisch,384,590,206
Rea Rangaka,59,265,206
Yuriy Khashchevatskiy,151,357,206
Sandip Ray,2270,2475,205
Kim Tae-soo,185,390,205
Florian Opitz,1280,1485,205
Dmitry Mamuliya,510,715,205
Daphna Kastner,945,1150,205
Tobias Wiemann,2091,2295,204
John Akomfrah,222,426,204
Jon Russell Cring,84,288,204
Maxime Alexandre,600,804,204
Jarrell Crump,430,634,204
Cameron Thor,3509,3713,204
Grant McPhee,272,475,203
Miu-Suet Lai,1027,1230,203
Steve Hudgins,620,823,203
Joe Odagiri,1038,1240,202
Anil,127,329,202
Lars Hesselholdt,953,1155,202
Gleb Panfilov,965,1167,202
Antoine Barraud,298,500,202
Reis Çelik,1854,2054,200
Mel Chionglo,105,305,200
Matthew Bourne,240,440,200
Shengze Zhu,240,440,200
Václav Kadrnka,375,575,200
James Adam Tucker,554,753,199
Ruijun Li,261,460,199
Gary Andrews,444,642,198
Andrés Duque,150,348,198
David Ilundain,3643,3840,197
Henderson Maddox,139,336,197
Christian González,83,280,197
Olga Spátová,216,413,197
Jayaraj,901,1097,196
Tereza Nvotová,2651,2847,196
Mikael Dovlatyan,437,633,196
Daniel Algrant,8770,8965,195
Ramadan Suleman,235,430,195
J. Michael Long,96,291,195
Fernand Melgar,110,304,194
Michel Ricaud,66,260,194
Edward Holzman,517,710,193
Franz Novotny,212,405,193
F.C. Rabbath,490,683,193
Kôta Yoshida,422,614,192
Rachel Samuels,1928,2120,192
Margarida Gil,142,333,191
Max Lemcke,1702,1893,191
Kent Cheng,835,1025,190
Chang-ho Cho,655,845,190
Hosein Ghena'at,176,366,190
Barbara Sarasola-Day,425,615,190
Qinmin Jiang,250,440,190
Andrew Walkington,90,280,190
Kevin Dunn,129,318,189
Audrius Stonys,49,237,188
Yoshio Takeuchi,2163,2350,187
Dana Lustig,2505,2690,185
Amir Naderi,550,735,185
Valérie Donzelli,3205,3390,185
Hitoshi Ozawa,179,363,184
Milo Rau,446,630,184
Kazem Mollaie,1636,1820,184
Miroslav Janek,130,314,184
Wenn V. Deramas,644,827,183
Suk-Yoon Kim,2717,2900,183
Stefan Ruf,458,640,182
J.R. Bookwalter,1074,1255,181
Giacomo Durzi,774,955,181
Yves Caumon,316,497,181
Eldar Shengelaia,79,260,181
Wai-Ying Yip,180,360,180
Vincent Lannoo,922,1102,180
Scott Hester,118,297,179
Dawn Gifford Engle,131,310,179
David Babakhanyan,721,900,179
Janaya Black,203,381,178
Jan Nemec,217,395,178
Giuseppe Bertolucci,582,760,178
Yeong-bae Jeong,212,389,177
Nino Kirtadze,119,296,177
Robert L. Parker III,154,330,176
M.L. Pundhevanop Dhewakul,1379,1555,176
Guðný Halldórsdóttir,885,1060,175
Reese Eveneshen,2705,2880,175
Kyung Won Lim,550,725,175
Weifeng Deng,120,295,175
Girish Mohite,99,274,175
Kenneth Branagh,152135,152310,175
Carlos Quintela,506,680,174
David Naglieri,159,332,173
Pavel Ruminov,1860,2033,173
Naoyuki Itô,417,589,172
Leidulv Risan,540,712,172
Perci M. Intalan,490,662,172
Robert Alaniz,242,413,171
Ferenc Moldoványi,175,346,171
Giovanni Troilo,850,1020,170
Antonio Giménez Rico,165,335,170
Tom Lazarus,930,1100,170
Kôsuke Suzuki,162,332,170
Rudolf Thome,260,429,169
Janet Chun,635,803,168
Phil Gorn,391,559,168
Zaza Urushadze,1077,1245,168
Lara Izagirre,2082,2250,168
Kang Woo-suk,557,725,168
Jim Haggerty,532,699,167
Joe Ma,166,332,166
Ryan Katzenbach,296,462,166
Tadhg O'Sullivan,305,470,165
Al Carretta,102,267,165
Edoardo Winspeare,680,845,165
Shiori Kazama,146,311,165
Meng Zhang,378,542,164
Bui Thac Chuyên,455,619,164
Tarun Majumdar,101,265,164
Pavel Cuzuioc,326,490,164
P. Sheshadri,78,242,164
Tony Newton,599,763,164
Kuninori Yamazaki,66,230,164
Shôtarô Kobayashi,282,445,163
Kevin Alber,557,720,163
Christian Klinger,202,365,163
Alan Byron,662,825,163
U-Wei Haji Saari,497,660,163
Néjib Belkadhi,648,810,162
Thesingu Rajendar,140,302,162
Stefano Pasetto,573,735,162
Jimena Montemayor,315,477,162
Enrique Gabriel,185,347,162
Vicky Ranawat,111,273,162
Yong-hi Yang,1060,1221,161
Mehdi Rahmani,359,520,161
Cardinal Lamberto,405,565,160
Jaime Falero,2325,2485,160
Dave Christiano,970,1130,160
Vladlen Barbe,198,357,159
Francis Posadas,72,231,159
Ramanarayanan,71,230,159
Trudy Sargent,127,285,158
Sabine Derflinger,313,471,158
Itai Lev,297,455,158
Didier Van Cauwelaert,927,1085,158
Pietra Brettkelly,326,484,158
Cesar Montano,268,425,157
Gabriel Velázquez,251,408,157
Barry Samson,868,1025,157
Avi Mograbi,274,430,156
Hong Huang,225,381,156
Eric Gibson,427,582,155
Stefan Müller,690,845,155
Derrick Granado,1290,1445,155
Larry Yang,1076,1230,154
Paul Donovan,1012,1165,153
Mario O'Hara,154,307,153
Thomas Imbach,203,355,152
Dong Wei,114,265,151
Richard Hobert,1394,1545,151
Marcel Schüpbach,90,240,150
Paul Day,130,280,150
Rabah Ameur-Zaïmeche,1795,1945,150
Viko Nikci,195,345,150
Viktor Taus,845,995,150
Sergio Citti,400,550,150
Richard Somes,519,668,149
Elfi Mikesch,136,285,149
Aleksandr Klimenko,796,945,149
Patricia Plattner,350,499,149
Stelios Charalampopoulos,95,243,148
Nengjie Jiang,37,185,148
Shôsuke Murakami,7497,7645,148
Jean-Daniel Pollet,124,272,148
Michael Gleissner,708,856,148
Iván Fund,123,271,148
Anne Villacèque,823,971,148
Eliza Kubarska,552,700,148
Gregori J. Martin,165,313,148
Solveig Nordlund,200,347,147
Anthony M. Winson,548,695,147
Chaoyang Niu,142,289,147
Thunska Pansittivorakul,119,265,146
Jordan River,30,175,145
Arturo Ripstein,1180,1325,145
Ngoc Phuong Vu,306,451,145
David Fairman,740,885,145
Goran Radovanovic,125,270,145
Brent Huff,535,680,145
Staffan Julén,150,295,145
Iraj Karimi,327,471,144
Antonio D'Agostino,51,195,144
Kostadin Bonev,124,267,143
Eric Quizon,312,455,143
Susi Ganesan,4357,4500,143
Clay Moffatt,188,331,143
Andrés Di Tella,119,262,143
Jonas Selberg Augustsén,464,606,142
Joey Del Rosario,49,191,142
William R. Greenblatt,705,846,141
Phedon Papamichael,625,766,141
Bob Bragg,174,315,141
Jacek Blawut,145,285,140
Ivan Tscherkelov,86,226,140
Li'ang Wang,595,735,140
Mohsen Mohseni-Nasab,83,223,140
Cheng-sheng Lin,465,604,139
Zhanabek Zhetiruov,76,215,139
Jero Yun,270,409,139
Oleksandr Berezan,322,460,138
David Safarian,222,360,138
Anri Kulev,88,225,137
Peter Bishai,1814,1951,137
Alfonso Brescia,55,192,137
Rubén Mendoza,1214,1350,136
Thomas Lilti,14190,14325,135
Daryl Stoneage,260,395,135
Al Tantay,105,240,135
Teddy Smith,1625,1760,135
Peng Fei Song,640,775,135
Bharathiraja,130,265,135
Rehad Desai,226,361,135
Zanbo Zhang,301,436,135
Dean Alioto,2146,2280,134
Kip Oebanda,778,912,134
Kumaar Aadarsh,147,280,133
Tetsuo Shinohara,313,446,133
Steve Ravic,4876,5009,133
Stella Theodoraki,107,239,132
Mads Ellesøe,243,375,132
Yusof Haslam,185,316,131
Ivan Pokorný,264,395,131
Yossi Wein,1325,1455,130
Mohamed Chouikh,125,255,130
Juan Antonio de la Riva,557,687,130
Tanaz Eshaghian,1130,1260,130
Quang Minh Hô,70,200,130
Norah Shapiro,561,690,129
Claudiu Mitcu,120,249,129
Jaroslav Brabec,645,773,128
Steven Cantor,703,831,128
Jin Yang,57,185,128
Petar Popzlatev,150,277,127
Kirsi Liimatainen,680,807,127
Rafael Marziano Tinoco,143,270,127
Manuel J. García,603,730,127
Patrick Johnson,3554,3680,126
Alyssa Rallo Bennett,270,396,126
Afshin Hashemi,267,393,126
Raditya Dika,2208,2334,126
Jaan Tootsen,440,566,126
Yalkin Tuychiev,51,177,126
Vsevolod Shilovskiy,200,325,125
Nottapon Boonprakob,1580,1705,125
Paul Negoescu,3125,3250,125
Jim Kaufman,1310,1435,125
Alejandro Fernández Almendras,1050,1175,125
Lana Gogoberidze,110,235,125
Shane Stanley,5085,5210,125
Rupert Murray,5376,5500,124
Enrico Cerasuolo,145,269,124
Sebastián Sepúlveda,526,650,124
Linda Hambäck,811,935,124
Erica Summers,334,458,124
Fariborz Kamkari,546,670,124
Linda Wendel,367,491,124
Ineke Houtman,2335,2458,123
Michael Jason Allen,146,269,123
Yvan Gauthier,1117,1240,123
Radu Gabrea,127,249,122
Sergey Nikonenko,297,418,121
Alexander Atanesyan,710,831,121
Preetham Gubbi,480,601,121
Ato Bautista,127,247,120
Felice Farina,163,283,120
Octavian Repede,565,685,120
Cheol-su Park,57,176,119
Arnon Zadok,132,251,119
Emilio Ruiz Barrachina,347,465,118
Stefan Scaini,242,360,118
Peter Patzak,167,285,118
Basil da Cunha,650,767,117
Ivars Seleckis,194,310,116
Joel Gilbert,1316,1432,116
Philomène Esposito,820,936,116
Jocelyne Saab,553,669,116
David Fisher,129,245,116
Maher Abi Samra,45,161,116
Joe Raffa,1600,1715,115
Xavier Bermúdez,210,325,115
Matt Woodward,70,185,115
Gérard Mordillat,155,270,115
Azizollah Hamidnezhad,1878,1993,115
Jan Krüger,1200,1315,115
Seng Tat Liew,965,1080,115
J. Horton,327,442,115
Harutyun Khachatryan,194,308,114
Joe Stephenson,2766,2880,114
Marc-Henri Wajnberg,335,449,114
Luc Moullet,493,607,114
Vladimír Drha,203,317,114
Bret Stern,305,419,114
Lawrence Cheng,382,495,113
Mauro John Capece,174,287,113
Kazem Ma'asoumi,90,203,113
Imani Shakur,517,630,113
Dina Zvi-Riklis,72,185,113
Marcelino Islas Hernández,222,335,113
Marco Spagnoli,133,246,113
Paul Awad,873,985,112
Simon Edwards,4058,4170,112
Declan Recks,930,1042,112
Edgardo Vinarao,88,200,112
Daniel Griffith,355,467,112
Ravi Babu,452,563,111
Berit Nesheim,2305,2416,111
Lemuel Lorca,119,230,111
Aaron L. Williams,131,242,111
Fernando Muraca,394,505,111
Lina Mannheimer,1285,1395,110
James Snider,350,460,110
Michal Kondrat,425,535,110
Sungkyu Cho,70,180,110
Takayuki Shibasaki,351,461,110
Héctor Carré,209,319,110
Javier Elorrieta,515,625,110
Luis R. Vera,271,380,109
Arto Koskinen,1115,1223,108
Graeme Duane,76,184,108
Tim Spring,360,468,108
Mj Dixon,2533,2641,108
Lawrence Ah-Mon,1069,1176,107
Peter Foldy,774,881,107
Bhandit Rittakol,61,168,107
Philip Gardiner,97,204,107
Upi Avianto,1697,1803,106
Paul Leder,184,290,106
Yam Laranas,2064,2170,106
Didier Martiny,270,376,106
Josiah David Warren,198,304,106
Curtis Everitt,129,235,106
Yigal Bursztyn,109,215,106
Janez Lapajne,585,690,105
Steve Kroschel,625,730,105
Greg Yaitanes,3290,3395,105
Alessandro Piva,2105,2210,105
Yoshihiro Fukagawa,420,525,105
Michael Glover Smith,718,823,105
Laura Israel,2030,2135,105
Nicos Perakis,1970,2074,104
Li Cho,218,322,104
Z. Lokman,46,150,104
Wayne Peng,587,690,103
Shahidul Islam Khokon,42,145,103
Anthony J. Christopher,220,322,102
Alan Bradley,75,176,101
Pierre Greco,629,730,101
André van Heerden,80,181,101
Kevin McMahon,108,209,101
Irena Pavlásková,824,925,101
Tulsi Ghimire,221,322,101
Pál Erdöss,58,159,101
Joe Castro,911,1012,101
Catherine Gund,171,272,101
Petrus Cariry,355,455,100
Patrick Grandperret,1580,1680,100
Gaylene Preston,306,405,99
Olivier Schatzky,518,617,99
Ksenia Okhapkina,446,545,99
Derrick Louw,40,139,99
Jason Liquori,334,433,99
O. Corbin Saleken,567,665,98
E. Satthi Babu,317,415,98
William Lee,138,236,98
Marina Migunova,257,355,98
Madison Monroe,877,975,98
Zdenek Viktora,730,828,98
Danielle Winter,334,431,97
Garrett Gilchrist,409,505,96
Lisa Mulcahy,1412,1508,96
Gajendra Vitthal Ahire,160,256,96
Prueksa Amaruji,1268,1364,96
Ana Luiza Azevedo,971,1067,96
Ali Shah Hatami,79,175,96
Bret Wood,1129,1225,96
Reza Khatibi,245,340,95
Dean Hamilton,780,875,95
Tetsuaki Matsue,69,163,94
Nada Mezni Hafaiedh,281,375,94
Jeff Tudor,87,181,94
Lukas Nola,738,832,94
Lorenzo Lepori,88,182,94
Qi Zhang,325,418,93
Ahmad El-Badri,842,935,93
Wings Hauser,917,1010,93
Francesco Maselli,267,360,93
Denis Rabaglia,1562,1655,93
Edgar Baghdasaryan,117,209,92
Keisuke Yoshida,797,889,92
Teddy Soeriaatmadja,300,392,92
Michael Craig,422,513,91
Santhosh P. Jayakumar,3219,3310,91
Ahathian,6797,6887,90
Greg Pritikin,34710,34800,90
Maynard Kraak,287,376,89
Julián Hernández,1081,1170,89
Zeljko Mirkovic,63,152,89
Vahik Pirhamzei,465,553,88
Simone Rapisarda Casanova,105,193,88
Don Okolo,53,141,88
Peter Payer,380,467,87
Yves Montmayeur,91,178,87
Mohan Gandhi,170,257,87
Cuong Ngo,380,467,87
Bong Ramos,212,298,86
Anu Kuivalainen,70,156,86
Jianjun He,90,176,86
Gustavo Fontán,249,335,86
Mike Kirton,2120,2205,85
Stephan Taubert,208,293,85
Bret McCormick,590,675,85
Joseph Zito,2700,2785,85
Víctor García León,1420,1505,85
Martina Sakova,421,505,84
Rupesh Paul,826,910,84
Evgeniy Lavrentev,2601,2685,84
Narasimha Nandi,70,154,84
Anastasiya Miroshnichenko,166,250,84
Michael Vickerman,1379,1463,84
Masanori Tominaga,384,468,84
Yoshitaka Mori,1058,1141,83
Markus Fischer,733,816,83
Adrian Carr,790,872,82
Anne Riitta Ciccone,268,350,82
Sam Shu-Pui Ho,123,205,82
Laurenti M. Dyogi,396,478,82
Seiji Chiba,79,161,82
Philippe Ramos,433,515,82
Pasquale Fanetti,203,285,82
Peter Lindholm,1559,1640,81
Ventura Pons,278,359,81
Sabine Boss,1019,1100,81
Santiago Palavecino,304,384,80
Brandon Rhiness,265,345,80
George Clarke,593,673,80
Robert Burge,1340,1420,80
Dale G. Bradley,331,410,79
Abbo Dela Cruz,62,140,78
Leonard Retel Helmrich,552,630,78
Chema Rodríguez,595,672,77
Shaun Donnelly,451,528,77
Caleb Johnson,374,451,77
Damián Acosta Esparza,53,129,76
Keith Walley,1484,1560,76
Stepan Altrichter,1609,1685,76
Kanti Shah,95,171,76
Ezio Massa,200,276,76
Shapur Gharib,87,163,76
Aliona van der Horst,389,465,76
Chashi Nazrul Islam,562,638,76
Angelos Spartalis,58,134,76
Johnny Gogan,83,159,76
Ringo Lam,1965,2040,75
Pablo César,45,120,75
Jason Holt,355,430,75
Zi'en Cui,179,254,75
Augusto Salvador,43,118,75
Sérgio Borges,435,510,75
Peder Hamdahl Næss,290,365,75
Heng Yang,176,250,74
Maria Clara Escobar,606,680,74
Suresh Unnithan,125,199,74
Gerard Roxburgh,1496,1570,74
Kasper Juhl,251,325,74
Dale Stelly,394,467,73
David Palmieri,722,795,73
Vlado Skafar,238,311,73
Klaas van Eijkeren,1460,1532,72
Mac Alejandre,193,265,72
Krystian Matysek,93,165,72
Petter Baiestorf,219,290,71
Carlo Lizzani,365,436,71
Pamela Yates,284,355,71
Chi-Sing Cheung,129,200,71
Cecil Howard,745,815,70
Sergey Ursulyak,468,538,70
Janis Cimmermanis,337,407,70
Mariano Cattaneo,435,505,70
Richard Perry,386,456,70
Li Chen,91,161,70
Daniel de la Vega,1105,1174,69
Miaoyan Zhang,184,253,69
Juraj Nvota,791,860,69
Jerzy Domaradzki,1070,1139,69
Kate Whitney,127,194,67
Faouzi Bensaïdi,1285,1352,67
Koldo Almandoz,333,400,67
Toshiyuki Morioka,139,205,66
Masaaki Yuasa,20809,20875,66
Seok-Hwan Myeong,89,155,66
Kevin Van Stevenson,1434,1500,66
Biodun Stephen,71,137,66
Ra'anan Alexandrowicz,978,1043,65
Kamran Ghadakchian,163,228,65
Roberto Pérez Toledo,2045,2110,65
Alla Surikova,659,724,65
Richard Slapczynski,185,250,65
Mikala Krogh,110,175,65
Jacques Maillot,1240,1305,65
Sukit Narintr,300,365,65
Chao-Liang Huang,536,600,64
Chia-Chia Peng,79,143,64
M.A. Nishad,170,234,64
Marco Orsini,110,174,64
Folke Rydén,42,106,64
Otto Chan,232,295,63
Jackie Garth,1121,1183,62
Ismail Farouk,706,768,62
Yolande Zauberman,1385,1447,62
Maciej Dutkiewicz,2606,2668,62
Hara Patnaik,54,116,62
Kiko Goifman,333,394,61
Cheran,730,791,61
Joseph Israel Laban,109,170,61
Martín De Salvo,579,640,61
Bady Minck,183,243,60
Satoru Kobayashi,290,350,60
Chip Rossetti,211,271,60
Jorge Gurvich,145,205,60
Neele Leana Vollmar,688,747,59
Shun-Chuen Law,66,125,59
Hee-jung Kim,246,305,59
Esmael Barari,82,141,59
Jacqueline Zünd,500,559,59
Jouko Aaltonen,150,209,59
Francisco Athié,460,518,58
Edgar Pêra,363,421,58
Eduard Zahariev,122,180,58
Min-ho Cho,903,960,57
Greg Olliver,7069,7126,57
Chuck Vincent,471,528,57
Petra Seliskar,60,117,57
Tricia Lee,2895,2951,56
Terri J. Vaughn,702,758,56
Richard Goldgewicht,865,920,55
Slávek Horák,2490,2545,55
Albert Hanan Kaminski,920,975,55
Weiming Huang,94,148,54
Krystof Hanzlík,342,396,54
Dennis L. Reed II,568,621,53
Laurent Boulanger,182,235,53
Yat-Tak Yeung,64,116,52
Cristiano Burlan,48,100,52
Nathalie Borgers,124,176,52
Tamara Drakulic,124,176,52
Cesar S.B. Abella,68,120,52
Orlando Corradi,233,284,51
Hamid Tamjidi,129,180,51
Jianxin Huang,935,985,50
Arizal,144,194,50
Sami Tlili,60,110,50
Nima Sarvestani,320,370,50
Bernie Bonvoisin,3975,4025,50
Wing-Cheong Law,1235,1285,50
Jörg Grünler,425,475,50
Pippo Delbono,65,115,50
Sterling Van Wagenen,2415,2465,50
Preston A. Whitmore II,4440,4490,50
Duane Clark,1075,1124,49
Howard Hall,146,195,49
Will Metheringham,237,285,48
Antonio Gonzalo,194,242,48
Tzahi Grad,532,580,48
Romy Suzara,123,171,48
Isaac Zepel Yeshurun,59,107,48
Fajar Nugros,677,724,47
Cosmotropia de Xam,106,153,47
Gyal Sonthar,193,240,47
Leonard Farlinger,2038,2084,46
Osamu Minorikawa,192,238,46
Prasanna Vithanage,544,590,46
Uduak-Obong Patrick,124,170,46
Trong Ninh Luu,90,135,45
Joseph Pitchhadze,245,290,45
Tamás Almási,97,142,45
Geraldine Creed,360,405,45
Christophe Ruggia,885,930,45
Collin Schiffli,5405,5450,45
Li-chou Yang,150,195,45
Heinz Emigholz,226,270,44
Doris Yeung,141,185,44
Enrique Murillo,62,105,43
Yumi Yoshiyuki,62,104,42
Swapan Saha,33,75,42
Oksana Karas,3663,3705,42
Tao Hai,61,103,42
Yilin Dai,282,323,41
Ron Ninio,125,165,40
Jun Yoriko,555,595,40
Juan Fernando Pérez Gavilán,134,174,40
Dang Di Phan,2050,2090,40
Michael Pattinson,875,915,40
Dan Pita,791,831,40
Lynn Roth,1850,1890,40
Michel Piccoli,284,324,40
Juan Carlos de Llaca,2083,2123,40
Robert Garofalo,93,132,39
Valeriy Pendrakovskiy,120,159,39
Omoni Oboli,169,208,39
Yew Kwang Han,171,210,39
Marcello Daciano,1808,1847,39
Louisa Warren,2243,2281,38
Rax Rinnekangas,56,94,38
Marcel Ophüls,280,318,38
Dusan Rapos,389,427,38
John Barnard,906,944,38
Mateo Herrera,71,108,37
Lawrence L. Simeone,281,318,37
Juan Bautista Stagnaro,902,939,37
Romed Wyder,435,472,37
Paul Vecchiali,200,236,36
Claudio Sestieri,119,155,36
John Ginty,279,315,36
Kris Kertenian,163,199,36
Blue Leach,349,385,36
Sebastian Brameshuber,189,225,36
Chia-Chun Huang,204,240,36
Thulasidas,471,506,35
Minoru Inao,125,160,35
Shaheen Dill-Riaz,116,151,35
Yulong Guo,112,147,35
Liam Dale,56,91,35
Osmond Karim,2017,2052,35
Sammy Myller,70,105,35
Sananjit Bangsapan,730,764,34
Paul D. Hannah,751,785,34
Angelo Antonucci,105,139,34
Brett Gerking,59,93,34
Sisworo Gautama Putra,127,160,33
Montazur Rahman Akbar,41,74,33
Richard Valentine,5842,5875,33
Juan Frausto,562,594,32
Fred Carpenter,250,282,32
Martin Marecek,89,121,32
Eduardo Mendoza de Echave,1211,1243,32
Cornel Gheorghita,418,450,32
Adam Schmedes,49,81,32
Simona Izzo,605,637,32
Jy Teng,273,305,32
Will Moore,41,72,31
Hisashi Saito,87,118,31
André Turpin,3494,3525,31
Roger Melvin,1073,1104,31
Brandon Cornett,459,490,31
John Torres,124,154,30
Óscar González,130,160,30
Tom Milo,180,210,30
Andrea Bianchi,160,190,30
Bade Hj. Azmi,192,222,30
Khosrow Sinai,101,131,30
Barry Andersson,503,533,30
Bruce Schwartz,135,165,30
Pisut Praesangeam,263,292,29
Shaji Kailas,350,379,29
Mark Garvey,192,221,29
Jiarui Zhang,512,541,29
Christopher J. Hansen,372,400,28
Erik Knudsen,377,405,28
Kye Jang-Hyuk,65,92,27
Efren Jarlego,91,118,27
Jim Valdez,1315,1342,27
Philip Scheffner,233,260,27
Jie Yuan,115,142,27
Marcos Pimentel,92,119,27
Mauro Gia Samonte,61,87,26
Adze Ugah,322,348,26
Pimpaka Towira,474,500,26
Himanshu Parija,74,100,26
Asghar Naimi,444,470,26
Saeed Assadi,317,343,26
Álex Quiroga,79,105,26
Ryûtarô Ninomiya,201,227,26
Sharon von Wietersheim,1280,1305,25
Je-gu Yun,3470,3495,25
Boon Collins,950,975,25
Louie Ignacio,182,207,25
Danilo Cabreira,88,113,25
Massimo Guglielmi,120,145,25
Bruce Le,115,140,25
Henri Charr,250,275,25
Martin Turk,610,635,25
Ashley Hays Wright,547,571,24
Prashant Nanda,84,108,24
Joshua Coates,785,809,24
Daishi Matsunaga,636,660,24
Felipe Bragança,1056,1080,24
James Cardoza,1031,1055,24
Ben Feleo,130,154,24
Biju Viswanath,146,170,24
Iván Cuevas,150,174,24
Tata Esteban,378,402,24
Christian Labhart,83,106,23
Junn P. Cabreira,63,86,23
Sudhanshu Sahu,75,98,23
Ziniu Wu,297,320,23
Suzanne Raes,179,202,23
Giacomo Campeotto,760,782,22
Dayong Zhao,198,220,22
Akash Adhikari,89,111,22
Sebastián Alarcón,190,212,22
Kevan Otto,738,760,22
Kil-soo Chang,151,172,21
Bruce Vigar,426,447,21
Benjamin Gourley,2079,2100,21
Masaya Kakehi,2559,2580,21
Murad Ibragimbekov,126,147,21
Teddy Page,298,319,21
Arantxa Aguirre,160,181,21
Chalart Sriwanna,325,345,20
Pascal Bonitzer,775,795,20
Tahani Rached,277,297,20
Matt Johnson,39945,39965,20
Vo Thanh Hoa,253,273,20
Jawad Rhalib,110,130,20
Ikuo Sekimoto,52,72,20
Malek Bensmaïl,100,120,20
Kiti Luostarinen,70,90,20
Keiichi Kobayashi,475,495,20
Hiroshi Akabane,205,225,20
Mahmoud Jemni,50,70,20
Stevan Filipovic,10330,10350,20
Ali Zhekan,255,275,20
Alberto Fuguet,2855,2875,20
Woo-Seong Choi,55,75,20
Alex Tossenberger,137,156,19
Andrea Kalin,186,205,19
Brian McKenna,52,71,19
Nobuteru Uchida,232,251,19
Amir Muhammad,162,181,19
Carlos García Agraz,221,240,19
Ibtisam Mara'ana,113,132,19
Gonzalo Gonzalez,107,125,18
John H. Parr,427,445,18
Afdhere Jama,146,164,18
Mohammed Soudani,72,90,18
Kayode Kasum,296,314,18
Fernando Merinero,137,155,18
Patrick McBrearty,3143,3161,18
Rolando Colla,126,144,18
Periklis Hoursoglou,588,605,17
Lance Kawas,1720,1737,17
Satoshi Kaneda,345,362,17
Chris Jiménez,60,77,17
Shûtarô Oku,160,176,16
Hanno Olderdissen,3219,3235,16
Rodolfo Durán,116,132,16
Micheline Lanctôt,267,283,16
Christophe de Ponfilly,674,690,16
James Lee,242,258,16
Daoud Aoulad-Syad,165,180,15
Justin Oakey,745,760,15
Javier Colinas,1770,1785,15
Steven Rumbelow,6664,6679,15
Deborah Shames,325,340,15
Hiroshi Kurosaki,255,270,15
Ujwal Ghimire,95,110,15
Roman Balayan,275,290,15
John Weidner,2175,2190,15
Marco Carmel,675,690,15
Bappaditya Bandopadhyay,179,193,14
Takafumi Hatano,687,701,14
Branko Schmidt,881,895,14
Peter Schamoni,263,277,14
Milos Twilight,55,69,14
Bernard Salzmann,1002,1015,13
Ns. Tak,43,55,12
Frank Howson,727,739,12
Andrew Bellware,818,830,12
Yiu-Kuen Ng,70,82,12
Eldar Bogunov,158,170,12
Jack C. Newell,1068,1080,12
Blanche McIntyre,196,208,12
Aleksey Uchitel,1598,1610,12
Tomasz Wolski,130,141,11
Mariana Otero,325,336,11
Jose N. Carreon,63,74,11
Vinsent Mettel,56,67,11
Elisabetta Sgarbi,101,112,11
Drew Maxwell,1218,1229,11
Claire Simon,143,154,11
Pierluigi Ciriaci,477,488,11
Gunnar Vikene,5035,5045,10
Ian McCrudden,2155,2165,10
Daniel Peralta,160,170,10
Lars Johansson,75,85,10
Ridha Tlili,40,50,10
Helmut Schleppi,5630,5640,10
Danny Wilson,191,200,9
Alexandra Shiva,924,933,9
Andrzej Baranski,481,490,9
Seung-wook Moon,729,737,8
Claude Gagnon,720,728,8
Davoud Mavasaghi,107,115,8
Toshiharu Ikeda,694,702,8
Lorenzo Bechi,44,52,8
Joe Clarke,293,300,7
Maria Ilioú,250,257,7
Marcel Lozinski,115,122,7
Xuandi Liu,48,55,7
Dulyasit Niyomgul,425,432,7
Mark Weistra,2016,2022,6
Fabrizio Ferraro,278,284,6
Robert de Young,105,111,6
Garnet Mae,179,185,6
Beryl Koltz,444,450,6
Justin Kreutzmann,94,100,6
Michelle Chong,375,380,5
Diego Arsuaga,2932,2937,5
Baljit Singh Deo,1428,1433,5
Ajay Chandhok,1037,1042,5
Yukun Xin,11180,11185,5
Basant Sahu,66,70,4
Ron Jeremy,662,666,4
Frank Zamacona,44,48,4
Michael Tuviera,380,384,4
K. Balachander,798,802,4
Bhagyaraj,404,408,4
Peter Entell,67,71,4
Jon Reiss,2828,2831,3
Sasa Radojevic,207,210,3
Jesús Fragoso Montoya,95,98,3
Radoslaw Piwowarski,592,595,3
Ciro Cappellari,137,140,3
Andris Gauja,725,728,3
Stephen Lieb,264,267,3
Ken Iizuka,582,585,3
Jon-Paul Gates,331,334,3
Stefan Schwietert,369,371,2
Javier Cruz Jr.,69,70,1
Maria Zmarz-Koczanowicz,150,151,1
Marilou Diaz-Abaya,110,111,1
Boots Plata,138,139,1
Shinji Imaoka,69,70,1
Fadhel Jaziri,65,66,1
Markos Gastin,82,83,1
William Boyd,20935,20935,0
Scott Ryan,8930,8930,0
Luis de la Madrid,17830,17830,0
Rubika Shah,4705,4705,0
Luiz Fernando Carvalho,10305,10305,0
Luis Urquiza,5285,5285,0
Zoran Sudar,2220,2220,0
Ludovic Colbeau-Justin,7100,7100,0
Krishna Rao,15805,15805,0
Scott Abramovitch,5850,5850,0
Lucius C. Kuert,3725,3725,0
Kristoffer Nyholm,103940,103940,0
Rudy Riverón Sánchez,1335,1335,0
Robin Bissell,98435,98435,0
Rungano Nyoni,21110,21110,0
Lucio Castro,19825,19825,0
Zhaosheng Huang,700,700,0
William Oldroyd,137060,137060,0
Scott Barley,3705,3705,0
Lucija Stojevic,970,970,0
Scott Aukerman,184610,184610,0
Scot Armstrong,41425,41425,0
Zoltán Füle,2930,2930,0
Kuang-Hui Liu,39800,39800,0
Rupert Bryan,8955,8955,0
Rupert Everett,29435,29435,0
Kunihiko Ikuhara,14365,14365,0
Luciano de Azevedo,1655,1655,0
Scooter Corkle,9950,9950,0
Kunio Miyoshi,6195,6195,0
Zao Wang,3205,3205,0
Savvas Christou,8615,8615,0
Ramon Zürcher,5180,5180,0
Rupert Harvey,41730,41730,0
Lucy Mulloy,9920,9920,0
Lucía Garibaldi,1665,1665,0
Scott Elliott,23330,23330,0
Ralph Strean,4030,4030,0
Rod Blackhurst,39665,39665,0
Scott Roberts,19410,19410,0
Ralitza Petrova,3570,3570,0
Scott Paulin,1140,1140,0
Ralph A. Villani,4890,4890,0
William Coakley,3785,3785,0
Ralph Bakshi,125135,125135,0
Scott Lew,17455,17455,0
Scott Leberecht,9565,9565,0
Ralph L. Thomas,1595,1595,0
Rocky Lang,3570,3570,0
Scott L. Flynn,9215,9215,0
Luis Lobato Macedo,30,30,0
William McGregor,28855,28855,0
Rudi Rosenberg,8210,8210,0
Ralph Loop,680,680,0
Ziming Wang,15705,15705,0
Luis Cámara,9380,9380,0
Ralph S. Singleton,63440,63440,0
Luigi Comencini,1310,1310,0
Ziga Virc,18275,18275,0
Scott Foley,34155,34155,0
Robin Hardy,14770,14770,0
Lukas Dhont,85270,85270,0
Richie Smyth,222680,222680,0
Kris Isacsson,78785,78785,0
Wei-Ming Wang,675,675,0
Éric Cazes,2315,2315,0
Maciej Kawulski,19734,19734,0
Macon Blair,321580,321580,0
Rachel Lears,64945,64945,0
Rachel Lang,3985,3985,0
Ron DeCaro,1365,1365,0
Madellaine Paxson,17245,17245,0
Madhu C. Narayanan,90205,90205,0
Kinka Usher,353800,353800,0
King Hu,1480,1480,0
Sebastian Ko,2045,2045,0
Wayne Thornley,38190,38190,0
Rachel Hirons,6415,6415,0
Éric Falardeau,9015,9015,0
Kin-Long Chan,4970,4970,0
Ron Daniels,9540,9540,0
Rachel Lee Goldenberg,37946,37946,0
Maciej Barczewski,9420,9420,0
Wayne Beach,21085,21085,0
Roger Young,4360,4360,0
Léonor Serraille,14690,14690,0
Sean Mewshaw,40430,40430,0
Rachel Tunnard,20940,20940,0
M. Cahill,118440,118440,0
Kirill Sokolov,26595,26595,0
Ronald Dalton Jr.,3960,3960,0
Sean Stanek,7495,7495,0
Ronald Bronstein,3965,3965,0
Mac Carter,43530,43530,0
Sean Walsh,2020,2020,0
Édouard Bergeon,7245,7245,0
Rohit Karn Batra,3165,3165,0
MJ Delaney,4100,4100,0
Sebastian Grobler,13025,13025,0
Wendy Apple,16035,16035,0
Kiran Rao,69000,69000,0
Rachel Griffiths,23470,23470,0
Raaj Shaandilyaa,82880,82880,0
Zoé Wittock,6515,6515,0
Romain Quirot,7385,7385,0
Kim In-Shik,540,540,0
Wallace Brothers,3025,3025,0
Kim Hyun-joo,320,320,0
Roman Zhigalov,1235,1235,0
Özer Feyzioglu,70370,70370,0
Kim Henkel,130610,130610,0
Quoc Bao Tran,26470,26470,0
Kim Do-Young,21430,21430,0
Óscar Martín,2595,2595,0
Kim Bong-Joo,5970,5970,0
Quinn Shephard,16280,16280,0
Quentin Reynaud,7030,7030,0
Mahnaz Mohammadi,2220,2220,0
Quarxx,3835,3835,0
Roman Doronin,1765,1765,0
Roman Droux,960,960,0
Romain Laguna,1300,1300,0
Kim Min-Ho,26135,26135,0
Éric Hannezo,9690,9690,0
Sebastián Muñoz,8500,8500,0
Sebastian Shah,1250,1250,0
Kim Yong-hoon,28220,28220,0
RaMell Ross,10660,10660,0
Warren Leight,15135,15135,0
Romola Garai,23370,23370,0
Maggie Carey,209950,209950,0
Wang Qi,690,690,0
Walter Tournier,1185,1185,0
Wally Pfister,1195960,1195960,0
Walter Baltzer,1295,1295,0
Wally White,3305,3305,0
Rolf Silber,7480,7480,0
Maha Haj,1140,1140,0
RD Robb,23860,23860,0
Mahdi Fleifel,2670,2670,0
Óscar Catacora,4615,4615,0
Léo Karmann,3630,3630,0
Wendy Morgan,3165,3165,0
Sean McConville,29130,29130,0
Luke Matheny,15165,15165,0
Luke Lorentzen,10115,10115,0
Roderick MacKay,21080,21080,0
Konstantin Khabenskiy,29005,29005,0
Roy London,11110,11110,0
Rodney Wilson,2315,2315,0
Raj Mehta,110675,110675,0
Scott Zabielski,11350,11350,0
Luke Moran,11855,11855,0
Rajath Ravishankar,6490,6490,0
Kogonada,105365,105365,0
Roxanne Messina Captor,2395,2395,0
Luke Scott,231095,231095,0
Koan Hui,14885,14885,0
Will Forbes,12685,12685,0
Ko Kyoung,4450,4450,0
Will Ashurst,575,575,0
Scott Winant,15045,15045,0
Luke Holland,8775,8775,0
Kirk DeMicco,62655,62655,0
Roy T. Wood,6860,6860,0
Rod Holcomb,5070,5070,0
Ruben Pla,225,225,0
William A. Graham,107960,107960,0
Scott Spiegel,12860,12860,0
Willi Patterson,2120,2120,0
Ruairi Robinson,195115,195115,0
Scott Vickers,20815,20815,0
Zu Quirke,61195,61195,0
Luke Eve,7880,7880,0
Lukasz Kosmicki,63000,63000,0
Rajesh A Krishnan,92730,92730,0
Rod Roberts,1630,1630,0
Scott Walker,338485,338485,0
Luke Armstrong,9350,9350,0
Ádám Császi,23405,23405,0
Rodd Rathjen,7500,7500,0
Luke Snellin,125060,125060,0
Will Allen,30380,30380,0
Ángel Gómez Hernández,85115,85115,0
Radu Ciorniciuc,5560,5560,0
Rosie Lourde,5585,5585,0
Wesley Strick,6290,6290,0
Roger Hedden,3460,3460,0
Roger L. Simon,1995,1995,0
Rosemary Myers,14365,14365,0
Radu Dragomir,5045,5045,0
Roger Mainwood,19715,19715,0
Ása Helga Hjörleifsdóttir,2170,2170,0
Raine McCormack,11470,11470,0
Rose Glass,237520,237520,0
Åsleik Engmark,2655,2655,0
Sean Mathias,44190,44190,0
Kirk Wise,2345,2345,0
Ronit Kertsner,30,30,0
Radha Blank,27645,27645,0
Léa Mysius,16710,16710,0
Roger Delattre,8300,8300,0
Lyne Charlebois,6220,6220,0
Whitney Cummings,17665,17665,0
Rafa Martínez,13115,13115,0
Roxann Dawson,55245,55245,0
Wil Shriner,44125,44125,0
Rodrigo Gudiño,23230,23230,0
Lulu Jarmen,4730,4730,0
Scotty Baker,9455,9455,0
Ángeles Reiné,6925,6925,0
Rahul Jain,3240,3240,0
Seamus Murphy,4120,4120,0
Klay Hall,243830,243830,0
Klaus Hoch,4235,4235,0
Ross Kettle,1425,1425,0
Sean Branney,17805,17805,0
Sean Carter,24900,24900,0
Roger Corman,20845,20845,0
Sean Foley,68785,68785,0
Sean Barton,3210,3210,0
Rasmus Kloster Bro,8915,8915,0
Lucia Aniello,279765,279765,0
Leo Lewis Liao,775,775,0
Richard Correll,20785,20785,0
Lendita Zeqiraj,3475,3475,0
Yuhei Sakuragi,2330,2330,0
Yi Lin,1640,1640,0
Rob Schneider,236790,236790,0
Laura Jou,1040,1040,0
Lennart Ruff,167660,167660,0
Yui-Ming Tam,147,147,0
Yujiro Seki,480,480,0
Richard Claus,31385,31385,0
Rob Greenberg,206315,206315,0
Rob Taylor,1150,1150,0
Rob Thomas,273670,273670,0
Leon Ford,25155,25155,0
Richard Caesar,10540,10540,0
Samuel Fischer,13790,13790,0
Laura Brownson,13965,13965,0
Richard Billingham,9140,9140,0
Leonard Schrader,3595,3595,0
Leonard Stern,1445,1445,0
Richard Danus,3940,3940,0
Rob Pritts,68780,68780,0
Rob Pearlstein,41600,41600,0
Richard De Aragues,33185,33185,0
Yoichi Mori,29260,29260,0
Richard Greenberg,17160,17160,0
Lefteris Charitos,1790,1790,0
Lei Yang,4920,4920,0
Sabrina Doyle,12230,12230,0
Yuefeng Song,16990,16990,0
Yingli Zhang,575,575,0
Leif Tilden,14100,14100,0
Richard Gage,2035,2035,0
Leigh Janiak,137685,137685,0
Richard Friedenberg,9130,9130,0
Richard E. Grant,16510,16510,0
Samu Fuentes,17795,17795,0
Sabine Bernardi,17500,17500,0
Rob Lambert,67910,67910,0
Samuel Bayer,538740,538740,0
Leilah Weinraub,1125,1125,0
Rob McKittrick,531990,531990,0
Lek Kitaparaporn,3735,3735,0
Rob Weiss,3335,3335,0
Leonardo D'Agostini,10010,10010,0
Rich Wilkes,18800,18800,0
Larry Swerdlove,3620,3620,0
Robert Boris,8130,8130,0
Sang-gon Yoo,6085,6085,0
Robert Bruce Carter,445,445,0
Renée Chabria,3100,3100,0
Letsdoeit,35,35,0
René Bo Hansen,760,760,0
Sang-yeol Baek,295,295,0
Yared Zeleke,3975,3975,0
Levan Bakhia,33020,33020,0
Yannis Veslemes,4650,4650,0
Rene Liu,26780,26780,0
Levan Tsikurishvili,34950,34950,0
Lewin Webb,7950,7950,0
Lewis Baumander,1855,1855,0
Leyla Bouzid,7335,7335,0
Rene Eller,17040,17040,0
Yuri Kim,115,115,0
Larry David,15410,15410,0
Larry Cohen,21060,21060,0
Reuben Leder,5740,5740,0
Yasemin Samdereli,36155,36155,0
Rich Moore,2299245,2299245,0
Robert Bierman,7770,7770,0
Larysa Kondracki,179000,179000,0
Samuel Perriard,1505,1505,0
Samuel Van Grinsven,4500,4500,0
Rich Ambler,2330,2330,0
Ricci Harnett,11420,11420,0
Riccardo Papa,670,670,0
Yayo Herrero,25490,25490,0
Rhys Thomas,36665,36665,0
Rhys Ernst,8535,8535,0
Sandra Seacat,1840,1840,0
Sandra Vannucchi,225,225,0
Reza Parsa,5135,5135,0
Sandra Weintraub,2240,2240,0
Leslie Harris,6840,6840,0
Lars Damoiseaux,30900,30900,0
Robert Ben Garant,190889,190889,0
Leslie Megahey,11015,11015,0
Sandy Collora,31150,31150,0
Lester Hsi,11130,11130,0
Yue Song,4275,4275,0
Richard Harding Gardner,2630,2630,0
Ryan Whitaker,30265,30265,0
Sam Rega,3995,3995,0
Leah Sturgis,7160,7160,0
Rick de Oliveira,19740,19740,0
Richard Trevor,1340,1340,0
Ricky Gervais,123811,123811,0
Ricky Rijneke,22640,22640,0
Sam Quah,9455,9455,0
Ricky Staub,49015,49015,0
Ricky Tollman,3695,3695,0
Laurie Anderson,12780,12780,0
Ricky Wood,6900,6900,0
Yong-Geun Kwak,200,200,0
Sam Esmail,98465,98465,0
Lauri Randla,4575,4575,0
Sam Boyd,15680,15680,0
Sam Shepard,6555,6555,0
Ringan Ledwidge,22055,22055,0
Lee Cronin,112295,112295,0
Lauri Maijala,7275,7275,0
Salvatore Samperi,1335,1335,0
Lee David Zlotoff,36120,36120,0
Yoshifumi Kondô,365400,365400,0
Rick Spalla,17745,17745,0
Rick Morales,32045,32045,0
Lawrence Gay,2990,2990,0
Sam Jaeger,39820,39820,0
Lazar Bodroza,56590,56590,0
Rick Blaine,1670,1670,0
Sam Kelly,10310,10310,0
Richie Moore,6420,6420,0
Sam Harper,11985,11985,0
Richie Keen,228695,228695,0
Yoshiyuki Momose,19805,19805,0
Lawrence Silverstein,26605,26605,0
Yoshio Kuroda,3660,3660,0
Lawrence Sher,106980,106980,0
Sam Hargrave,1321510,1321510,0
Yoshinobu Sena,2205,2205,0
Youjia Qu,70,70,0
Richard Williams,23240,23240,0
Rick Friedberg,202495,202495,0
Richard Wenk,10145,10145,0
Lea Thompson,9630,9630,0
Leah Meyerhoff,7380,7380,0
Younuts,15920,15920,0
Risako Yoshida,4105,4105,0
Salomé Alexi,590,590,0
Lee Min-jae,12645,12645,0
Lauren Miller Rogen,115840,115840,0
Lee Sang-geun,38130,38130,0
Lauren Lazin,49085,49085,0
Lauren Fash,50775,50775,0
Lee Sang-soo,690,690,0
Sacha Wolff,3865,3865,0
Lee Seok-geun,18445,18445,0
Laure de Clermont-Tonnerre,72610,72610,0
Richard Holm,8155,8155,0
Rob Connolly,22220,22220,0
Rob Cowan,11240,11240,0
Rob DeFranco,4135,4135,0
Richard Harrah,25260,25260,0
Sabrina Rochelle Kalangie,3945,3945,0
Yong-han Kim,3665,3665,0
Lee Unkrich,4474045,4474045,0
Rob Garver,5205,5205,0
Laura Steinel,16820,16820,0
Rob Green,30910,30910,0
Richard Howard,13615,13615,0
Laurence Dunmore,189145,189145,0
Sally Mattison,17310,17310,0
Richard Kletter,1325,1325,0
Laurent Lafitte,9415,9415,0
Sally Field,21565,21565,0
Lee Drysdale,3525,3525,0
Richard Rush,129040,129040,0
Richard Roxburgh,21595,21595,0
Sally El Hosaini,16825,16825,0
Lee Fulkerson,63565,63565,0
Sal V. Miers,820,820,0
Yoon Dan-bi,4135,4135,0
Rita Merson,4315,4315,0
Richard Raymond,10165,10165,0
Richard Raaphorst,46105,46105,0
Sajid Nadiadwala,363715,363715,0
Yu Yang,42800,42800,0
Lee Jin-myung,210,210,0
Sailesh Kolanu,38610,38610,0
Laurence Fishburne,4020,4020,0
Yue Dong,8825,8825,0
Richard L. Ramsey,11630,11630,0
Sanna Lenken,8890,8890,0
Robert Butler,63160,63160,0
Zack Whedon,49290,49290,0
Kyohei Ishiguro,27505,27505,0
Lluís Quílez,22995,22995,0
Rati Oneli,1545,1545,0
Logan Marshall-Green,23755,23755,0
Ratheesh Balakrishnan Poduval,34725,34725,0
Rusudan Pirveli,920,920,0
Robert Smigel,123525,123525,0
Sasha Collington,2495,2495,0
Sasha Gordon,7310,7310,0
Xan Cassavetes,27045,27045,0
Kyle Wilamowski,14760,14760,0
Lisheng Lin,4460,4460,0
Rasmus Heisterberg,3630,3630,0
Woody Harrelson,23700,23700,0
Robert Stromberg,2005485,2005485,0
Rasko Miljkovic,1510,1510,0
Rashid Johnson,14080,14080,0
Lorenzo Lamas,2940,2940,0
Rusty Lemorande,3035,3035,0
Yûsuke Hirota,3340,3340,0
Lorenzo Mattotti,9370,9370,0
Kyu-Jang Cho,12355,12355,0
Robert Rhodin,5980,5980,0
Robert Resnikoff,24520,24520,0
Robert Parigi,18775,18775,0
Ray Gower,13655,13655,0
Xiaopeng Tian,23615,23615,0
Liz Friedlander,133435,133435,0
Robert Machoian,26660,26660,0
Ravi Udyawar,59405,59405,0
Xiaogang Gu,5670,5670,0
Ruth Kadiri,65,65,0
Ravi Kumar,11020,11020,0
Robert May,9995,9995,0
Kyung Ho Lee,5505,5505,0
Liz Tuccillo,16580,16580,0
Raul Garcia,17885,17885,0
Ratnaa Sinha,87380,87380,0
Sascha Hartmann,4010,4010,0
Liza Mandelup,2865,2865,0
Robert Mulligan,92980,92980,0
Xavier Palud,6265,6265,0
Lizzie Borden,6325,6325,0
Xavier Legrand,51755,51755,0
Robert Veze,2910,2910,0
Rapman,41165,41165,0
Sasie Sealy,8880,8880,0
Loukman Ali,4780,4780,0
Zach Heinzerling,23700,23700,0
Kwang-bin Kim,12755,12755,0
Zach Helm,238655,238655,0
Love Lee,8505,8505,0
Roberto De Feo,9670,9670,0
Zachary Donohue,77820,77820,0
Rand Ravich,287550,287550,0
Zachary Sluser,10620,10620,0
Luc Vinciguerra,1575,1575,0
Roberto De Paolis,4285,4285,0
Zack Ward,5450,5450,0
Ran Wang,3920,3920,0
Kurt Mattila,2095,2095,0
William Reilly,4790,4790,0
Kurt Martin,15975,15975,0
Satoshi Kuwabara,17580,17580,0
Ramón Menéndez,21670,21670,0
Lucas Heyne,4575,4575,0
William R. Kowalchuk Jr.,15920,15920,0
William Teitler,5370,5370,0
William Wesley,18870,18870,0
Raouf Abd El Aziz,3465,3465,0
Kwok-Shing Lo,1525,1525,0
Roberta Hanley,1940,1940,0
Lou Jeunet,18115,18115,0
Rani Massalha,1445,1445,0
Kyle Godfrey,700,700,0
Russudan Glurjidze,1285,1285,0
Kyeong-Taek Lim,5820,5820,0
Yûzô Satô,16140,16140,0
Randy Moore,50525,50525,0
Won-sub Choi,10555,10555,0
Roberto Benabib,5695,5695,0
Russell P. Marleau,15820,15820,0
Won Tae-yeon,14030,14030,0
Saskia Boddeke,1145,1145,0
Randy Korompis,7705,7705,0
Winston Azzopardi,24610,24610,0
Randy Daudlin,4305,4305,0
Randolph Scott,2760,2760,0
Russell DeGrazier,4010,4010,0
Russell Crowe,390455,390455,0
Robert Lorenz,343620,343620,0
Rayhana Obermeyer,5980,5980,0
Ryan Spindell,73135,73135,0
Yuval Hadadi,4075,4075,0
Robert D. Krzykowski,69245,69245,0
Likarion Wainaina,2760,2760,0
Regina King,171775,171775,0
Ryan Phillippe,15670,15670,0
Lila Avilés,10490,10490,0
Lance Edmands,4915,4915,0
Lance Drake,3375,3375,0
Yutaka Uemura,7865,7865,0
Yaelle Kayam,1415,1415,0
Yuzuru Tachikawa,9935,9935,0
Sarah Winkenstette,960,960,0
Yael Russcol,2520,2520,0
Regan Hall,19405,19405,0
Robert Ellis Miller,2205,2205,0
Santino Campanelli,3115,3115,0
Yael Hersonski,9505,9505,0
Lina Esco,9530,9530,0
Ladj Ly,142045,142045,0
Sara Botsford,1430,1430,0
Ryan Kruger,15325,15325,0
Liev Schreiber,299815,299815,0
Robert Crombie,9380,9380,0
Lance Oppenheim,17830,17830,0
Lance Young,14470,14470,0
Robert Carlyle,32905,32905,0
Renaud Delourme,1715,1715,0
Ryan Simons,9415,9415,0
Robert Cavanah,5340,5340,0
Renata Gabryjelska,1365,1365,0
Santiago Caicedo,5620,5620,0
Liam Gavin,107685,107685,0
Lara Shapiro,60490,60490,0
Lara Gallagher,4935,4935,0
Yang Ik-joon,27850,27850,0
Lanny Cotler,1160,1160,0
Remi Weekes,243405,243405,0
Lanie Zipoy,1495,1495,0
Reinhart 'Rayteam' Peschke,3225,3225,0
Ryan Schifrin,24825,24825,0
Lang Elliott,1865,1865,0
Yuriy Kovalyov,15190,15190,0
Ryan Rothmaier,15645,15645,0
Lane Nishikawa,4605,4605,0
Ladislas Chollat,8155,8155,0
LP,56160,56160,0
Ryan Koo,25435,25435,0
Robert Hughes,1220,1220,0
Ruthy Pribar,3600,3600,0
Raymund Ribay Gutierrez,3095,3095,0
Lisa Brühlmann,17305,17305,0
Robert Klane,72485,72485,0
Raymond Mizzi,2980,2980,0
Sara Zandieh,5775,5775,0
Sarah Daggar-Nickson,52470,52470,0
Lisa Hunt,1430,1430,0
Xinyuan Zheng Lu,2465,2465,0
Sarah Kernochan,38115,38115,0
Robert Kouba,58320,58320,0
Lisa Niemi,8280,8280,0
Ruth Meehan,575,575,0
Sarah Lancaster,1630,1630,0
Kyôhei Kikuchi,135,135,0
Robert Legato,23610,23610,0
Robert Longo,381820,381820,0
Lisa Rovner,5025,5025,0
Sarah Suco,4720,4720,0
Raz Degan,10135,10135,0
Ryan Craig,6550,6550,0
Linda Mendoza,22255,22255,0
Lipo Ching,1555,1555,0
Sara Ishaq,220,220,0
Rebecca Thomas,30800,30800,0
Sara Seligman,7095,7095,0
Lindsay Hartley,2200,2200,0
Lindsey Schmitz,1490,1490,0
Rebecca Eskreis,5995,5995,0
Kôtarô Tamura,40035,40035,0
Lino DiSalvo,23605,23605,0
Reb Braddock,27970,27970,0
Ryan Gosling,95710,95710,0
Linshan Zhao,10625,10625,0
Ryan Glover,2300,2300,0
Ryan Fleck,460845,460845,0
Robert Harling,25135,25135,0
Sara St. Onge,11310,11310,0
Xue Bai,6625,6625,0
Raúl Arévalo,63275,63275,0
Lior Geller,25475,25475,0
Ryan Eggold,13425,13425,0
Nanea Miyata,3930,3930,0
Mariusz Wilczynski,5620,5620,0
Wai Ching Tam,630,630,0
Steve Antin,467275,467275,0
Michael Morrissey,47540,47540,0
Michael Nader,16030,16030,0
Michael Nell,3915,3915,0
Osman Kaya,17700,17700,0
Michael O'Shea,20370,20370,0
Steve Bing,1290,1290,0
Michael Patrick Jann,204990,204990,0
Steve Crowhurst,8570,8570,0
Tim Smit,42940,42940,0
Steve Hudson,5610,5610,0
Tim Rouhana,3050,3050,0
Tim Roth,56220,56220,0
Michael Pearce,78770,78770,0
Steve Kloves,31770,31770,0
Oren Uziel,83685,83685,0
Michael Robison,2770,2770,0
Oren Kaplan,9410,9410,0
Onur Saylak,22255,22255,0
Michael Samonek,15865,15865,0
Steve Krikris,7395,7395,0
Michael Samuels,18355,18355,0
Michael Schaack,24870,24870,0
Tim Mielants,12695,12695,0
Tim Metcalfe,12045,12045,0
Tim Johnson,559185,559185,0
Michael Staininger,9085,9085,0
Tim Janis,3425,3425,0
Tim Wardle,201055,201055,0
Otakar Votocek,5180,5180,0
Tim Garrick,61830,61830,0
Otto Bathurst,398380,398380,0
Michael Katleman,75450,75450,0
Michael Keaton,17205,17205,0
Tobias Nölle,11275,11275,0
Michael Lander,61755,61755,0
Tobias Ineichen,1015,1015,0
Michael Lange,3715,3715,0
Michael Lantieri,18600,18600,0
Tobias B.,12190,12190,0
To-Hoi Kong,3760,3760,0
Owen Trevor,18375,18375,0
Michael Lindgren,2030,2030,0
Owen Hurley,11200,11200,0
Owen Harris,50215,50215,0
Michael Lockshin,38340,38340,0
Tinatin Gurchiani,3485,3485,0
Michael M. Scott,93750,93750,0
Michael Mailer,22670,22670,0
Michael Mason,22475,22475,0
Oualid Mouaness,5905,5905,0
Michael McCullers,237805,237805,0
Michael McDonald,1935,1935,0
Timothy Reckart,46980,46980,0
Timothy McNeil,4095,4095,0
Steve 'Spaz' Williams,138630,138630,0
Timothy Hutton,14930,14930,0
Otto Bell,20975,20975,0
Timothy Björklund,9700,9700,0
Tim Hamilton,29785,29785,0
Tim Fehlbaum,61955,61955,0
Toby MacDonald,7095,7095,0
Oliver Daly,66460,66460,0
Oliver Coltress,490,490,0
Oliver Bokelberg,2025,2025,0
Tigran Sahakyan,11385,11385,0
Olga Kaptur,1055,1055,0
Steven Jacobson,31925,31925,0
Olga Gorodetskaya,2570,2570,0
Tiffanie DeBartolo,14780,14780,0
Olga Chajdas,4575,4575,0
Olexa Hewryk,460,460,0
Steven Paul,980,980,0
Tiago Mesquita,7240,7240,0
Oleh Malamuzh,14650,14650,0
Michiel van Jaarsveld,1765,1765,0
Tia Brelis,10920,10920,0
Oleg Trofim,18100,18100,0
Steven Ramirez,4275,4275,0
Oleg Ryaskov,7375,7375,0
Mickey Liddell,50710,50710,0
Midge Costin,11255,11255,0
Steven S. DeKnight,638825,638825,0
Steven Sawalich,30125,30125,0
Miguel Angel Ferrer,7005,7005,0
Steven Seagal,127710,127710,0
Steven Wouterlood,5550,5550,0
Ofir Raul Graizer,25765,25765,0
Stewart Hopewell,11530,11530,0
Miguel Sapochnik,554175,554175,0
Steven Gomez,75230,75230,0
Steven E. de Souza,377295,377295,0
Omar Zúñiga,10030,10030,0
Oliver Harper,7160,7160,0
Tim Federle,2350,2350,0
Steve Loveridge,11155,11155,0
Steve Martino,249605,249605,0
Tim Deacon,1895,1895,0
Michael Swan,5190,5190,0
Tim Cruz,2285,2285,0
Michael Thelin,75865,75865,0
Michael Traeger,32910,32910,0
Steve Railsback,2125,2125,0
Olivier Horlait,8650,8650,0
Michael Tyburski,7705,7705,0
Michael Uppendahl,7070,7070,0
Michael Urie,4110,4110,0
Steve Shill,172130,172130,0
Michael Venus,4560,4560,0
Olivier Ayache-Vidal,7110,7110,0
Steve Stockman,11715,11715,0
Olivier Afonso,18805,18805,0
Tim Allen,35015,35015,0
Tilman Singer,14265,14265,0
Olivia Wilde,657855,657855,0
Olivia Peace,1515,1515,0
Tilman Borck,13150,13150,0
Olivia Newman,12690,12690,0
Olivia Milch,38325,38325,0
Oliver Siu Kuen Chan,8545,8545,0
Steven Baigelman,58010,58010,0
Michael Kalesniko,18245,18245,0
Michael James Johnson,7745,7745,0
Nuria Giménez,3080,3080,0
Tom Jones,325,325,0
Meiert Avis,14650,14650,0
Stefon Bristol,58250,58250,0
Meir Zarchi,17550,17550,0
Park Jung-bae,5160,5160,0
Mekhi Phifer,18325,18325,0
Tom Hammock,19660,19660,0
Stella Hopkins,3120,3120,0
Mel Damski,26970,26970,0
Park Ji-Wan,1725,1725,0
Tom Gormican,537725,537725,0
Melanie Waelde,1295,1295,0
Melina León,5770,5770,0
Melina Matsoukas,173430,173430,0
Merawi Gerima,3260,3260,0
Mercedes Bryce Morgan,8315,8315,0
Paris Barclay,308665,308665,0
Mic Rodgers,154190,154190,0
Micah Gallo,26910,26910,0
Papu Curotto,24575,24575,0
Tom Elkins,91410,91410,0
Tom Edmunds,34055,34055,0
Stephanie Laing,52255,52255,0
Tom Donaghy,2380,2380,0
Paolo Taviani,4960,4960,0
Michael Angelo Covino,25810,25810,0
Michael Austin,14975,14975,0
Stephen Carpenter,48270,48270,0
Stefen Fangmeier,653280,653280,0
Park Shin-woo,7185,7185,0
Tom DeCerchio,53090,53090,0
Mehmet Can Mertoglu,7195,7195,0
Pat Murphy,9285,9285,0
Tom Skull,12670,12670,0
Tom Schulman,55670,55670,0
Max Minghella,48780,48780,0
Max Nichols,369920,369920,0
Max Pachman,10925,10925,0
Tom Savini,228160,228160,0
Stefani Ames,1790,1790,0
Maxim Ford,8930,8930,0
Tom Provost,17245,17245,0
Stefania Vasconcellos,1030,1030,0
Tom Petch,5495,5495,0
Pasha Patriki,37110,37110,0
Maya Angelou,9500,9500,0
Stefano Cipani,4930,4930,0
Maya Sarfaty,950,950,0
Maysaloun Hamoud,15520,15520,0
Pascal Hérold,1575,1575,0
Tom McLoughlin,33620,33620,0
Maïmouna Doucouré,163095,163095,0
Tom Mankiewicz,47820,47820,0
Pascal Amanfo,108,108,0
Meg Ryan,15620,15620,0
Mehdi Barsaoui,6425,6425,0
Tom Kinninmont,2730,2730,0
Mehdi Norowzian,5305,5305,0
Parkpoom Wongpoom,8120,8120,0
Michael Beach Nichols,8110,8110,0
Michael Biehn,11350,11350,0
Michael Idov,5570,5570,0
Michael Dinner,33480,33480,0
Michael Dudok de Wit,194380,194380,0
Michael Duggan,38070,38070,0
Michael Elkin,1375,1375,0
Stephen McCallum,6575,6575,0
Stephen Merchant,438860,438860,0
Todd Lincoln,103280,103280,0
Michael Fields,3645,3645,0
Michael Fimognari,233840,233840,0
Todd Levin,18040,18040,0
Michael G. Cooney,20660,20660,0
Stephen Metcalfe,12055,12055,0
Todd Komarnicki,3600,3600,0
Paavo Westerberg,2330,2330,0
Stephen Mizelas,570,570,0
Michael Goldbach,65305,65305,0
Michael Goldenberg,43955,43955,0
Michael Gracey,1563650,1563650,0
Michael Grandage,107130,107130,0
Stephen Moyer,2340,2340,0
Michael Greenspan,84790,84790,0
Michael Hegner,4095,4095,0
P.J. Pettiette,14410,14410,0
Stephen Susco,192940,192940,0
Stephen Tolkin,1680,1680,0
Oz Rodriguez,55760,55760,0
Tod Harrison Williams,14940,14940,0
Michael Ian Black,87065,87065,0
Paco Periñán,1385,1385,0
Michael David Lynch,510,510,0
Michael Blakemore,4190,4190,0
Paddy Slattery,2705,2705,0
Michael Bortman,5870,5870,0
Michael Brandt,157980,157980,0
Stephen Cragg,10210,10210,0
Paola Calvo,725,725,0
Michael Browning,2195,2195,0
Michael Burke,23485,23485,0
Stephen Dunn,46170,46170,0
Michael Caissie,5215,5215,0
Michael Caleo,20445,20445,0
Stephen Durham,31960,31960,0
Michael Campus,14110,14110,0
Michael Carney,42915,42915,0
Michael Chaves,289545,289545,0
Stephen Fingleton,93675,93675,0
Michael Clancy,46425,46425,0
Michael Clayton,460,460,0
Tom Berninger,23040,23040,0
Stephen Fry,31680,31680,0
Stephen J. Anderson,559165,559165,0
Michael Connors,3215,3215,0
Stephen Kemp,13200,13200,0
Pamela Romanowsky,30950,30950,0
Pamela B. Green,5650,5650,0
Michael Covert,3655,3655,0
Pailin Wedel,3235,3235,0
Pae Kon,420,420,0
Stephen Lance,10170,10170,0
Nzingha Stewart,134405,134405,0
Miia Tervo,9275,9275,0
Max Landis,8070,8070,0
Sy Gowthamraj,10420,10420,0
Nicholas Tomnay,142865,142865,0
Tatia Rosenthal,17405,17405,0
Taryn Brumfitt,5270,5270,0
Morgan Freeman,5135,5135,0
Tarun Mansukhani,41030,41030,0
Nicholas Mastandrea,71480,71480,0
Taron Lexton,14235,14235,0
Morio Asaka,8865,8865,0
Moritz Bleibtreu,3340,3340,0
Nicholas Kazan,30570,30570,0
Sylvain Estibal,17620,17620,0
Nicholas Brooks,5620,5620,0
Nic Mathieu,325245,325245,0
Tarik Hodzic,6855,6855,0
Niall MacCormick,28110,28110,0
Sylvie Testud,12485,12485,0
Sylvio Tabet,17940,17940,0
Nia Vardalos,44165,44165,0
Mounia Meddour,18345,18345,0
Nia DaCosta,20585,20585,0
Mtjj,11650,11650,0
Taran Killam,76855,76855,0
Tara Wood,25440,25440,0
Nelson Shin,150,150,0
Sébastien Laudenbach,7260,7260,0
Neill Fearnley,1840,1840,0
Muhammad Shaker,1840,1840,0
Moonika Siimets,6875,6875,0
Moon-saeng Kim,47245,47245,0
Mukesh Chhabra,674260,674260,0
Nick Corporon,7480,7480,0
Mohamed Khashoggi,3015,3015,0
Nick Sarkisov,18670,18670,0
Sven Nykvist,5095,5095,0
Nick Ryan,27205,27205,0
Nick Rowland,35775,35775,0
Nick Robertson,16970,16970,0
Nick Peet,5110,5110,0
Teller,42825,42825,0
Tekin Girgin,3805,3805,0
Nick Naveda,4135,4135,0
Svyatoslav Vlasov,110,110,0
Nick Kreiss,4190,4190,0
Teddy Grennan,9620,9620,0
Monia Chokri,6205,6205,0
Nick Jongerius,24590,24590,0
Monika Jordan-Mlodzianowska,1345,1345,0
Taylor Swift,24855,24855,0
Swapnaneel Jayakar,1585,1585,0
Swaroop Rsj,84365,84365,0
Nick Guthe,43140,43140,0
Swati Bhise,3680,3680,0
Nick Gillespie,10330,10330,0
Tayarisha Poe,6755,6755,0
Taweelap Srivuthivong,760,760,0
Monte Markham,6320,6320,0
Tatsurô Kawano,6615,6615,0
Tatsuma Minamikawa,12315,12315,0
Muhammad Usamah Zaid,6780,6780,0
Neil Turitz,5610,5610,0
Nick Weiss,4650,4650,0
Talia Shire,895,895,0
Talia Lugacy,16365,16365,0
Nathalie Biancheri,3050,3050,0
Nacho Cerdá,66575,66575,0
Natalya Vorozhbit,4310,4310,0
Natalie Portman,21780,21780,0
Takuro Nakamura,475,475,0
Nacho Álvarez,5990,5990,0
Takeshi Nozue,116040,116040,0
Natalie Krinsky,51270,51270,0
Nadia Hallgren,33520,33520,0
Natalie Erika James,151930,151930,0
Taieb Louhichi,70,70,0
Natalia Garagiola,2770,2770,0
Nariman Aliev,10120,10120,0
Takeshi Kushida,1080,1080,0
Nagisa Ôshima,40470,40470,0
Takashi Innami,1685,1685,0
Takahide Hori,7500,7500,0
Nahnatchka Khan,314280,314280,0
Nai-Hoi Yau,10010,10010,0
Naji Abu Nowar,57675,57675,0
Naomi Foner,81960,81960,0
Nancy Bardawil,51850,51850,0
Nancy Florence Savard,5045,5045,0
Takahiro Ômori,109130,109130,0
Nancy Goodman,2185,2185,0
Takaomi Kanasaki,26775,26775,0
Tae-yun Yoon,7700,7700,0
Talmage Cooley,7250,7250,0
Munehisa Sakai,36140,36140,0
Nathan Grossman,41940,41940,0
Neil Tolkin,2800,2800,0
Murali K. Thalluri,36850,36850,0
Murat Dündar,236590,236590,0
Sôshi Masumoto,6115,6115,0
Neeraj Ghaywan,157070,157070,0
Tanya Rosenberg,7425,7425,0
Tanya Hamilton,9190,9190,0
Søren Juul Petersen,3900,3900,0
Neal Slavin,15600,15600,0
Neal Brennan,112995,112995,0
Tanguy de Kermel,1285,1285,0
Mustafa Nuri,6600,6600,0
Natsuki Imai,18865,18865,0
Tab Murphy,29935,29935,0
Tadayoshi Yamamuro,119965,119965,0
Muye Wen,39875,39875,0
Mychel Arsenault,580,580,0
Tanel Toom,25260,25260,0
Myles Berkowitz,8950,8950,0
Myles Connell,6475,6475,0
Myriam Verreault,4700,4700,0
Myroslav Slaboshpytskyi,60085,60085,0
Tae-Gyun Kim,12195,12195,0
Nati Baratz,4085,4085,0
Márk Kostyál,11325,11325,0
Tamas Yvan Topolanszky,5705,5705,0
Nathan Hope,17530,17530,0
Sven Huybrechts,14740,14740,0
Nickolas Perry,9700,9700,0
Stiles White,285470,285470,0
Noo-ri Park,5025,5025,0
Mike Mort,3065,3065,0
Mike Mosallam,17230,17230,0
Thijs Meuwese,2755,2755,0
Noaz Deshe,2090,2090,0
Stuart Townsend,75960,75960,0
Thierry Ragobert,5540,5540,0
Mike P. Nelson,53390,53390,0
Stuart Zicherman,69470,69470,0
Thierry Frémaux,8035,8035,0
Mike Smith,9640,9640,0
Mike Wiluan,6585,6585,0
Noah Hawley,43605,43605,0
Stéphane Batut,2550,2550,0
Stéphane Rybojad,97805,97805,0
Theresa von Eltz,1990,1990,0
Theresa Connelly,17200,17200,0
Stéphane Vuillet,1925,1925,0
Stéphane de Freitas,475,475,0
Theresa Bennett,9810,9810,0
Stéphanie Di Giusto,13810,13810,0
Stéphanie Valloatto,650,650,0
Theodore Witcher,28305,28305,0
Nir Paniry,62640,62640,0
Thale Persen,1385,1385,0
Mikko Makela,17795,17795,0
Ninian Doff,43260,43260,0
Thad T. Smith,7185,7185,0
Noel Quiñones,1185,1185,0
Stuart Orme,48600,48600,0
Milad Alami,6215,6215,0
Thomas Bidegain,11175,11175,0
Straw Weisman,6825,6825,0
Noël Wells,19270,19270,0
Stuart Blumberg,147895,147895,0
Mikael Lypinski,1690,1690,0
Thomas Kruithof,13055,13055,0
Thomas Kail,572740,572740,0
Nosipho Dumisa,4030,4030,0
Stuart Evans,785,785,0
Thomas Jane,24335,24335,0
Norton Virgien,7265,7265,0
Mike Bigelow,267350,267350,0
Thomas J. Wright,7565,7565,0
Norris Wong,4755,4755,0
Norman Apstein,24445,24445,0
Norm Hunter,11935,11935,0
Mike Birbiglia,91185,91185,0
Mike Bonifer,1495,1495,0
Stuart Margolin,1495,1495,0
Nora Twomey,141590,141590,0
Thomas Della Bella,17495,17495,0
Thomas Daley,24465,24465,0
Nora Martirosyan,1235,1235,0
Stuart Murdoch,46245,46245,0
Thomas Cappelen Malling,5930,5930,0
Mike Gan,35960,35960,0
Mike Green,11215,11215,0
Thomas Cailley,31330,31330,0
Tetsuya Yanagisawa,4739,4739,0
Sue Clayton,3260,3260,0
Tensai Okamura,40265,40265,0
Mirjana Karanovic,3925,3925,0
Susan Montford,36525,36525,0
Terrie Samundra,7135,7135,0
Nicole Jones-Dion,18110,18110,0
Susan Skoog,5230,5230,0
Susan Stroman,224190,224190,0
Mirrah Foulkes,15170,15170,0
Miryam Bouchard,910,910,0
Misty Talley,7285,7285,0
Nicolas Silhol,5885,5885,0
Nicolas Provost,4310,4310,0
Susan Walter,9190,9190,0
Mitch Glazer,43300,43300,0
Mitch Gould,17625,17625,0
Susannah Grant,143185,143185,0
Nicolas Maury,2575,2575,0
Susanne Heinrich,2575,2575,0
Terri Farley-Teruel,3440,3440,0
Mitch Rouse,52165,52165,0
Mitch Schauer,7195,7195,0
Nicolas Cage,22935,22935,0
Suzanne Lindon,5955,5955,0
Terence Gross,7505,7505,0
Nicolai Fuglsig,461300,461300,0
Suzi Ewing,58545,58545,0
Nicol Paone,18860,18860,0
Mitzi Peirone,20135,20135,0
Nico Raineau,11840,11840,0
Nicolás Goldbart,16995,16995,0
Susan Gordanshekan,2390,2390,0
Milan Todorovic,16245,16245,0
Miranda de Pencier,13450,13450,0
Sue Kramer,36740,36740,0
Nina Brownfield-Berry,1935,1935,0
Nimrod Zalmanowitz,7015,7015,0
Miles Brandman,22485,22485,0
Nimrod Eldar,2940,2940,0
Terry Winsor,21635,21635,0
Suhaib Gasmelbari,4290,4290,0
Milorad Krstic,41330,41330,0
Terry Marcel,2795,2795,0
Terry Loane,12255,12255,0
Milos Skundric,8080,8080,0
Terry Kinney,6695,6695,0
Nils Bökamp,6085,6085,0
Min Bahadur Bham,3115,3115,0
Nikos Labôt,3725,3725,0
Nikole Beckwith,12940,12940,0
Min-suk Kim,9320,9320,0
Sung Jin Ahn,21145,21145,0
Terry Hughes,44275,44275,0
Nikita Argunov,58225,58225,0
Sung-Hyun Choi,7255,7255,0
Sung-a Yoon,2260,2260,0
Minna Virtanen,17770,17770,0
Minos Nikolakakis,2490,2490,0
Nikhil Nagesh Bhat,19630,19630,0
Mir-Jean Bou Chaaya,7735,7735,0
Sung-bo Shim,19665,19665,0
Pat Proft,146950,146950,0
Max Joseph,203135,203135,0
Wagner Moura,280390,280390,0
Mariko Minoguchi,3430,3430,0
Shintaro Shimosawa,89465,89465,0
Phil Sheerin,6355,6355,0
Marina Nefyodova,1775,1775,0
Valerie Veatch,1685,1685,0
Valerie McCaffrey,2515,2515,0
Phil Sears,715,715,0
Marina Stepanska,1685,1685,0
Phil Roman,60605,60605,0
Marine Francen,3555,3555,0
Mario DiLeo,1630,1630,0
Mario Gariazzo,550,550,0
Phil Dornfeld,31035,31035,0
Phil Connell,3110,3110,0
Shirel Peleg,3460,3460,0
Phanlop Sincharoen,60,60,0
Phaim Bhuiyan,5135,5135,0
Marisa Silver,4355,4355,0
Shirley Sun,3210,3210,0
Marita Grabiak,2410,2410,0
Marius Olteanu,3160,3160,0
Petter Lennstrand,1060,1060,0
Petri Luukkainen,3900,3900,0
Marja-Lewis Ryan,22520,22520,0
Mark A.Z. Dippé,362315,362315,0
Mark Amin,7775,7775,0
Shona Auerbach,112500,112500,0
Mark Blutman,8560,8560,0
Phil Weinstein,3510,3510,0
Marija Kavtaradze,8170,8170,0
Shubhashish Bhutiani,11995,11995,0
Philip Barantini,20770,20770,0
Venkat Ramji,37050,37050,0
Philipp Yuryev,7930,7930,0
Maria Gabriela Cardenas,59025,59025,0
Maria Lease,17310,17310,0
Shelly Chopra Dhar,23960,23960,0
Maria Matteoli,2325,2325,0
Shelly Love,2955,2955,0
Philipp Jedicke,1510,1510,0
Philip Seymour Hoffman,43705,43705,0
Sheng Qiu,1830,1830,0
Vasili Mass,1970,1970,0
Philip Martin,66670,66670,0
Philip Marlatt,1725,1725,0
Mariam Khatchvani,5430,5430,0
Sheri Elwood,9040,9040,0
Van Ditthavong,1280,1280,0
Philip G. Atwell,485250,485250,0
Mariano Baino,15340,15340,0
Philip Frank Messina,3155,3155,0
Mariano Cohn,12200,12200,0
Valeriu Jereghi,250,250,0
Philip Doherty,3130,3130,0
Mariano Peralta,5860,5860,0
Philip Brophy,18665,18665,0
Marie Madinier,5885,5885,0
Marie Monge,3430,3430,0
Marie Noëlle,8040,8040,0
Mark Brokaw,4925,4925,0
Peter Vack,2105,2105,0
Maria Bissell,2960,2960,0
Peter Liapis,2030,2030,0
Mark Polish,3335,3335,0
Sian Heder,107840,107840,0
Umut Aral,28295,28295,0
Sid Bennett,29320,29320,0
Peter Israelson,11975,11975,0
Mark Ruffalo,10365,10365,0
Sidney Poitier,42345,42345,0
Ulrike Kofler,10190,10190,0
Peter Horton,53600,53600,0
Mark Schmidt,13335,13335,0
Peter Hayman,2695,2695,0
Peter Hastings,30725,30725,0
Peter Hall,36685,36685,0
Ulaa Salim,9490,9490,0
Mark Swan,1910,1910,0
Mark Toia,40580,40580,0
Mark W. Travis,4150,4150,0
Peter Glanz,67365,67365,0
Peter Geiger,12320,12320,0
Peter Gantzler,3270,3270,0
Peter Galison,16270,16270,0
Peter Foott,66660,66660,0
Uga Carlini,7345,7345,0
Markus Blunder,9975,9975,0
Simon Baker,19380,19380,0
Peter Farrelly,2881145,2881145,0
Marla Ancheta,880,880,0
Mark O'Rowe,13250,13250,0
Mark Neveldine,96135,96135,0
Mark Cullen,105015,105015,0
Uros Stojanovic,12655,12655,0
Peter Tolan,17370,17370,0
Peter Templeman,26575,26575,0
Mark Dacascos,10150,10150,0
Mark DiSalle,24360,24360,0
Mark Drury Taylor,3685,3685,0
Mark Elijah Rosenberg,45820,45820,0
Mark Fergus,42875,42875,0
V.A. Shrikumar Menon,20230,20230,0
Mark Frost,7165,7165,0
Mark Gill,18980,18980,0
Peter Stanley-Ward,5610,5610,0
Mark H. Baker,3640,3640,0
Peter Sohn,639305,639305,0
Peter Sattler,214990,214990,0
Peter Ramsey,965350,965350,0
V. Vignarajan,20420,20420,0
Mark Helfrich,473120,473120,0
Peter R. Kirk,165,165,0
Mark Lafferty,14475,14475,0
Shûji Iuchi,4920,4920,0
Peter Mattei,3735,3735,0
Peter Manoogian,6090,6090,0
Mark Levin,124115,124115,0
Peter Malota,15685,15685,0
Shûkô Murase,5580,5580,0
Peter M. Cohen,22010,22010,0
Peter Livolsi,12025,12025,0
Shelagh McLeod,7700,7700,0
Mari Selvaraj,92255,92255,0
Marshall Burnette,2195,2195,0
Sergio Barrejón,6035,6035,0
Vivi Friedman,10465,10465,0
Prashant Singh,9115,9115,0
Vivek,49480,49480,0
Mansour Pourmand,2155,2155,0
Manu Ashokan,20145,20145,0
Prarthana Mohan,1260,1260,0
Vishesh Bhatt,14415,14415,0
Prapon Petchinn,606,606,0
Sergio G. Sánchez,199355,199355,0
Pradeep Ranganathan,20125,20125,0
Seth Henrikson,26950,26950,0
Poul Berg,3555,3555,0
Manuel Sicilia,32145,32145,0
Manuel von Stürler,2085,2085,0
Manuk Depoyan,2515,2515,0
Virginie Wagon,4110,4110,0
Marah Strauch,7345,7345,0
Virginie Despentes,3735,3735,0
Marc Brummund,9480,9480,0
Marc Carlini,3255,3255,0
Marc Caro,29940,29940,0
Virginia Abramovich,3225,3225,0
Marc Collin,1560,1560,0
Seth Kearsley,128320,128320,0
Seth Pinsker,7855,7855,0
Seth Savoy,43920,43920,0
Pollyanna McIntosh,11545,11545,0
Sergio Bergonzelli,760,760,0
Sergi Vizcaino,7050,7050,0
Marc Fienberg,14520,14520,0
Vivienne De Courcy,8530,8530,0
Maja Milos,36095,36095,0
W.D. Richter,9510,9510,0
W.D. Hogan,2635,2635,0
Makinov,17080,17080,0
Makoto Nagahisa,4740,4740,0
Maksim Fadeev,5715,5715,0
W. Peter Iliff,8615,8615,0
Víctor Osuna,585,585,0
Seong-yun Oh,5275,5275,0
Víctor Erice,10650,10650,0
Pushkar Mahabal,20705,20705,0
Malek Akkad,10705,10705,0
Sergei Glezin,10310,10310,0
Sergey Bodrov,20480,20480,0
Puneet Khanna,27125,27125,0
Vuk Rsumovic,8635,8635,0
Malik Bendjelloul,365310,365310,0
Malik Nejer,12645,12645,0
Prithviraj Sukumaran,63235,63235,0
Preston DeFrancis,16460,16460,0
Vladislav Khesin,6095,6095,0
Manav Shah,2455,2455,0
Vladimir Nikolaev,3975,3975,0
Manele Labidi,19730,19730,0
Prentice Penny,35270,35270,0
Vladek Zankovsky,12820,12820,0
Vlad Feier,5075,5075,0
Seung-woo Kim,7260,7260,0
Marc Furmie,31120,31120,0
Philippa Cousins,2930,2930,0
Viggo Mortensen,35195,35195,0
Victoria Wharfe McIntyre,2250,2250,0
Phuttiphong Aroonpheng,5155,5155,0
Victor Zarcoff,30400,30400,0
Marco D'Amore,37395,37395,0
Victor Saint Macary,4475,4475,0
Victor Dryere,3245,3245,0
Victor Danell,44915,44915,0
Marco Malattia,170,170,0
Marco Pianigiani,680,680,0
Vicky Jenson,75545,75545,0
Phillip J. Bartell,20540,20540,0
Shannon Murphy,95585,95585,0
Marco Schnabel,275265,275265,0
Phillip G. Carroll Jr.,5455,5455,0
Marcos Efron,93805,93805,0
Vicangelo Bulluck,690,690,0
Marcus Graves,23100,23100,0
Viatcheslav Kopturevskiy,2135,2135,0
Philippe Setbon,14070,14070,0
Marcus Lim,1475,1475,0
Philippe Rousselot,9160,9160,0
Veronica Robledo,1735,1735,0
Shaun Su,820,820,0
Veronica Addison,905,905,0
Philippe Lefebvre,6905,6905,0
Vera Farmiga,16430,16430,0
Shawn Rech,11340,11340,0
Piero Messina,12955,12955,0
Pierre B. Reinhard,145,145,0
Vinod Kapri,14825,14825,0
Vikram Jayakumar,13455,13455,0
Pippa Bianco,11250,11250,0
Pip Karmel,13350,13350,0
Marc Klein,38935,38935,0
Vincent Robert,7790,7790,0
Pin Pin Tan,700,700,0
Pilar Palomero,13660,13660,0
Pietro Castellitto,6345,6345,0
Marc Schölermann,166655,166655,0
Marc Vigil,21085,21085,0
Vince Gilligan,1467215,1467215,0
Pieter-Jan De Pue,3180,3180,0
Marcel Langenegger,204380,204380,0
Pieter Jan Brugge,71855,71855,0
Vin Diesel,9020,9020,0
Marcel Rasquin,13235,13235,0
Piet De Rycker,630,630,0
Pierre-Hubert Martin,420,420,0
Pierre Wilén,50,50,0
Viktoria Fanasiutina,4245,4245,0
Pierre Thoretton,5305,5305,0
Shainee Gabel,136235,136235,0
Marcello Sannino,625,625,0
Marcelo Caetano,4550,4550,0
Marcelo Martinessi,16450,16450,0
Marcia Tambutti Allende,2510,2510,0
Shane Acker,740320,740320,0
Shane O'Sullivan,745,745,0
Marni Banack,7395,7395,0
Simon Bird,13055,13055,0
Pat Williams,16540,16540,0
Matt Sobel,13640,13640,0
Paul Emmanuel,6435,6435,0
Tony Elliott,209760,209760,0
Tony E. Valenzuela,10065,10065,0
Paul Downs Colaizzo,111685,111685,0
Tony Dean Smith,11515,11515,0
Paul Dinello,42280,42280,0
Matteo Gagliardi,2065,2065,0
Tony D'Aquino,30025,30025,0
Matteo Oleotto,4870,4870,0
Paul Dano,157365,157365,0
Matthew B.C.,3255,3255,0
Matthew Broderick,10020,10020,0
Tony Cinciripini,14075,14075,0
Matthew Chapman,102185,102185,0
Matthew Charles Santoro,18835,18835,0
Matthew Cole Weiss,12180,12180,0
Spencer Susser,270825,270825,0
Spiro Razatos,8945,8945,0
Paul Campion,22870,22870,0
Tony Cervone,150755,150755,0
Matthew Dean Russell,20840,20840,0
Srdjan Spasojevic,360225,360225,0
Paul Brickman,13765,13765,0
Paul Bettany,27025,27025,0
Matthew Hastings,26615,26615,0
Matthew Holness,45230,45230,0
Paul Abascal,78510,78510,0
Matt Spicer,240415,240415,0
Paul F. Ryan,17275,17275,0
Stacia Crawford,1525,1525,0
Paul Flaherty,42820,42820,0
Paul Maslak,4860,4860,0
Matt Codd,5740,5740,0
Tony Tilse,24565,24565,0
Matt D'Avella,83690,83690,0
Matt Danner,1100,1100,0
Matt Earl Beesley,9620,9620,0
Tony T. Datis,14980,14980,0
Paul Leach,495,495,0
Tony Sacco,3020,3020,0
Paul Katis,72050,72050,0
Matt Flynn,11570,11570,0
Paul Johansson,71705,71705,0
Tony Richardson,41010,41010,0
Paul Hunter,261330,261330,0
Matt Murphy,12090,12090,0
Matt Orlando,8860,8860,0
Matt Palmer,167460,167460,0
Matt Peters,7215,7215,0
Matt Piedmont,108165,108165,0
Tony Piccirillo,18645,18645,0
Matt Ratner,12815,12815,0
Matt Routledge,21540,21540,0
Sophie Laloy,6735,6735,0
Matt Schrader,24405,24405,0
Sophie Lellouche,19950,19950,0
Matt Shakman,69385,69385,0
Sou Abadi,4845,4845,0
Paul A. Kaufman,2710,2710,0
Matthew Meshekoff,4090,4090,0
Paul Mayeda Berges,28065,28065,0
Patrick Durham,3315,3315,0
Matías Moltrasio,7055,7055,0
Tommy Wiseau,476200,476200,0
Patrick Cassir,10630,10630,0
Maura Anderson,4320,4320,0
Tommy Lee Wallace,40320,40320,0
Patrick Alan,7395,7395,0
Stanton Barrett,11970,11970,0
Stefan A. Lukacs,2490,2490,0
Maureen Bharoocha,3595,3595,0
Patricia Wheatley,705,705,0
Stefan Arsenijevic,3565,3565,0
Tommy Chong,6115,6115,0
Maureen Bradley,690,690,0
Tomm Moore,316445,316445,0
Tomer Eshed,10675,10675,0
Maurice Joyce,17720,17720,0
Patricia Marcoccia,9160,9160,0
Patricia Font,18350,18350,0
Mauro Bolognini,2310,2310,0
Tomas Polensky,825,825,0
Tom Wright,7070,7070,0
Mauro Iván Ojeda,3195,3195,0
Patrice Laliberté,49520,49520,0
Tom Volf,10620,10620,0
Mauro Mancini,3670,3670,0
Max Adams,49700,49700,0
Tom Stoppard,119585,119585,0
Patrick Chapman,2880,2880,0
Patrick Harkins,3015,3015,0
Stan Dragoti,65755,65755,0
Tomoka Nagaoka,9965,9965,0
Matthew Michael Carnahan,152795,152795,0
Patrick Vollrath,165570,165570,0
Tony Aloupis,10655,10655,0
Matthew Modine,3080,3080,0
Patrick Tatopoulos,840865,840865,0
Stan Foster,4400,4400,0
Matthew O'Callaghan,90960,90960,0
Stan Winston,7035,7035,0
Patrick Sisam,5100,5100,0
Matthew Rankin,7360,7360,0
Matthew Robbins,15650,15650,0
Matthew Shoychet,15130,15130,0
Matthew Spradlin,19190,19190,0
Matthew Tabak,8720,8720,0
Stanislav Kapralov,8610,8610,0
Stanislav Sokolov,535,535,0
Matthew Way,150,150,0
Matthew Weiner,83630,83630,0
Matthew Ya-Hsiung Balzer,935,935,0
Tonia Mishiali,3805,3805,0
Matthias Luthardt,5515,5515,0
Stanley Kubrick,1882510,1882510,0
Patrick Magee,20660,20660,0
Patrick Kennelly,4725,4725,0
Stanley M. Brooks,35620,35620,0
Tomás Lunák,8105,8105,0
Patrick Hasburgh,16150,16150,0
Matt Chambers,2060,2060,0
Sophie Heldman,1160,1160,0
Peter Faiman,72020,72020,0
Simon Kinberg,1029905,1029905,0
Martin Lawrence,27145,27145,0
Tyler Oliver,33055,33055,0
Pete Gleeson,6705,6705,0
Petar Ristovski,9735,9735,0
Martin Murphy,5085,5085,0
Tyler Cornack,11005,11005,0
Simon Lereng Wilmont,3255,3255,0
Simon Stone,27570,27570,0
Martin Ritt,42700,42700,0
Martin Schenk,1390,1390,0
Martin Sheen,30585,30585,0
Tushar Hiranandani,30185,30185,0
Perry Andelin Blake,136690,136690,0
Simone Jude,1640,1640,0
Simone North,27240,27240,0
Martin Wichmann Andersen,6300,6300,0
Tuck Tucker,39235,39235,0
Per-Ingvar Tomren,75,75,0
Martín Deus,20715,20715,0
Simón Bross,5210,5210,0
Tsuneo Kobayashi,88790,88790,0
Martín Hodara,30280,30280,0
Marvick Eduardo Núñez Aguilera,785,785,0
Tsuji Hajiki,14515,14515,0
Pepa San Martín,3695,3695,0
Trudie Styler,22845,22845,0
Troy Nixey,253110,253110,0
Simon Klose,69655,69655,0
Martin Kunert,4115,4115,0
Marya Cohn,23455,23455,0
Martin Krejcí,4980,4980,0
Simon Callow,4370,4370,0
Marta Prus,5010,5010,0
Udai Singh Pawar,4805,4805,0
Marti Noxon,275165,275165,0
Peter Dukes,20465,20465,0
Peter Duffell,1120,1120,0
Peter Dodd,3360,3360,0
Peter Cousens,11065,11065,0
Simon De Selva,5030,5030,0
Tymur Yashchenko,6145,6145,0
Martin Christopher Bode,3005,3005,0
Peter Care,71005,71005,0
Peter Capaldi,2830,2830,0
Simon Dixon,2785,2785,0
Peter Burger,16255,16255,0
Martin Gero,98130,98130,0
Tyler Taormina,4925,4925,0
Simon Fitzmaurice,6120,6120,0
Peter Baldwin,19065,19065,0
Peter Anthony,12910,12910,0
Martin Horský,4215,4215,0
Pete Vinal,660,660,0
Martin Huberty,6980,6980,0
Pete Riski,35330,35330,0
Martin Högdahl,1270,1270,0
Martin Jay Weiss,9805,9805,0
Martin Johnson,2490,2490,0
Mary Stuart Masterson,37310,37310,0
Sitisiri Mongkolsiri,11080,11080,0
Tony West,13595,13595,0
Pawel Chochlew,4905,4905,0
Pavel Sidorov,1955,1955,0
Massy Tadjedin,253500,253500,0
Master P,2165,2165,0
Pavel Parkhomenko,17905,17905,0
Matej Chlupacek,1385,1385,0
Sonia Liza Kenterman,4180,4180,0
Tracy Alexson,1255,1255,0
Mathew Cullen,61405,61405,0
Paul Urkijo Alijo,67790,67790,0
Mathias Malzieu,5090,5090,0
Toshiyuki Tsuru,23865,23865,0
Soopum Sohn,1015,1015,0
Mathieu Demy,5600,5600,0
Mathieu Mortelmans,1700,1700,0
Paul Serafini,4280,4280,0
Mathieu Ratthe,13750,13750,0
Paul Schneider,9215,9215,0
Paul Schibli,13325,13325,0
Torico,1785,1785,0
Paul Sarossy,3810,3810,0
Paul Raimondi,790,790,0
Mathukutty Xavier,18795,18795,0
Toran Caudell,13095,13095,0
Paul Miller,46275,46275,0
Sophie Goodhart,23760,23760,0
Mats Grorud,3085,3085,0
Mats Stenberg,49865,49865,0
Pavle Vuckovic,8350,8350,0
Sohn Won-Pyung,10990,10990,0
Maryam Touzani,9475,9475,0
Pawel Maslona,8155,8155,0
Pen Densham,22590,22590,0
Skip Woods,100560,100560,0
Marysia Nikitiuk,3595,3595,0
María Alché,2140,2140,0
Pelayo Lira,955,955,0
Pekka Lehtosaari,1900,1900,0
Trond Espen Seim,5310,5310,0
Tristram Shapeero,41325,41325,0
Masahiro Hosoda,149605,149605,0
Peer Pedersen,7380,7380,0
Masakatsu Iijima,4010,4010,0
Sngmoo Lee,136400,136400,0
Masami Ôbari,6485,6485,0
Tristram Powell,4340,4340,0
Masashi Koizuka,30585,30585,0
Pedro Morelli,15080,15080,0
Sofia Shinas,2310,2310,0
Sofía Quirós,1965,1965,0
Pedro C. Alonso,12900,12900,0
Soham Mehta,6150,6150,0
Tristan Ferland Milewski,8715,8715,0
Trey Nelson,21910,21910,0
Sohan Roy,103845,103845,0
Peder Norlund,6135,6135,0
Pawo Choyning Dorji,33635,33635,0
Travis Stevens,55890,55890,0
Travis Oates,35410,35410,0
Kieran Parker,12485,12485,0
Þorsteinn Jónsson,600,600,0
Iryna Tsilyk,3880,3880,0
Hiroshi Harada,18510,18510,0
Christopher Zalla,5980,5980,0
Gaspar Antillo,24855,24855,0
Christos Nikou,27440,27440,0
Bill Benz,7545,7545,0
Joe Mantegna,3750,3750,0
Joe Marcantonio,12120,12120,0
Gary Sinise,237150,237150,0
Gary Shore,1040355,1040355,0
Christy Carlson Romano,1640,1640,0
Gary Rydstrom,61230,61230,0
Joe Miale,51460,51460,0
Gary Preisler,13045,13045,0
André Costa,465,465,0
André Chemetoff,1660,1660,0
Joe Penna,292430,292430,0
Joe Pytka,1070960,1070960,0
Gary Oldman,51080,51080,0
Gary McKendry,678170,678170,0
Bruce Paltrow,50375,50375,0
Joe Sill,4580,4580,0
Joe Talbot,110045,110045,0
Bill Buckhurst,2115,2115,0
Gary Lennon,44495,44495,0
Joe Zanetti,6810,6810,0
Chuck Comisky,6970,6970,0
Gastón Duprat,36845,36845,0
Gavin Claxton,4555,4555,0
Annie Silverstein,20815,20815,0
Christopher Roosevelt,11180,11180,0
Jodie Markell,14150,14150,0
Jody Dwyer,31555,31555,0
Hiromu Nakamura,2565,2565,0
Christopher Louie,36495,36495,0
Bruno Gascon,3400,3400,0
Christopher Morahan,3700,3700,0
Joe Angelo Menconi,1895,1895,0
Andy Blumenthal,4035,4035,0
Genevieve Nnaji,7720,7720,0
Gene Stupnitsky,410425,410425,0
Gene Saks,1850,1850,0
Bhanu Pratap Singh,29625,29625,0
Joe Charbanic,142640,142640,0
Gene Cajayon,3465,3465,0
Gee Malik Linton,84270,84270,0
Christopher Neil,27000,27000,0
Christopher Nelius,1290,1290,0
Andrés Garrigó,530,530,0
Christopher Nielsen,34745,34745,0
Gaya Jiji,2925,2925,0
Bibo Bergeron,113605,113605,0
Gavin Rothery,132515,132515,0
Christopher R. Watson,3605,3605,0
Gavin Fitzgerald,32925,32925,0
Gavin Elder,4725,4725,0
Joel Anderson,146645,146645,0
Gary Halvorson,18725,18725,0
Chuck Sheetz,58545,58545,0
Joel Coen,575705,575705,0
Jamel Debbouze,6790,6790,0
Hiroyasu Ishida,19345,19345,0
Andrew Steggall,14090,14090,0
Johan Renck,15510,15510,0
Claire Burger,3845,3845,0
Johan von Sydow,1810,1810,0
Andrew Sipes,69370,69370,0
Andrew Scheinman,57935,57935,0
Johanne Helgeland,4525,4525,0
Galina Miklínová,1505,1505,0
Galder Gaztelu-Urrutia,1371915,1371915,0
Johannes Jaeger,2460,2460,0
Claire Oakley,9820,9820,0
Claire Scanlon,324010,324010,0
Clare Lewins,20475,20475,0
Andrew Patterson,225705,225705,0
Clare Niederpruem,7185,7185,0
Gail Mancuso,144155,144155,0
John Allardice,4020,4020,0
Gad Elmaleh,8335,8335,0
John Andreas Andersen,73425,73425,0
Gabrielle Savage Dockterman,8235,8235,0
John August,173230,173230,0
Gabrielle Brady,2380,2380,0
Gabrielle Anwar,1540,1540,0
Gareth Carrivick,183255,183255,0
Gareth Lewis,21935,21935,0
Claire Andrew,1030,1030,0
Chûji Mikasano,490,490,0
Joel Crawford,266485,266485,0
Joel David Moore,7110,7110,0
Gary Davis,1865,1865,0
Gary David Goldberg,165540,165540,0
Joel Gallen,581705,581705,0
Gary Dauberman,437555,437555,0
Gary Chapman,122355,122355,0
Chung-Hyun Lee,219785,219785,0
Bruce Macdonald,6510,6510,0
Gary Alazraki,52770,52770,0
James B. Merryman,1470,1470,0
Cindy Chupack,62945,62945,0
Joey Stewart,60125,60125,0
Cindy Sherman,11985,11985,0
Andrey A. Tarkovskiy,4600,4600,0
Andrews Jenkins,30970,30970,0
Joey Kuhn,33210,33210,0
Ciro Ippolito,2150,2150,0
Garri Bardin,1270,1270,0
Ciro Sorrentino,3335,3335,0
Andrew Waller,4920,4920,0
James B. Harris,32935,32935,0
Garin Hovannisian,1605,1605,0
Joey Soloway,57495,57495,0
Jodi Scurfield,19965,19965,0
Geoff Burrowes,15760,15760,0
Christopher Leone,75320,75320,0
Hiro Murai,59105,59105,0
Gerardo Gatica González,5895,5895,0
James Gartner,244610,244610,0
Anna Parmas,3000,3000,0
Hikaru Yamaguchi,12310,12310,0
Gerard Johnstone,188275,188275,0
Christina Choe,18050,18050,0
Jim Mallon,94655,94655,0
Gerald Thomas,13380,13380,0
Gerald Rascionato,25320,25320,0
James F. Robinson,16555,16555,0
Jim O'Hanlon,22445,22445,0
Gerald McMorrow,90935,90935,0
Jim Simpson,7100,7100,0
Jim Sonzero,153760,153760,0
Christina Wayne,17525,17525,0
Gerald Lee,185,185,0
Christine Lahti,29580,29580,0
Georgis Grigorakis,14755,14755,0
Jim Van Bebber,16950,16950,0
Jim Weedon,12730,12730,0
Georgina Lightning,6110,6110,0
Anna Foerster,406080,406080,0
Anna Cazenave Cambet,1265,1265,0
Anna Benson Gyles,820,820,0
Bernabé Rico,4455,4455,0
Anna Zielinski,7410,7410,0
Jim Kohlberg,43475,43475,0
Geremy Jasper,52695,52695,0
Hideaki Nakano,355,355,0
James Hacking,18995,18995,0
Anne-Gaëlle Daval,2855,2855,0
James Griffiths,100005,100005,0
Jieho Lee,174835,174835,0
Christian Pasquariello,8550,8550,0
Jill Fullerton-Smith,725,725,0
Anne Renton,8005,8005,0
Jill Gevargizian,13315,13315,0
Gil Bettman,2980,2980,0
Christian Poveda,4740,4740,0
Christian Rivers,707365,707365,0
Giampaolo Morelli,6800,6800,0
Annabel Jankel,34225,34225,0
Bud Yorkin,1815,1815,0
Anne Hamilton,23400,23400,0
Giacomo Martelli,5540,5540,0
Gia Skova,18015,18015,0
Geun-seop Jeong,41450,41450,0
Bryce Dallas Howard,6990,6990,0
Christiane Cegavske,8195,8195,0
Gerry O'Hara,2125,2125,0
Hikari,15660,15660,0
Annabelle Attanasio,8955,8955,0
Germinal Alvarez,5345,5345,0
Georges Bardawil,705,705,0
Ann Deborah Fishman,64045,64045,0
Joby Harold,403780,403780,0
George Zaloom,2300,2300,0
Christopher Crowe,12090,12090,0
Angel Kristi Williams,5755,5755,0
Angel Gracia,78165,78165,0
Aneil Karia,19200,19200,0
Hiroaki Yoshida,3800,3800,0
Beth Schacter,12835,12835,0
Andy Wolk,9515,9515,0
Jo Kastner,5180,5180,0
Jo Sun-ho,14815,14815,0
James Brolin,1170,1170,0
Bruno Rolland,2200,2200,0
Geoffrey Schaaf,4230,4230,0
Andy Wilson,39910,39910,0
Joachim Rønning,596610,596610,0
Christopher Jenkins,20765,20765,0
Geoffrey Haley,16375,16375,0
Joan Chemla,2235,2235,0
Andy Newbery,4800,4800,0
Andy Humphries,12850,12850,0
Geoffrey Fletcher,66530,66530,0
Joanna Coates,6220,6220,0
Geoff Redknap,7290,7290,0
Joaquín Llamas,18470,18470,0
Christopher Leitch,4635,4635,0
Geoff Meed,2030,2030,0
George Adams,640,640,0
Bertrand Mandico,16130,16130,0
Bryan Barber,28865,28865,0
Anissa Bonnefont,2750,2750,0
George VanBuskirk,11610,11610,0
Bryan Gunnar Cole,14700,14700,0
James D. Parriott,20135,20135,0
George P. Cosmatos,26080,26080,0
Anja Marquardt,5295,5295,0
James D'Arcy,55015,55015,0
Bertrand Arthuys,1625,1625,0
Jimmy T. Murakami,10895,10895,0
Anja Kofmel,2780,2780,0
Jimmy Zeilinger,1775,1775,0
George LaVoo,18300,18300,0
Jin-Soon Lim,7810,7810,0
Christophe Offenstein,12750,12750,0
George Karja,1115,1115,0
George Isaac,8585,8585,0
Hiroaki Miyamoto,36760,36760,0
Christoph Waltz,30880,30880,0
Angelo Pizzo,39560,39560,0
George Haas,8415,8415,0
George Eastman,5555,5555,0
Christophe Deroo,13020,13020,0
Christophe Duthuron,4660,4660,0
Angelo Cianci,1050,1050,0
Jirí Havelka,5485,5485,0
Andrew Paquin,13250,13250,0
Andrew Nackman,54320,54320,0
John Barr,14505,14505,0
Anand Tiwari,45375,45375,0
Courtney Paige,4545,4545,0
Frank Nissen,42350,42350,0
Frank Miller,314445,314445,0
Craig Boreham,5610,5610,0
Craig Ferguson,10615,10615,0
Frank Lotito,7165,7165,0
Frank Longo,26650,26650,0
Hong Eui-jeong,9225,9225,0
John Reid,1290,1290,0
Frank E. Flowers,34495,34495,0
Anders Anderson,30130,30130,0
Frank De Felitta,16240,16240,0
Frank C. Schroeder,7270,7270,0
Craig Goldsmith,2325,2325,0
Anastasiya Palchikova,1730,1730,0
Anas Tolba,505,505,0
John Schmidt,4035,4035,0
Frank Bellocq,2790,2790,0
Craig Hamann,3670,3670,0
Brian Ulrich,3165,3165,0
John Seale,1625,1625,0
Craig Leeson,16170,16170,0
Franck Richard,11400,11400,0
Jada Pinkett Smith,12005,12005,0
John Sheedy,3575,3575,0
Courteney Cox,97610,97610,0
John Power,925,925,0
Anders Jacobsson,20105,20105,0
Franka Potente,3800,3800,0
Coralie Fargeat,243665,243665,0
Billie Piper,7175,7175,0
John Milius,38765,38765,0
Corey Michael Eubanks,2073,2073,0
Frant Gwo,182255,182255,0
Franklin A. Vallette,1395,1395,0
Andrea Berloff,115135,115135,0
John Nicolella,43970,43970,0
Holger Tappe,27115,27115,0
John Ottman,94965,94965,0
Andre R. Guttfreund,3110,3110,0
John Patrick Kelley,10505,10505,0
John Poliquin,137505,137505,0
Cory Cataldo,1830,1830,0
John Payson,72650,72650,0
Anderson Cowan,5425,5425,0
Billy Chase Goforth,3950,3950,0
Cory Edwards,9955,9955,0
Frank Sebastiano,42400,42400,0
John Pieplow,38470,38470,0
Anders Walter,165260,165260,0
Jae-Young Shin,4130,4130,0
Jae-Hoon Choi,27275,27275,0
Honey Trehan,98730,98730,0
Franck Nataf,17690,17690,0
Craig McCall,6745,6745,0
John Mellencamp,3550,3550,0
Craig McCracken,55315,55315,0
Amy Poehler,115145,115145,0
Cuba Gooding Jr.,15365,15365,0
Amy Holden Jones,17430,17430,0
Curro Sánchez,1380,1380,0
John Webb,4730,4730,0
Curro Velázquez,9580,9580,0
Jacques Dorfmann,27175,27175,0
John Winter,5440,5440,0
Francis Huster,3310,3310,0
Francis Glebas,43690,43690,0
Johnathan Gurfinkel,3405,3405,0
Curt A. Sindelar,6995,6995,0
Francine McDougall,76865,76865,0
Johnny Chae,1630,1630,0
Francesco Zippel,5755,5755,0
Bassam Tariq,16125,16125,0
Hong-soo Park,24300,24300,0
Billy Weber,8220,8220,0
Francesco Giannini,2635,2635,0
Bing Liu,52525,52525,0
Brian Taylor,137420,137420,0
Cynthia Mort,15330,15330,0
Cynthia Scott,6560,6560,0
Hormoz,2005,2005,0
Francesco Cinquemani,15945,15945,0
John T. Kretchmer,9740,9740,0
John Swetnam,2180,2180,0
John Swanbeck,75315,75315,0
Francisco Macri,11595,11595,0
Franck Dubosc,26010,26010,0
Francisco Varone,4265,4265,0
Ana Rocha,10450,10450,0
John Slattery,62260,62260,0
John Stainton,41185,41185,0
Jacqui Morris,2070,2070,0
John Stead,3390,3390,0
Francisco Vargas,12995,12995,0
John Stevenson,70560,70560,0
Craig Sheffer,8840,8840,0
Billy Hopkins,14520,14520,0
Craig Zisk,65655,65655,0
Hong-jin Mo,7010,7010,0
Jacques Ouaniche,2890,2890,0
Jacques Malaterre,9350,9350,0
Francis Schaeffer,1625,1625,0
Crispian Mills,81615,81615,0
Ana García Blaya,3205,3205,0
Cristian Ponce,8670,8670,0
Ana Belén,1875,1875,0
Ana Asensio,18310,18310,0
John Strickland,3425,3425,0
John Swab,19090,19090,0
Jacques Kluger,9380,9380,0
Andrea Eckerbom,2445,2445,0
Andrea Jaurrieta,2790,2790,0
Hiroyuki Morita,324250,324250,0
Clint Hutchison,8085,8085,0
Bill Kroyer,170275,170275,0
Bruce Brown,11145,11145,0
Bill Maher,30320,30320,0
Gabe Turner,16880,16880,0
Claus Räfle,8670,8670,0
Gabe Klinger,11420,11420,0
John Dingwall,1870,1870,0
Andrew Eastel,6600,6600,0
John Dirlam,2450,2450,0
Andrew Droz Palermo,11920,11920,0
Brooke Nevin,1805,1805,0
Hitesh Kewalya,52575,52575,0
Clay Kaytis,418005,418005,0
John Doyle,15450,15450,0
Félix Enríquez Alcalá,95695,95695,0
Andrew Desmond,8235,8235,0
John Erman,14275,14275,0
Clay Staub,34320,34320,0
John Forte,10645,10645,0
Andrew Chapman,2695,2695,0
Andrew Chan,4270,4270,0
Bill Muir,9515,9515,0
Fulvio Sestito,25630,25630,0
Jaione Camborda,675,675,0
John Gatins,70555,70555,0
Andrew Gallerani,5410,5410,0
Bill Holderman,162855,162855,0
Claudio Marcone,13755,13755,0
John Burgess,27035,27035,0
John Berardo,21110,21110,0
Bruce Joel Rubin,61045,61045,0
Hiroyuki Okiura,40850,40850,0
Gabriella Cristiani,3125,3125,0
Clark Duke,76885,76885,0
Andrew Leman,44600,44600,0
Andrew Lawrence,28540,28540,0
Claude Barras,146435,146435,0
John Bruno,149915,149915,0
Gabriele Mainetti,81610,81610,0
Claude Lalonde,11490,11490,0
Bill Eagles,19750,19750,0
Irving Belateche,1495,1495,0
Andrew Jay Cohen,235230,235230,0
Hiroyuki Seshita,45450,45450,0
Andrew Hull,9925,9925,0
John Carroll Lynch,130900,130900,0
Andrew Heckler,20755,20755,0
John Cornell,24975,24975,0
Hisham Saqr,635,635,0
Gabriel Ripstein,12470,12470,0
John Cosgrove,14130,14130,0
Andrew Gurland,22715,22715,0
Bruce Hunt,207725,207725,0
Frédéric Petitjean,28635,28635,0
Andrew Bakalar,3180,3180,0
Bill Watterson,45710,45710,0
Clive Tonge,44700,44700,0
John Lasseter,5358670,5358670,0
Fred Savage,89970,89970,0
Fred Ouro Preto,8335,8335,0
Fred Gerber,5965,5965,0
Colton Lawrence,4675,4675,0
John Lee,45585,45585,0
John Leekley,3310,3310,0
John Leguizamo,13835,13835,0
Fred Fougea,1715,1715,0
Fred Dekker,272580,272580,0
Brittany Andrews,8795,8795,0
Fred Andrews,15475,15475,0
François-Xavier Drouet,460,460,0
Bill Siegel,5905,5905,0
John Lynch,2065,2065,0
Brie Larson,104255,104255,0
François Pirot,2110,2110,0
John MacCarthy,5380,5380,0
John Maclean,240330,240330,0
John Malkovich,34435,34435,0
Conrad Helten,3490,3490,0
Brian W. Cook,34570,34570,0
John Mark Robinson,3780,3780,0
Cooper Karl,52145,52145,0
Jagan Shakti,88430,88430,0
Bill Ryan,4540,4540,0
Bill Purple,23785,23785,0
John L. Jacobs,1225,1225,0
Andrei Konst,3765,3765,0
Clyde Ware,1230,1230,0
Brook Yeaton,2320,2320,0
John Glenn,96665,96665,0
Clément Michel,4715,4715,0
Bill Oliver,33270,33270,0
Fritz Böhm,71730,71730,0
Cody Cameron,66450,66450,0
Fredrik Bond,149220,149220,0
Bill Phillips,6280,6280,0
Frederike Migom,1215,1215,0
Jaime Marques,4080,4080,0
Colin Budds,2635,2635,0
John Krokidas,206645,206645,0
Frederick Schultz,24090,24090,0
John Hoffman,23325,23325,0
John Hsu,19275,19275,0
Andrei Borissov,2385,2385,0
John Hughes,116480,116480,0
John Inwood,13525,13525,0
Frederic Golchan,4075,4075,0
John Jacobsen,4005,4005,0
Colin Kennedy,6010,6010,0
John Kaye,7340,7340,0
John Ketcham,5320,5320,0
Gilbert Adler,79075,79075,0
James Honeyborne,8365,8365,0
Cyril Collard,12095,12095,0
Charles Grosvenor,30285,30285,0
Hadas Ben Aroya,2060,2060,0
Jay Gammill,11635,11635,0
Jamie Travis,84580,84580,0
Attila Hartung,6840,6840,0
Jay Holben,4155,4155,0
Charles Lane,6645,6645,0
Charles Martin,23745,23745,0
Jay Leggett,6870,6870,0
Jamie Scabbert,1475,1475,0
Carine Adler,7970,7970,0
Henning Gronkowski,3305,3305,0
Charles Oliver,8555,8555,0
Jamie Linden,136050,136050,0
Charley Stadler,17460,17460,0
Gérard Jourd'hui,1675,1675,0
Charlie Bean,122945,122945,0
Charlie Buhler,9075,9075,0
Charlie Comparetto,10430,10430,0
Charlie Stratton,48485,48485,0
Atsuko Ishizuka,22940,22940,0
Jamie Dixon,8985,8985,0
Atsuko Hirayanagi,16845,16845,0
Jean Châteauvert,1305,1305,0
Ben McPherson,27615,27615,0
Guðmundur Arnar Guðmundsson,31035,31035,0
Charles Haid,47120,47120,0
Augustine Frizzell,20465,20465,0
Bun Yuen,6900,6900,0
Charles E. Bastien,1800,1800,0
Axelle Laffont,36735,36735,0
Ben Kent,3775,3775,0
Chao-Bin Su,17510,17510,0
Charla Driver,1755,1755,0
Axel Corti,4380,4380,0
Jason Woliner,771045,771045,0
Hailong Li,7550,7550,0
Carl Prechezer,14785,14785,0
Ben Ketai,23700,23700,0
Charles Barker,20765,20765,0
Jason Yee,1380,1380,0
Hafsia Herzi,4155,4155,0
Autumn de Wilde,315690,315690,0
Austin Vesely,19420,19420,0
Austin Stark,29500,29500,0
Carl Hunter,16365,16365,0
Carl Christian Raabe,9370,9370,0
Charles Dance,63610,63610,0
Jaume Sucarrats,195,195,0
Austin Brooks,345,345,0
Hadrian Marcu,1070,1070,0
Aurelio Toni Agliata,1930,1930,0
Aurel,10785,10785,0
Javor Gardev,27295,27295,0
Aun Hoe Goh,5980,5980,0
Guy-Roger Duvert,10065,10065,0
Charlène Favier,11390,11390,0
Ben Medina,14925,14925,0
Jean Stewart,1900,1900,0
Jean-Marc Barr,3730,3730,0
Asaph Polonsky,4810,4810,0
Cheuk Man Au,2970,2970,0
Jean-Marc Rudnicki,3280,3280,0
Henri Wong,2735,2735,0
Arunraja Kamaraj,17695,17695,0
Gunhild Magnor,1000,1000,0
Gun Ho Jang,10975,10975,0
Jean-Pascal Hattu,1495,1495,0
Aruna Villiers,3060,3060,0
Arun Bose,10050,10050,0
James Strong,65765,65765,0
Henrik Burman,4655,4655,0
Guillermo de Oliveira,9175,9175,0
Guillermo Arriaga,106875,106875,0
Chia-Yung Liu,3850,3850,0
Guillaume Vincent,1975,1975,0
Guillaume Pierret,71125,71125,0
Guillaume Maidatchevsky,4190,4190,0
Arthur Jones,27880,27880,0
Jean-Pierre Marois,8495,8495,0
Cameron Nugent,7750,7750,0
James Schamus,63200,63200,0
James Reed,1380,1380,0
Arthur Benzaquen,13375,13375,0
Chester Tam,17085,17085,0
Gustav Möller,323160,323160,0
Cheryl Hines,44385,44385,0
Chen Li,8700,8700,0
Campion Murphy,8095,8095,0
Chazz Palminteri,53380,53380,0
James Wvinner,1345,1345,0
Jean-Bernard Marlin,13330,13330,0
Camilo Restrepo,2345,2345,0
Chelsea Stardust,34405,34405,0
Ben Ramsey,179620,179620,0
James Ward Byrkit,735970,735970,0
Jean-Christophe Dessaint,6880,6880,0
Guy Jenkin,46235,46235,0
Guy Davies,6345,6345,0
Jean-Claude Lauzon,36730,36730,0
Jean-Jacques Mantello,2775,2775,0
James Vanderbilt,106335,106335,0
Gustavo Salmerón,8410,8410,0
Jean-Claude Schlim,6790,6790,0
Ashwath Marimuthu,24425,24425,0
Camille Vidal-Naquet,27525,27525,0
James Tovell,35990,35990,0
Ben Smith,12385,12385,0
James Sweeney,16645,16645,0
Ash Brannon,30095,30095,0
Asger Leth,635926,635926,0
Gustavo Bolívar Moreno,1820,1820,0
Jan Belcl,37925,37925,0
Hakan Yonat,30385,30385,0
Halina Dyrschka,2465,2465,0
Hans Günther Pflaum,1400,1400,0
Carlo Sironi,4320,4320,0
Harry Locke IV,1600,1600,0
Harry Hurwitz,1680,1680,0
Caroline Bottaro,15980,15980,0
Caroline Fourest,7505,7505,0
Barbara Bialowas,5430,5430,0
Jan Philipp Weyl,1800,1800,0
Harry Bradbeer,1103120,1103120,0
Baptiste Rouveure,3440,3440,0
Carolyn Miller,4060,4060,0
Hayley MacFarlane,3165,3165,0
Harold Holscher,21790,21790,0
Harold Guskin,7290,7290,0
Banksy,344530,344530,0
Caryn Krooth,4070,4070,0
Casey Walker,14945,14945,0
Catarina Vasconcelos,8130,8130,0
Cathy Brady,3110,3110,0
Cecília Felméri,1765,1765,0
Cedric Nicolas-Troyan,598925,598925,0
Jarand Herdal,61985,61985,0
Jared Drake,31770,31770,0
He Wen,855,855,0
Hans Stjernswärd,21875,21875,0
Heather Lenz,6105,6105,0
Harry Winer,46385,46385,0
Harry Wootliff,17900,17900,0
Barnaby Thompson,27605,27605,0
Barry Skolnick,209515,209515,0
Hattie Dalton,37835,37835,0
Hatem Khraiche,42480,42480,0
Hayato Date,41125,41125,0
Bartosz Kruhlik,3560,3560,0
Jan Sardi,5700,5700,0
Hassan Hussein,3475,3475,0
Baya Kasmi,3410,3410,0
Jane Anderson,40805,40805,0
Carlos Gutiérrez Medrano,4140,4140,0
Hassan Fazili,3140,3140,0
Barry Zetlin,1120,1120,0
Barry Primus,11990,11990,0
Carol Wiseman,2170,2170,0
Carlo U. Quinterio,5450,5450,0
Jan Rahbek,2270,2270,0
Becca Gleason,19565,19565,0
Barry Berk,1425,1425,0
Harvey Miller,7350,7350,0
Jang-Hoon Lee,35625,35625,0
Carlos Perez Osorio,9930,9930,0
Barry Battles,80250,80250,0
Carlos Ramos Jr.,6480,6480,0
Carlton McRae,2620,2620,0
Haruka Fujita,32890,32890,0
Hans Horn,99960,99960,0
Jared Stern,22635,22635,0
Carl Rinsch,857855,857855,0
Hannah Pearl Utt,4050,4050,0
Carla Simón,42485,42485,0
Jason Flemyng,16055,16055,0
Azra Deniz Okyay,5605,5605,0
Jason Hall,78490,78490,0
Chandra Liow,3400,3400,0
Han-Chen Ke,715,715,0
Carl Tibbetts,63720,63720,0
Han Dong-ho,565,565,0
Hampton Fancher,35705,35705,0
Hamish Rothwell,7640,7640,0
Jason Matthews,4020,4020,0
Chang Won Jang,12095,12095,0
Ben Hernandez Bray,8020,8020,0
Jason Mewes,10106,10106,0
Chang-hee Lee,8075,8075,0
Jason Momoa,27855,27855,0
Aziz Tazi,14945,14945,0
Channing Godfrey Peoples,10905,10905,0
Jason Murphy,2620,2620,0
Hallie Meyers-Shyer,176095,176095,0
Jason Orley,80530,80530,0
Jason R. Goode,16290,16290,0
Halle Berry,80255,80255,0
Halina Reijn,14345,14345,0
Carl Schultz,4645,4645,0
Jason Ensler,28980,28980,0
Jason Eisener,243605,243605,0
B.C. Noufal,6765,6765,0
Chad Faust,20105,20105,0
Carlo Mirabella-Davis,142210,142210,0
Jarvis Greiner,665,665,0
Cenk Ertürk,32560,32560,0
Cesar Diaz,3810,3810,0
Bei'er Bao,1035,1035,0
Hanna Polak,2965,2965,0
Hei Zi,550,550,0
Jasmine D'Souza,7255,7255,0
Jason Axinn,19335,19335,0
Baharak Saeid Monir,2550,2550,0
Ceyda Torun,79590,79590,0
Chad Feehan,10090,10090,0
Chalong Pakdeevijit,485,485,0
Hanif Kureishi,3255,3255,0
Chad Gracia,7445,7445,0
Jan Eliasberg,7815,7815,0
Jason Cabell,51595,51595,0
Belén Funes,5235,5235,0
Ben A. Williams,21725,21725,0
Hana Jusic,6355,6355,0
Heidi Ewing,8465,8465,0
Han-Wook Lee,1400,1400,0
BJ Verot,3835,3835,0
BJ McDonnell,52950,52950,0
Guillaume Grélardon,480,480,0
Jean-Pierre Roux,4705,4705,0
Art Clokey,5210,5210,0
Gitanjali Rao,4115,4115,0
Chris Shadley,71465,71465,0
Chris Terrio,24195,24195,0
Benjamin Kasulke,19420,19420,0
Christian Camargo,5610,5610,0
Antonio Adamo,72,72,0
Jerry Dugan,13265,13265,0
Christian Cantamessa,62805,62805,0
Christian Clavier,9125,9125,0
Glenn Takakjian,5615,5615,0
Benjamin Nolot,8410,8410,0
Antonin Baudry,106060,106060,0
Glenn McQuaid,56055,56055,0
Hervé Hadmar,2930,2930,0
Glenn Danzig,9915,9915,0
Glenn Campbell,6445,6445,0
Antoni Aloy,3765,3765,0
Christian De Vita,9405,9405,0
Anton Zenkovich,9220,9220,0
Jerusha Hess,118720,118720,0
Jerzy Antczak,4050,4050,0
Glenio Bonder,7300,7300,0
Anton Fedotov,6440,6440,0
Glen Stephens,6485,6485,0
Glasgow Phillips,10835,10835,0
Giulio Ricciarelli,70170,70170,0
Chris Sanders,283080,283080,0
Jerren Lauder,9450,9450,0
Antonio Lukich,20395,20395,0
Antony Hoffman,300005,300005,0
Gordon Hessler,2170,2170,0
Ao Shen,1815,1815,0
Jeremy Lovering,50785,50785,0
Anvita Dutt,72335,72335,0
Chris Miller,965130,965130,0
Jeremy Lutter,8670,8670,0
Antti Haikala,1355,1355,0
Chris Mills,165735,165735,0
Jeremy Power Regimbal,28990,28990,0
Benjamin Cantu,11425,11425,0
Chris Moore,37500,37500,0
Jeremy Rumas,165,165,0
Jerome Sable,25380,25380,0
Chris Mul,24370,24370,0
James Manera,19520,19520,0
Jeremy Rush,111620,111620,0
Benjamin Combes,3735,3735,0
Gopi Puthran,51790,51790,0
Jeremy Thomas,16040,16040,0
Gooc-jin Ahn,2995,2995,0
Jeremy Ungar,12160,12160,0
Benjamin Epps,35780,35780,0
Chris Renaud,1090085,1090085,0
Chris Roberts,87170,87170,0
James Kapner,2145,2145,0
Antoine Thomas,9395,9395,0
Gorô Taniguchi,17510,17510,0
Antoine Russbach,4575,4575,0
Christian McIntire,2490,2490,0
Jett C. Espiritu,105,105,0
Gilles Volta,610,610,0
Hettie Macdonald,129150,129150,0
Gilles Mimouni,79735,79735,0
Anthony Michael Hall,6660,6660,0
Anthony Maras,357065,357065,0
Bennett Davlin,10010,10010,0
Gilles Lellouche,60055,60055,0
Anthony Lucero,22985,22985,0
Anthony Leonardi III,26210,26210,0
Anthony Jerjen,9105,9105,0
Anthony Hemingway,186505,186505,0
Anthony G. Cohen,3785,3785,0
James Hunter,4040,4040,0
Jianming Huang,1780,1780,0
Gille Klabin,33660,33660,0
Jianrong Zhuo,2360,2360,0
Gill Dennis,6100,6100,0
Anthony Arkin,460,460,0
Christian Neuman,18165,18165,0
Benni Diez,26330,26330,0
Gilbert M. Shilton,955,955,0
Jibi Joju,7245,7245,0
Ant Timpson,102465,102465,0
Bennet De Brabandere,1340,1340,0
Christian Johnston,4250,4250,0
Christian Johannes Koch,455,455,0
Jesse Zwick,39175,39175,0
Benjamin Rocher,21470,21470,0
Christian Forte,20645,20645,0
Jesse Lawrence,4880,4880,0
Gireesaaya,5840,5840,0
Giovanni Piscaglia,575,575,0
Antoine Raimbault,8370,8370,0
Antoine Le,9775,9775,0
Gints Zilbalodis,7490,7490,0
Burak Akyol,1020,1020,0
Jesse Warren,9480,9480,0
Antoine Bardou-Jacquet,49745,49745,0
Jessica Bendinger,152420,152420,0
Christian Gudegast,620550,620550,0
Anthony Z. James,2320,2320,0
Benjamin Statler,58040,58040,0
Jessica M. Thompson,5050,5050,0
Gino Tanasescu,3080,3080,0
Jessica Palud,2960,2960,0
Ginevra Elkann,4475,4475,0
Jessica Sharzer,147655,147655,0
Jessica Swale,46690,46690,0
Anthony Silverston,32465,32465,0
Jessie Barr,2195,2195,0
Jessie McCormack,7060,7060,0
Benjamin Barfoot,14105,14105,0
Chris McCoy,54930,54930,0
Chino Moya,7760,7760,0
Jeffrey A. Brown,42305,42305,0
James Rabbitts,33230,33230,0
Gren Wells,81505,81505,0
Jeff King,38120,38120,0
Gregory Widen,167205,167205,0
Henry Bromell,45280,45280,0
Aritz Moreno,16440,16440,0
Jeff Lew,23155,23155,0
Gregory Poirier,98570,98570,0
Jeff Lieberman,32665,32665,0
Gregory Mosher,11560,11560,0
Jeff Lowell,128180,128180,0
Jeff Nathanson,21950,21950,0
Aristomenis Tsirbas,61055,61055,0
Aris Iliopulos,4110,4110,0
Henry Cole,3365,3365,0
Jeff Preiss,11095,11095,0
Gregory Monro,13140,13140,0
Gregory McQualter,3080,3080,0
Gregory McClatchy,6325,6325,0
Jeff Tomsic,735955,735955,0
Gregory Mackenzie,24975,24975,0
Arik Kaplun,3000,3000,0
Gregory Connors,9930,9930,0
Ariel Kleiman,20915,20915,0
Gregory Colbert,22020,22020,0
Chris Addison,329635,329635,0
Chong Zhang,10140,10140,0
C. Roma,4825,4825,0
Grégory Magne,9980,9980,0
Chiwetel Ejiofor,223410,223410,0
Jean-Yves Pitoun,4650,4650,0
Jeanette Nordahl,9245,9245,0
Arseny Syuhin,27675,27675,0
Chloé Mazlo,5710,5710,0
Ben Stassen,2095,2095,0
Guangxi Chang,455,455,0
Armond Cohen,2750,2750,0
Callum Burn,8310,8310,0
Armen Oganezov,5450,5450,0
Armando Praça,2120,2120,0
Grégory Levasseur,136525,136525,0
Jeff Franklin,27775,27775,0
Jeff Abugov,32685,32685,0
Grégoire Vigneron,8000,8000,0
Armando Capó,500,500,0
Jeff Betancourt,45220,45220,0
Cho Kyung-hun,4640,4640,0
Jeff Conaway,2530,2530,0
Armand Mastroianni,20195,20195,0
Cho Owen,4940,4940,0
Jeff Fisher,15570,15570,0
Caitlin Koller,9240,9240,0
Jeff Fowler,802190,802190,0
C. Courtney Joyner,9215,9215,0
Jeffrey Bell,2950,2950,0
Aoife Crehan,9115,9115,0
Henry Hobson,234035,234035,0
Jenny Lu,1410,1410,0
Jenny Popplewell,164780,164780,0
Chris James Thompson,10680,10680,0
Grear Patterson,2930,2930,0
Jeon Go-Woon,15370,15370,0
Béla Bagota,8925,8925,0
James Moran,17195,17195,0
Henry Winkler,46135,46135,0
Chris Kelly,63095,63095,0
Grant Sputore,498290,498290,0
Grant Singer,11125,11125,0
Herb Gardner,9305,9305,0
Chris Martin,3470,3470,0
Jeremiah Jones,18425,18425,0
Graham Theakston,5270,5270,0
Arantxa Echevarría,17285,17285,0
Byoung-Wook Ahn,3915,3915,0
Graeme Rattigan,2620,2620,0
James Miller,6340,6340,0
Jeremy Brock,55205,55205,0
Benjamin Arfmann,40080,40080,0
Jeremy Gardner,52020,52020,0
Herschel Faber,22655,22655,0
Graeme Clifford,12940,12940,0
Jeremy Hersh,3095,3095,0
Chris Henchy,36450,36450,0
Jenny Gage,331320,331320,0
Chris Evans,319815,319815,0
Jenni Toivoniemi,8975,8975,0
Henry Jacobson,45465,45465,0
Jeffrey D. Brown,10000,10000,0
Aric Avelino,16045,16045,0
Chris Bolan,24725,24725,0
Jeffrey Hornaday,10380,10380,0
Jeffrey McHale,6330,6330,0
Gregor Bozic,2350,2350,0
Ari Ryan,4310,4310,0
Greg Page,10865,10865,0
Chris Brinker,46930,46930,0
Chris Butler,144325,144325,0
Jennie Livingston,88385,88385,0
Jennifer Westfeldt,215670,215670,0
Jennifer Brea,16055,16055,0
Jennifer Kaytin Robinson,126765,126765,0
Greg Kwedar,14790,14790,0
Jennifer Leitzes,9355,9355,0
Jennifer Morrison,13110,13110,0
Greg Kinnear,4795,4795,0
Jennifer Sheridan,6120,6120,0
Chris Carter,470510,470510,0
Greg Francis,44050,44050,0
Beniamino Barrese,2080,2080,0
Chris D'Arienzo,22530,22530,0
Francesco Carnesecchi,3620,3620,0
Francesco Lettieri,27240,27240,0
Cæcilia Holbek Trier,495,495,0
Dwight Yoakam,8240,8240,0
Aislinn Clarke,20215,20215,0
Aisling Chin-Yee,7840,7840,0
Eberhard Junkersdorf,1370,1370,0
Karel Reisz,6890,6890,0
Karen J. Lloyd,9305,9305,0
David Farr,55635,55635,0
Karen Maine,89790,89790,0
Aimee Long,1835,1835,0
Karey Kirkpatrick,79230,79230,0
E. Max Frye,49565,49565,0
David Frost,1620,1620,0
David Galán Galindo,38355,38355,0
Aileen Ritchie,7655,7655,0
Karim Moussaoui,1900,1900,0
Dylan Mohan Gray,3990,3990,0
David Gidali,13450,13450,0
Dylan Brown,63800,63800,0
Ivan Nagy,6535,6535,0
Ivan Minin,5075,5075,0
Karin Heberlein,605,605,0
Karina Holden,760,760,0
Aidan Belizaire,4215,4215,0
Karl DiPelino,17670,17670,0
Dylan Akio Smith,2640,2640,0
Ahsan Rahim,20660,20660,0
Ebs Burnough,3295,3295,0
Ed Anders,2685,2685,0
Ed Bianchi,1235,1235,0
Kamir Aïnouz,3315,3315,0
Akiyo Ôhashi,13445,13445,0
David Creed,2520,2520,0
Igor Gotesman,21555,21555,0
Igor Sekulic,1825,1825,0
David De Bartolome,16755,16755,0
Eddie O'Keefe,5035,5035,0
Akiv Ali,45295,45295,0
Ed Stone,41150,41150,0
Ed Solomon,33635,33635,0
David DeFalco,11440,11440,0
Akira Kurosawa,37975,37975,0
David Denneen,32440,32440,0
Ed Blum,30675,30675,0
Kang Hoon,1135,1135,0
David Devine,3390,3390,0
Brett A. Hart,6150,6150,0
Ed Decter,188730,188730,0
Bretislav Pojar,670,670,0
David Duchovny,49130,49130,0
Kanu Behl,25910,25910,0
Kaori Makita,4855,4855,0
Bret Michaels,8180,8180,0
Brent McCorkle,24865,24865,0
David Dufresne,4035,4035,0
Karl Holt,15560,15560,0
David Grovic,85895,85895,0
Bogdan Mirica,16190,16190,0
Dusty Nelson,1540,1540,0
Katie Found,13195,13195,0
Katie Holmes,15415,15415,0
Katja Benrath,2930,2930,0
Brent Bonacorso,72145,72145,0
Duane Journey,19625,19625,0
David Irving,735,735,0
David J. Burke,81425,81425,0
Duane Crichton,4285,4285,0
David Jung,66525,66525,0
Boots Riley,442760,442760,0
Advait Chandan,147780,147780,0
David Kendall,43645,43645,0
Katsushi Sakurabi,8035,8035,0
Brendan Walsh,17855,17855,0
Adrià García,660,660,0
Drew Waters,5015,5015,0
David Kerr,417795,417795,0
Drew Walkup,1140,1140,0
Drew Pearce,293120,293120,0
David L. Corley,7295,7295,0
Drew Gabreski,11080,11080,0
Adriano Zecca,25,25,0
Drew Barrymore,351590,351590,0
Adriano Valerio,1090,1090,0
Kay Cannon,431350,431350,0
Kathy Uyen,1630,1630,0
Agnieszka Wojtowicz-Vosloo,206085,206085,0
Ducon Williams,310,310,0
Brent Dawes,6515,6515,0
Karla von Bengtson,620,620,0
Igor Tuveri,7405,7405,0
Karolina Bielawska,980,980,0
David Hartman,25945,25945,0
David Hartwell,2870,2870,0
Ike Barinholtz,24965,24965,0
Bonnie Hunt,114340,114340,0
David Hayter,52355,52355,0
Dustin Marcellino,15080,15080,0
Kaspar Heidelbach,4905,4905,0
Dustin Hoffman,106335,106335,0
Dusan Makavejev,1220,1220,0
Duncan Gibbins,12920,12920,0
Dusan Kovacevic,36320,36320,0
Kate Barker-Froyland,51525,51525,0
Kate Madison,12325,12325,0
Kate Whitbread,1885,1885,0
Kate Woods,18015,18015,0
David Hemmings,4545,4545,0
David Henrie,3215,3215,0
David Hollander,46005,46005,0
Duncan Tucker,211920,211920,0
David Hooper,1005,1005,0
Katharine O'Brien,6130,6130,0
Kai Kreuser,5850,5850,0
Edouard Nammour,4285,4285,0
Julio Quintana,5965,5965,0
Eleanor Bergstein,3970,3970,0
Junta Yamaguchi,41080,41080,0
I.-Fan Wang,3070,3070,0
Albert Pintó,29025,29025,0
David Atkins,58805,58805,0
Bob Nelson,36160,36160,0
Just Philippot,40405,40405,0
David Auburn,20825,20825,0
Justin Barber,35140,35140,0
David Bailey,4435,4435,0
J. Todd Anderson,4125,4125,0
Albert Maysles,23080,23080,0
David Barrett,138135,138135,0
David Berry,7610,7610,0
Justin Corsbie,2740,2740,0
Justin Dec,229400,229400,0
Justin Donnelly,7275,7275,0
Iain Morris,38425,38425,0
J. Michael McClary,12590,12590,0
Albert Hughes,333395,333395,0
Ian Bonhôte,5250,5250,0
Ian Corson,7435,7435,0
Alastair Reid,4005,4005,0
Elfar Adalsteins,22835,22835,0
Elena Galdobina,475,475,0
Alan Yang,19270,19270,0
Elijah Bynum,118000,118000,0
Junpei Mizusaki,109905,109905,0
Juno Mak,32545,32545,0
Dave Minogue,1250,1250,0
Julius Berg,48110,48110,0
Julius R. Nasso,23330,23330,0
Alec Baldwin,31055,31055,0
July Jung,16075,16075,0
Jun Falkenstein,102065,102065,0
Jun Shishido,6295,6295,0
Elizabeth Sankey,2495,2495,0
Elizabeth Lo,8475,8475,0
Bob Hoskins,1850,1850,0
Elizabeth Chomko,23770,23770,0
Francesca Nesler,745,745,0
Jung Da-Won,7395,7395,0
Elise Robertson,11970,11970,0
Brian DeCubellis,68935,68935,0
Jung Dae-man,1265,1265,0
Dave Thomas,12150,12150,0
Jung Jin-young,2360,2360,0
Jung-Ho Lee,7685,7685,0
Eliza Schroeder,19760,19760,0
Alberto Marini,20760,20760,0
Elite Zexer,19895,19895,0
Bob Koherr,20140,20140,0
Jung-min Ahn,1300,1300,0
Dave Wilson,425780,425780,0
Eleanore Lindo,2565,2565,0
Eldar Rapaport,10125,10125,0
David Cholewa,6265,6265,0
Alan Spencer,9135,9135,0
Alain Darborg,12990,12990,0
Egor Abramenko,137015,137015,0
David C. Johnson,3320,3320,0
Ice Cube,36795,36795,0
Edward af Sillén,7085,7085,0
Edward Thomas,5570,5570,0
Brian Caunter,6480,6480,0
Idris Elba,16370,16370,0
Brian Burns,13165,13165,0
Edward Hall,43025,43025,0
Alaa Morsy,355,355,0
David Campbell,14985,14985,0
Bobs Gannaway,99385,99385,0
Edward Anderson,30465,30465,0
Edward A. Palmer,8210,8210,0
Edvins Snore,17275,17275,0
Alaa Eddine Aljem,7955,7955,0
Eduardo Williams,1915,1915,0
Eduardo Casanova,35685,35685,0
Brian Alexander Jackson,945,945,0
Al Corley,7990,7990,0
Ignacio Ferreras,22860,22860,0
Edson Oda,59410,59410,0
Edouard Niermans,2885,2885,0
David Chase,24790,24790,0
Eiji Han Shimizu,1525,1525,0
David Burris,10300,10300,0
Bobby Miller,20335,20335,0
Alan Cohn,81880,81880,0
Elaine Constantine,21480,21480,0
Justin Reardon,150960,150960,0
Ekwa Msangi,7805,7805,0
Ektoras Lygizos,4905,4905,0
Alan Poul,261955,261955,0
Justin Theroux,36160,36160,0
Justin Tipping,22625,22625,0
Jérémy Clapin,183535,183535,0
Alan Mulligan,3265,3265,0
Ian Samuels,206110,206110,0
David Bonneville,1705,1705,0
Eitan Zur,825,825,0
David Brooks,127100,127100,0
Alan Ari Lazar,4955,4955,0
Eitan Reuven,17400,17400,0
Jóhann Jóhannsson,22415,22415,0
József Gémes,15860,15860,0
Alan Alda,19760,19760,0
Jörgen Bergmark,3320,3320,0
David Boyd,16655,16655,0
Alain Robbe-Grillet,3525,3525,0
Alain Monne,6980,6980,0
Bob Yari,8405,8405,0
Alain Jakubowicz,2880,2880,0
Kay Mellor,2620,2620,0
Adriano Giotti,1095,1095,0
Kayo Hatta,5930,5930,0
Kevin McMullin,17335,17335,0
Kevin Bacon,16965,16965,0
Inna Evlannikova,2685,2685,0
Bradley Walsh,57495,57495,0
Ioana Uricaru,5755,5755,0
Dea Kulumbegashvili,12020,12020,0
Abu Bakr Shawky,9465,9465,0
Kevin Donovan,444320,444320,0
Dean Craig,111410,111410,0
Abhishek Shah,7990,7990,0
Bradley Parker,343455,343455,0
Dean Kapsalis,9375,9375,0
Kevin Dowling,13770,13770,0
Abhay Chopra,72230,72230,0
Diane Paragas,6685,6685,0
Kevin Heffernan,77780,77780,0
Diane Jessie Miller,1420,1420,0
Abel Ferry,41810,41810,0
Bradley King,246450,246450,0
Kevin Jimenez Bernal,305,305,0
Kevin Johnson,19805,19805,0
Diane English,115720,115720,0
Abe Sylvia,56840,56840,0
Abdul Malik Abbott,11255,11255,0
Diablo Cody,18720,18720,0
Dhyan Sreenivasan,9190,9190,0
Dax Shepard,254030,254030,0
Diego Quemada-Diez,25690,25690,0
Adam Alleca,45690,45690,0
Kerry Harris,12590,12590,0
David Wyles,3400,3400,0
Dinesh Vijan,43015,43015,0
David Zonana,3490,3490,0
David van Eyssen,17610,17610,0
Kern Saxton,26620,26620,0
Boris von Sychowski,16055,16055,0
Adam Fields,12850,12850,0
Kerry Anne Mullaney,6650,6650,0
Adam Elliot,935725,935725,0
Kerry Conran,437810,437810,0
Adam Dick,7950,7950,0
Kerry Mondragón,11245,11245,0
Kevin Ang,780,780,0
Kerstin Karlhuber,17945,17945,0
Dimitri de Clercq,17335,17335,0
Kestrin Pantera,1275,1275,0
Dilip Ghosh,29885,29885,0
Adam Boster,1490,1490,0
Borja Brun,10185,10185,0
Dietrich Johnston,4380,4380,0
Diego Velasco,6295,6295,0
Dawid Nickel,2180,2180,0
Adam Bolt,8640,8640,0
Kevin Alyn Elders,35815,35815,0
Dean O'Flaherty,8840,8840,0
Dewey Nicks,76295,76295,0
David Leveaux,77415,77415,0
Devereux Milburn,12900,12900,0
Khaled Ridgeway,3520,3520,0
Aaron Barsky,2220,2220,0
Aadish Keluskar,2435,2435,0
Brad McGann,39375,39375,0
A.W. Vidmer,11575,11575,0
A.T. White,18350,18350,0
Isaac Rentz,14415,14415,0
Dennison Ramalho,12805,12805,0
Bradley Cooper,2105815,2105815,0
Irvin Kershner,467225,467225,0
Isaac Halasima,6160,6160,0
Khoa Le,31845,31845,0
Braden R. Duemmler,42635,42635,0
A.J. Martinson,1715,1715,0
Denis Do,5575,5575,0
Denis Kryuchkov,3105,3105,0
Denis Rovira van Boekholt,21030,21030,0
Denise Di Novi,83800,83800,0
Deniz Akcay Katiksiz,5420,5420,0
A. Todd Smith,12740,12740,0
Dennis Hauck,19565,19565,0
Dennis Bartok,13940,13940,0
Dennis Fallon,4640,4640,0
Dennis Dortch,2590,2590,0
Isaac Gabaeff,28810,28810,0
Aaron Fisher,1780,1780,0
Khaled Kaissar,4950,4950,0
Isaac Webb,17500,17500,0
Kevin Tancharoen,84725,84725,0
Kevin Mock,2330,2330,0
Dean Paraskevopoulos,3670,3670,0
Abdel Raouf Dafri,2130,2130,0
Bradley Kaplan,6380,6380,0
Dean Wright,26705,26705,0
Detlef Bothe,198,198,0
Deb Hagan,63510,63510,0
Desingh Periyasamy,39665,39665,0
Debamitra Biswal,16280,16280,0
Deia Schlosberg,1980,1980,0
Aaron Kim Johnston,4935,4935,0
Dein Perry,12410,12410,0
Derek Ahonen,15365,15365,0
Isabella Eklöf,22910,22910,0
Kevin Tent,28255,28255,0
Isabel Lamberti,1445,1445,0
Dermot Mulroney,47875,47875,0
Kevin Williamson,108720,108720,0
Aaron Kaufman,45705,45705,0
Kevin Yagher,123370,123370,0
Derek Vanlint,2765,2765,0
Derek Lee Nixon,5265,5265,0
Delphine de Vigan,3345,3345,0
Denholm Hewlett,2125,2125,0
Brady MacKenzie,3145,3145,0
David Winkler,10915,10915,0
Ingvild Søderlind,1955,1955,0
Kerem Deren,55315,55315,0
Doug Lefler,185675,185675,0
Doug Finelli,2685,2685,0
David Prior,194745,194745,0
Boris Akopov,4680,4680,0
Adolfo Martínez Pérez,9195,9195,0
Ilya Maksimov,15060,15060,0
David R. Bowen,3840,3840,0
David Raboy,2395,2395,0
Aditya Dhar,362435,362435,0
Keith Scholey,1080,1080,0
Donick Cary,43155,43155,0
Ilya Naishuller,510820,510820,0
Keith Snyder,10080,10080,0
Keith Thomas,49410,49410,0
Kellen Moore,26915,26915,0
David Raymond,136060,136060,0
David Ren,10775,10775,0
David Ross,64050,64050,0
Adewale Akinnuoye-Agbaje,10590,10590,0
Kelly Fremon Craig,704280,704280,0
Donald Wrye,12975,12975,0
Kelly Noonan,14675,14675,0
Kelly Oxford,3320,3320,0
Adele Bertei,2150,2150,0
Kelly Sandefur,3990,3990,0
David Presley,9095,9095,0
Doug Murphy,46905,46905,0
Brendan Kyle Cochrane,3070,3070,0
Kazuyoshi Katayama,14570,14570,0
Itay Tal,2110,2110,0
Kazuaki Imai,5705,5705,0
David Madden,5140,5140,0
Kazuhisa Takenouchi,12260,12260,0
David Marmor,77800,77800,0
David Matalon,5450,5450,0
Brendan Petrizzo,4075,4075,0
David Menkes,5470,5470,0
Adrian Tofei,12105,12105,0
Douglas Mackinnon,28330,28330,0
Brendan Maher,9845,9845,0
Bora Kim,19025,19025,0
Adrian Edmondson,53095,53095,0
Keanu Reeves,205050,205050,0
David Mrnka,7300,7300,0
David Nawrath,3110,3110,0
Kees Van Oostrum,11065,11065,0
David Notman-Watt,9165,9165,0
David Nutter,126865,126865,0
Douglas Curtis,3150,3150,0
David Ondaatje,26565,26565,0
Douglas Attal,30650,30650,0
David Oyelowo,23145,23145,0
Keir Burrows,30685,30685,0
Kelly Smith,9500,9500,0
Donald Rice,12275,12275,0
Addison Henderson,1125,1125,0
Kenny Leon,37680,37680,0
David Veloz,39805,39805,0
Adam Park,7120,7120,0
David Vincent Bobb,470,470,0
Adam Mervis,1260,1260,0
Dominique Forma,10260,10260,0
Brandon Eric Kamin,17445,17445,0
Kenneth Hope,2950,2950,0
Kenneth J. Hall,5130,5130,0
Kenneth Johnson,75485,75485,0
Branden Kramer,57590,57590,0
Bram Coppens,11675,11675,0
David Volach,2475,2475,0
Dominique Wirtschafter,4275,4275,0
David Von Ancken,173625,173625,0
Kent Alterman,430720,430720,0
Indar Dzhendubaev,31500,31500,0
Adam Kane,7555,7555,0
Adam Grossman,12005,12005,0
Dominic Brigstocke,16300,16300,0
Domenico de Feudis,23370,23370,0
Dolly Wells,4860,4860,0
Ishi Rudell,8705,8705,0
Ingmar Bergman,42660,42660,0
Keola Racela,13245,13245,0
Dominique Rocher,80060,80060,0
Adam Resnick,46045,46045,0
Donald Cammell,12100,12100,0
Don Handfield,22405,22405,0
Brendan Bradley,5695,5695,0
David S. Hogan,5320,5320,0
Isold Uggadottir,17555,17555,0
Boris Rodriguez,7655,7655,0
Adam Witney,74,74,0
David S. Marfield,10615,10615,0
David Salle,6935,6935,0
Brenda Chapman,28755,28755,0
David Semel,16225,16225,0
Ken Locsmandi,11290,11290,0
David Silverman,1752545,1752545,0
Ken Olin,12700,12700,0
Adam Rodgers,45850,45850,0
David Smith,7760,7760,0
Boris Undorf,3955,3955,0
Don Cheadle,52900,52900,0
Ken Stein,2590,2590,0
Brannon Braga,49855,49855,0
David Steiman,56220,56220,0
Adam Schindler,71450,71450,0
David Steinberg,20145,20145,0
Ken Wiederhorn,6925,6925,0
Brandon Trost,133520,133520,0
Don Allan,2535,2535,0
Julio Soto Gurpide,8220,8220,0
Elizabeth Canner,3085,3085,0
Alec Gillis,34395,34395,0
Jorma Taccone,237400,237400,0
Alice Lowe,43185,43185,0
Alice Filippi,16110,16110,0
Famke Janssen,10240,10240,0
Dan Bishop,4030,4030,0
Brian Newell,9020,9020,0
Dan Bradley,403595,403595,0
Jack Plotnick,43095,43095,0
Ali Soozandeh,25045,25045,0
Fabrice Eboué,7920,7920,0
Dan Curtis,1460,1460,0
Ali Selim,20790,20790,0
Dan Friedkin,29075,29075,0
Dan Helbling,10380,10380,0
Dan O'Bannon,24700,24700,0
Dan Partland,15560,15560,0
Ali Ray,830,830,0
Ezra Edelman,110775,110775,0
Jorge R. Gutiérrez,391235,391235,0
Dan Rush,266065,266065,0
Jack Nicholson,77685,77685,0
Bo Hu,40205,40205,0
Dan Trachtenberg,1779990,1779990,0
Ezekiel Norton,14375,14375,0
Jorge Sánchez-Cabezudo,14900,14900,0
Eytan Rockaway,27925,27925,0
Jorge Dorado,125805,125805,0
Alice Waddington,87970,87970,0
Alien Castle,2085,2085,0
Alireza Khatami,3535,3535,0
Allan Mauduit,8205,8205,0
Allan Eastman,4855,4855,0
Farjad Nabi,3675,3675,0
Joo-Heon Lee,270,270,0
Alla Kovgan,2255,2255,0
Dan Aykroyd,137555,137555,0
Joon-Sung Kim,21250,21250,0
Dan Baron,10820,10820,0
Joonas Makkonen,8985,8985,0
Farhad Samji,71045,71045,0
Farhad Safinia,256100,256100,0
Bo Burnham,413445,413445,0
Jackie Earle Haley,47015,47015,0
Jacky St. James,4175,4175,0
Brian Patrick Butler,450,450,0
Alireza Golafshan,13265,13265,0
Brian Nowak,3505,3505,0
Faraz Shariat,8130,8130,0
Dan Beers,53620,53620,0
Fanta Régina Nacro,1715,1715,0
Fanni Metelius,2105,2105,0
Jordan Scott,105665,105665,0
Jacky Katu,1795,1795,0
Fang Song,320,320,0
Ali Hakim,2220,2220,0
Bo Mikkelsen,21455,21455,0
Espen Sandberg,25025,25025,0
Bo Welch,440865,440865,0
Joseph Greco,5540,5540,0
Joseph Hahn,7755,7755,0
Joseph Hemsani,14175,14175,0
Eva Vives,15880,15880,0
Alexandre Courtès,26625,26625,0
Joseph Itaya,5955,5955,0
Eva Trobisch,8110,8110,0
Daniel Goldhaber,181055,181055,0
Eun-tae Kim,5750,5750,0
Eugenio Derbez,163725,163725,0
Alexander Zolotukhin,4065,4065,0
Eugene Levy,26715,26715,0
Alexander Witt,1052135,1052135,0
Eugen Jebeleanu,6960,6960,0
J.G. Quintel,30590,30590,0
Daniel H. Birman,15445,15445,0
Etienne Kallos,4830,4830,0
Joseph Vittorie,630,630,0
Etienne Comar,10185,10185,0
Daniel Hsia,8865,8865,0
Joseph W. Sarno,2455,2455,0
Alexander Bulkley,37465,37465,0
Josephine Mackerras,6700,6700,0
Daniel Huertas,5300,5300,0
Esteban Crespo,25670,25670,0
Joseph Gordon-Levitt,1237405,1237405,0
Alexandre David Lejuez,245,245,0
Joseph F. Robertson,4815,4815,0
Evelyn Purcell,16815,16815,0
Ewan McGregor,90440,90440,0
Jose Magan,5815,5815,0
Bo Widerberg,37970,37970,0
Evren Erdem,715,715,0
Evi Romen,1515,1515,0
Alfredo Soderguit,4570,4570,0
Dane Cannon,5515,5515,0
Evgeniy Abyzov,5815,5815,0
Everardo Gout,4900,4900,0
Josef Hader,14325,14325,0
Dane Van Rose,1215,1215,0
Evan Richards,5925,5925,0
Alexandre Espigares,20650,20650,0
Evan Morgan,113130,113130,0
Evan Meszaros,1605,1605,0
Alfonso Albacete,3645,3645,0
Alexis Michalik,18680,18680,0
Evan Glodell,40470,40470,0
Alexey Telnov,830,830,0
Joseph Chen-Chieh Hsu,13725,13725,0
Daniel Duran,21940,21940,0
Joseph Cross,5600,5600,0
Evan Dunsky,5135,5135,0
Evan Crooke,1525,1525,0
Jonny Campbell,38510,38510,0
Dan Allen,6465,6465,0
Jong-suk Lee,19980,19980,0
Federico Alotto,10199,10199,0
Dace Puce,2534,2534,0
Blair Erickson,54620,54620,0
Jon Poll,333800,333800,0
Dagmar Hirtz,1465,1465,0
Blair Simmons,1101,1101,0
Florent Bodin,1160,1160,0
Jon Shenk,6250,6250,0
Flavio Pedota,7255,7255,0
Fito Páez,6020,6020,0
Jon Stevenson,30420,30420,0
Jonah Hill,392055,392055,0
Jonah Markowitz,120565,120565,0
Houda Benyamina,52720,52720,0
Amir Shervan,50940,50940,0
Findo Purwono,160,160,0
Jonas Govaerts,30960,30960,0
Jonas Kærup Hjort,1125,1125,0
Jonas Matzow Gulbrandsen,5335,5335,0
Jonas McCord,47615,47615,0
Howard Michael Gould,17400,17400,0
Dakota Gorman,1730,1730,0
Amin Sidi-Boumédiène,1755,1755,0
Fin Edquist,4325,4325,0
Amichai Greenberg,2595,2595,0
Jonathan A. Rosenbaum,5385,5385,0
Florian Schnell,4395,4395,0
Amitabh Chakraborty,4295,4295,0
D.W. Brown,10835,10835,0
D.B. Sweeney,4550,4550,0
Francesca Muci,2355,2355,0
Hossein Amini,168710,168710,0
Jon Acevski,4045,4045,0
Jon Alpert,27710,27710,0
César Augusto Acevedo,9430,9430,0
Francesca Gregorini,48640,48640,0
Jacob Hutton,615,615,0
D. Shone Kirkpatrick,2650,2650,0
Franc Roddam,36285,36285,0
D. Stevens,3605,3605,0
Fran Rubel Kuzui,248035,248035,0
Jon Carlo,14170,14170,0
Jon Kasbe,1075,1075,0
Jon Dichter,1875,1875,0
Flying Lotus,9555,9555,0
Floyd Mutrux,5865,5865,0
D.J. Webster,14680,14680,0
Amjad Abu Alala,13440,13440,0
Jon Greenhalgh,36370,36370,0
D.M.W. Greer,13355,13355,0
Jon Harris,258700,258700,0
Jon Hyatt,1035,1035,0
Florian Zeller,972830,972830,0
Amitabh Reza Chowdhury,148740,148740,0
Filippo Meneghetti,18980,18980,0
Jonathan Baker,54240,54240,0
Jonathan Barré,13355,13355,0
Jonathan Prince,53500,53500,0
Blake Harris,4590,4590,0
Jonathan Li,3595,3595,0
Blossom Hana,35,35,0
Damien Dante Wayans,63855,63855,0
Damien Giglietta,7970,7970,0
Felix O. Adlon,2170,2170,0
Felix Herngren,213505,213505,0
Jonathan Mossek,8470,8470,0
Felipe Sholl,3100,3100,0
Damien LeVeck,43570,43570,0
Felicitas Korn,3680,3680,0
Allen Plone,1240,1240,0
Feras Fayyad,14765,14765,0
Feihong Chen,1815,1815,0
Jonathan R. Betuel,24330,24330,0
Damien O'Connor,8945,8945,0
Damien Power,46890,46890,0
Federico Fellini,16580,16580,0
Jonathan Straiton,10680,10680,0
Federico D'Alessandro,174120,174120,0
Allen Hughes,417325,417325,0
Jonathan Watson,44710,44710,0
Jonathan auf der Heide,17170,17170,0
Jong-Yeol Baek,39815,39815,0
Damian Nieman,66245,66245,0
Jonathan Kahn,15590,15590,0
Jonathan Butler,1235,1235,0
Fernando Vallejo,2225,2225,0
Jonathan Butterell,3590,3590,0
Brian Pulido,10885,10885,0
Amelia Moses,7764,7764,0
Brian Presley,3590,3590,0
Jonathan Cuartas,15920,15920,0
Jonathan Darby,66505,66505,0
Ameen Nayfeh,10565,10565,0
Amarjit Singh Saron,2318,2318,0
Filip Marczewski,8195,8195,0
Amanda Sharp,5060,5060,0
Amanda Lipitz,6165,6165,0
Amanda Evans,4355,4355,0
Fernanda Cardoso,29750,29750,0
Dale Rosenbloom,18820,18820,0
Jonathan Gems,2575,2575,0
Hoyt Yeatman,250660,250660,0
Damian Klaus,3090,3090,0
Damian Mc Carthy,35375,35375,0
Fernando Cortizo,4520,4520,0
Brian Peter Falk,32470,32470,0
Alvaro Delgado Aparicio,9745,9745,0
Fernando Barreda Luna,26285,26285,0
Jonathan Hopkins,24645,24645,0
Fernanda Valadez,12255,12255,0
Esteban Arango,1560,1560,0
Bo Zenga,74410,74410,0
Eskil Vogt,45515,45515,0
Brian K. Roberts,1635,1635,0
Juan Feldman,4675,4675,0
Dante Yore,5875,5875,0
Juan José Ramírez Mascaró,1115,1115,0
Dapeng Zhang,480,480,0
Aleksey Kazakov,2870,2870,0
Daphna Edwards,1065,1065,0
Juan Pablo Félix,935,935,0
Juan Pablo Richter,490,490,0
Darijan Pejovski,1560,1560,0
Emmanuel Osei-Kuffour,86735,86735,0
Emmanuel Laurent,4405,4405,0
Kiefer Sutherland,26225,26225,0
Emmanuel Gillibert,4990,4990,0
J.P. Riley,5645,5645,0
Dario Piana,68315,68315,0
Darko Stante,12270,12270,0
Darragh Byrne,13755,13755,0
Emma Tammi,47715,47715,0
Brian Franklin,590,590,0
Juan Vera,12620,12620,0
Hype Williams,63410,63410,0
Emma Sullivan,20840,20840,0
Emma Seligman,167960,167960,0
Jud Cremata,8995,8995,0
Judith Davis,2265,2265,0
Juan Diego Escobar Alzate,4135,4135,0
Ena Sendijarevic,8525,8525,0
Enah Johnscott,3760,3760,0
Danny Taylor,1195,1195,0
Huw Cordey,13815,13815,0
JT Mollner,18000,18000,0
Joya Thome,745,745,0
Joyce Buñuel,3355,3355,0
Erdal Ceylan,8255,8255,0
Eran Merav,740,740,0
Danny Mooney,48585,48585,0
JJ Winlove,8515,8515,0
Brian J. Smith,1035,1035,0
Alexander Bak Sagmo,990,990,0
Danny Strong,54160,54160,0
Joël Vanhoebrouck,3670,3670,0
J.P. Schaefer,57900,57900,0
J.R. Poli,855,855,0
Danny Wolf,6550,6550,0
Alen Drljevic,4495,4495,0
Brian Horiuchi,10865,10865,0
Dante Ariola,39160,39160,0
Bob Gale,184660,184660,0
Juan Cabral,3425,3425,0
Juan Calvo,4620,4620,0
Enrico De Palo,1575,1575,0
Enrico Clerico Nasino,4080,4080,0
Hyeon Na,10925,10925,0
Emma Forrest,8675,8675,0
Judy Greer,5915,5915,0
Aleksandr Lungin,935,935,0
Emelie Lindblom,2635,2635,0
Alejandro Hidalgo,39750,39750,0
Emerald Fennell,1064535,1064535,0
Dave Franco,192035,192035,0
Dave Jackson,4750,4750,0
Hyun-ju Lee,4220,4220,0
Dave McCary,89240,89240,0
Bob Giraldi,30230,30230,0
Julie Jordan,2315,2315,0
Brian Duffield,87420,87420,0
Julie Manoukian,2980,2980,0
Julien Hallard,3200,3200,0
Emanuele Imbucci,2895,2895,0
Julie Cypher,2680,2680,0
Julien Landais,4085,4085,0
Emanuel Parvu,2515,2515,0
Eléonore Pourriat,78920,78920,0
Elvis Restaino,6790,6790,0
Eloïse Lang,5630,5630,0
Dave Mclean,3675,3675,0
Aleem Khan,21645,21645,0
Elliot Silverstein,2055,2055,0
Elliot Goldner,50710,50710,0
Elle Callahan,24025,24025,0
Elizabeth Wood,58825,58825,0
Dave Filoni,366790,366790,0
Dave Borthwick,8115,8115,0
Darren Lemke,9250,9250,0
Emilio Insolera,250,250,0
Emir Ezwan,5495,5495,0
Darren Thornton,11650,11650,0
Emily Harris,4745,4745,0
Julia Ducournau,447680,447680,0
J.M. Berrios,4125,4125,0
Julia Leigh,173425,173425,0
Aleksandr Gorchilin,8105,8105,0
Aleksandr Domogarov,3725,3725,0
Julia Taylor-Stanley,2965,2965,0
Aleksandr Boguslavskiy,22830,22830,0
Emilio Santoyo,580,580,0
Julia Verdin,2835,2835,0
Alejo Mo-Sun,9950,9950,0
Darya Zhuk,9485,9485,0
Aleksandr Andryushchenko,1810,1810,0
Aleksander Bach,479260,479260,0
Hyun-Jong Lee,3795,3795,0
Emiliano Torres,1375,1375,0
Alejo Moreno,1630,1630,0
Emiliano Rocha Minter,16550,16550,0
Brian Fee,615135,615135,0
Julian Rosefeldt,36280,36280,0
Julianna Lavin,10045,10045,0
Dave Alan Johnson,13360,13360,0
Eric Blakeney,39325,39325,0
João Paulo Miranda Maria,1885,1885,0
Hatsuki Tsuji,45430,45430,0
Daniel Jerome Gill,5170,5170,0
Bob Doucette,1170,1170,0
Daniel Ribeiro,138640,138640,0
Brian Klugman,4300,4300,0
Josh Ruben,25250,25250,0
Hugh Johnson,50555,50555,0
Joshua Wong,3110,3110,0
Alex Tavakoli,28425,28425,0
Daniel Robichaud,7570,7570,0
Josie Rourke,277455,277455,0
Eric Zaragoza,9995,9995,0
Daniel Sackheim,199675,199675,0
Jac Schaeffer,67580,67580,0
Josué Ramos,5365,5365,0
Daniel J. Sullivan,3420,3420,0
Eric Wostenberg,12370,12370,0
Daniel Sandu,18430,18430,0
Eric Tosti,11580,11580,0
Josh Olson,7170,7170,0
Josh Mond,35625,35625,0
Joshua Wallace,4300,4300,0
Josh Cooley,1407620,1407620,0
Daniel J. Phillips,50610,50610,0
Joshua Prendeville,330,330,0
Hugh Sullivan,10215,10215,0
Alex Schmidt,3665,3665,0
Josh Schwartz,75785,75785,0
Jack Baran,12775,12775,0
Alex Rivera,33455,33455,0
Alex Stapleton,13660,13660,0
Daniel Prochaska,21655,21655,0
Joshua Brand,5640,5640,0
Joshua Friedlander,11675,11675,0
Alex Piperno,1355,1355,0
Joshua Grannell,9940,9940,0
Daniel Keith,24370,24370,0
Daniel Raboldt,1315,1315,0
Alex Pettyfer,27535,27535,0
Alex Orr,13695,13695,0
Hugo Cardozo,2405,2405,0
Daniel Ragussis,250495,250495,0
Bob Bowen,27405,27405,0
Josh Safdie,10295,10295,0
Erik Lamens,7465,7465,0
Erwan Le Duc,6425,6425,0
Daniel Scheinert,36940,36940,0
José Mojica Marins,9030,9030,0
Eric Demeusy,34435,34435,0
Danila Kozlovskiy,7570,7570,0
Eric D. Howell,61005,61005,0
Ernest Farino,5870,5870,0
Brian King,49365,49365,0
José Luis Montesinos,3310,3310,0
Jabbar Raisani,32655,32655,0
Hunter Richards,123945,123945,0
Eric Champnella,3235,3235,0
Danièle J. Suissa,2335,2335,0
Danil Andreev,1170,1170,0
Josh Duhamel,42920,42920,0
Jack Gill,1635,1635,0
Eric Bress,60610,60610,0
Josh Forbes,26170,26170,0
José Peña Coto,75,75,0
Jack Fisk,4375,4375,0
Daniel Knauf,2335,2335,0
José Ramón Ayerra,2970,2970,0
Jota Linares,13450,13450,0
Ermal Mamaqi,2655,2655,0
Josh Janowicz,18705,18705,0
Alethea Jones,32530,32530,0
Daniel Kokotajlo,12830,12830,0
Eric Summer,3480,3480,0
Daniel Stern,155475,155475,0
Eric Sherman,1355,1355,0
Alex Burunova,9210,9210,0
Daniel Lombroso,4475,4475,0
Daniel Zelik Berk,16550,16550,0
Josh Lobo,16250,16250,0
Alex Thompson,26660,26660,0
Daniel Minahan,33445,33445,0
José Luis Alemán,7798,7798,0
Alessandro Tonda,1785,1785,0
Danielle Lessovitz,5240,5240,0
Eric Karson,4255,4255,0
Eric Heisserer,154300,154300,0
Josh Lawson,139065,139065,0
Eric Esau,2795,2795,0
Diane Perelsztejn,49,48,-1
Somnath Sen,48,47,-1
Paula Gaitán,229,228,-1
Alex Jones,406,405,-1
Lyubomyr Levytsky,2820,2819,-1
Barbara Gräftner,100,98,-2
Lee Sang-Bin,82,80,-2
Barry Gonzalez,912,910,-2
Claudio Pazienza,68,66,-2
Olivier Zuchuat,45,43,-2
Pankaj Batra,3247,3245,-2
Worth Keeter,1895,1893,-2
Leopoldo Laborde,459,457,-2
Vuong Duc,69,66,-3
Volker Koepp,86,83,-3
Cristián Jiménez,1420,1417,-3
Dilip Gulati,59,56,-3
Jorge Araujo,598,595,-3
Antoni D'Ocon,46,43,-3
Izu Ojukwu,619,616,-3
Kalthoum Bornaz,73,70,-3
Vince D'Amato,243,239,-4
Im Kwon-taek,1069,1065,-4
Diego Musiak,124,120,-4
Uri Barbash,74,70,-4
Tanveer Hashmi,333,329,-4
Alessandro Di Robilant,371,367,-4
Laurent Bénégui,1440,1435,-5
Roz Mortimer,100,95,-5
Vasilis Vafeas,160,155,-5
Jûzô Itami,1665,1660,-5
Colin Finbow,89,84,-5
Artour Aristakisian,1840,1835,-5
Munin Barua,171,166,-5
Qin Zhen,315,310,-5
Michelle Ehlen,792,787,-5
Larry Rosen,235,230,-5
Margreth Olin,816,810,-6
Javier Torre,345,339,-6
Celso Ad. Castillo,220,214,-6
J.P. Allen,177,171,-6
Shawn Welling,382,376,-6
Naoki Segi,313,307,-6
Mario Salieri,49,43,-6
Sébastien Betbeder,913,906,-7
Amy Hesketh,290,283,-7
Boots Rakely,279,271,-8
Chil-in Kwon,1497,1489,-8
Mitsunori Hattori,109,101,-8
Rocky Law,90,82,-8
Yale Strom,143,135,-8
Suzad Iqbal Khan,254,245,-9
Carlitos Landeo,95,86,-9
Robert Marcarelli,1317,1308,-9
Rajkumar R. Pandey,78,69,-9
Jeon Kyu-hwan,163,154,-9
Michael Blackwood,48,39,-9
Kim Hyun-Ho,204,195,-9
Antoni Verdaguer,129,120,-9
François Zabaleta,52,43,-9
Stefano Calvagna,127,118,-9
Simeon Halligan,5435,5425,-10
Alaeddine Slim,1015,1005,-10
Lim Hyun Tae,105,95,-10
Benjamin Beaulieu,325,315,-10
Alan Gilsenan,119,109,-10
Paul-Anders Simma,75,65,-10
Juri Rechinsky,555,545,-10
Paule Muret,225,215,-10
Leon Ding,1155,1145,-10
G.A. Villafuerte,77,67,-10
Nick Peterson,70,60,-10
Márk Bodzsár,14490,14480,-10
Abdallah Yahya,65,55,-10
Stan Harrington,148,137,-11
Jose 'Kaka' Balagtas,85,74,-11
Rosemarie Blank,55,44,-11
Achyut Prashast Singh,60,49,-11
Mandeep Chaahal,346,335,-11
Maurice Smith,195,183,-12
Juan Bautista Berasategi,150,138,-12
Krassimir Kroumov,108,96,-12
Ronnie Ricketts,73,61,-12
Michael DeLuise,430,418,-12
Tonino Ricci,247,235,-12
Bruno Colella,255,242,-13
P.G. Viswambharan,293,280,-13
Rajesh Bhuyan,55,42,-13
Thean-jeen Lee,324,311,-13
Hatem Ali,420,407,-13
Tony Cruz,77,63,-14
Anna Tchernakova,204,190,-14
Boris Boo,199,185,-14
Marcos Carnevale,7760,7745,-15
Seok-ho Won,140,125,-15
Manolo Caro,9585,9570,-15
Hilla Medalia,1303,1288,-15
Szabolcs Tolnai,332,317,-15
Narimane Mari,290,275,-15
Hichem Ben Ammar,65,50,-15
Jie Liu,1255,1240,-15
Alejandro G. Alegre,152,135,-17
Soo-il Jeon,181,164,-17
Lawrence Johnston,285,268,-17
Ivan Peric,284,267,-17
Sadao Nakajima,123,106,-17
Gilberto de Anda,104,87,-17
Satybaldy Narymbetov,110,93,-17
Nontawat Numbenchapol,123,106,-17
Yuki Otsuka,146,129,-17
Rodolfo Bisatti,57,39,-18
Sanjay Nayak,77,59,-18
Gyeong-tae Roh,401,383,-18
Kaoru Kuramoto,569,551,-18
Michio Koshikawa,149,131,-18
Sterling Johnston,59,41,-18
Itamar Chen,70,51,-19
Adán Aliaga,370,351,-19
Grayson Stroud,329,310,-19
Nadav Levitan,59,40,-19
Alex Monty Canawati,920,901,-19
Seung-oh Tak,160,140,-20
Sean Michael Beyer,1550,1530,-20
Torun Lian,3590,3570,-20
Hoang Le,110,90,-20
Jason T. Gaffney,780,760,-20
Kelly Weaver,71,51,-20
Karlos Alastruey,117,97,-20
Maureen Goldthorpe,221,201,-20
Sarah Francis,95,75,-20
Lisandro Boccacci,106,85,-21
Víctor Manuel Castro,138,117,-21
Tôru Murakawa,174,153,-21
David Michael O'Neill,3440,3419,-21
Gilbert Allan,299,277,-22
Syed Noor,300,278,-22
Alvin Yapan,261,239,-22
Peter Rosen,378,356,-22
Roger Lay Jr.,187,164,-23
Guangyi Yu,108,85,-23
Matias Meyer,561,538,-23
Ngoc Dang Vu,153,130,-23
Nurit Kedar,73,50,-23
Sergio Zanetti,125,101,-24
Dayal Padmanabhan,1240,1216,-24
Albert Jan van Rees,3694,3670,-24
Gianfranco Pannone,141,117,-24
Finlay Bald,116,91,-25
Mike Hoolboom,71,46,-25
Sergio Basso,105,80,-25
Salvador Aguirre,465,440,-25
Nobuhiro Suzumura,241,216,-25
Edoardo De Angelis,3331,3305,-26
Alena Polunina,170,144,-26
Wing-Chiu Chan,1154,1128,-26
Gabriel Pelletier,1447,1421,-26
Mehrshad Karkhani,197,171,-26
Nicolás de Jesús,99,73,-26
John Hamilton,897,870,-27
Shamim Ara,175,148,-27
Askold Kurov,598,571,-27
João Mário Grilo,374,347,-27
Paulo Munhoz,210,183,-27
Pepe Marcos,100,72,-28
René Cardona III,136,108,-28
Miguel Eek,89,61,-28
Jirô Nagae,306,278,-28
Kiefer Liu,172,144,-28
Rouzbeh Rashidi,111,82,-29
Stefano Reali,781,752,-29
Cornelia Duryée,830,800,-30
Natalie Wynn,418,388,-30
Julian Napier,327,297,-30
Adam Sherman,1485,1455,-30
Mohamed Zran,135,105,-30
Ralph E. Portillo,1145,1115,-30
Kevin Jerome Everson,245,215,-30
Aleksey Muradov,285,255,-30
Judit Elek,140,110,-30
Chris Kin-Sang Li,270,240,-30
Juan Carlos Tabío,1581,1550,-31
Digna Sinke,174,143,-31
Jan Georg Schütte,310,279,-31
Cheng Chow,94,63,-31
Ryûichi Honda,180,149,-31
Jørgen Leth,381,350,-31
Joe Sherlock,195,163,-32
Marat Sarulu,238,206,-32
Seok-yeong Park,57,25,-32
Jamal Hall,138,106,-32
Omer Fast,3455,3423,-32
Balu Kiriyath,143,111,-32
François Roussillon,78,45,-33
David Hayman,1153,1120,-33
Tony Sebastian Ukpo,330,297,-33
Max Bervy,174,141,-33
Christopher James Miller,1689,1655,-34
Boonsong Nakphoo,88,54,-34
F.I. Manik,124,90,-34
Tibor Takács,13400,13365,-35
David Wilde,202,167,-35
Andrey Stempkovsky,220,185,-35
Ignacio Agüero,254,219,-35
Erik Gustavson,2750,2715,-35
Chris Patterson,95,60,-35
Ken Barbet,1875,1840,-35
James Ian Mair,142,107,-35
Joud Saeed,104,68,-36
Andrei Zincã,925,889,-36
Kevin Chu,385,349,-36
Andy Wing-Keung Chin,209,173,-36
H.D. Premaratne,157,121,-36
Nikos Kornilios,178,142,-36
Patricio Henríquez,140,103,-37
Carlo J. Caparas,100,63,-37
Brad Marlowe,1394,1356,-38
Yee-Hung Lam,140,102,-38
Tomio Kuriyama,118,80,-38
Ernesto Aguilar,141,102,-39
Shilei Lu,116,77,-39
Bobby Easley,293,254,-39
Joey Romero,104,64,-40
Philippe Vallois,88,48,-40
Sheron R. Dayoc,170,130,-40
Sergey Krutin,220,180,-40
Michelle Mower,1130,1090,-40
Kim-Wai Yuen,1260,1220,-40
Manuel Siles,145,105,-40
Pablo Trapero,5970,5930,-40
Takuji Suzuki,138,98,-40
Malu De Martino,2172,2132,-40
Nanfu Wang,2735,2695,-40
Jixian Li,126,86,-40
Jean Delannoy,790,750,-40
Masaru Tsushima,271,231,-40
Jana Bokova,178,138,-40
Hiroshi Okuhara,283,242,-41
Douglas Morse,97,56,-41
Kishan Shah,103,62,-41
Khalo Matabane,250,209,-41
Kujtim Çashku,247,205,-42
Mark Allen Michaels,850,808,-42
Ruby Yang,239,196,-43
Stefan Popescu,380,337,-43
Chuanlin Sun,114,71,-43
Houchang Allahyari,247,203,-44
Manabu Asô,6772,6728,-44
Duc Thinh,325,281,-44
Yilmaz Arslan,384,340,-44
Ashvin Kumar,1104,1060,-44
Raymond Lee,206,161,-45
Edu Felistoque,141,96,-45
Andrei Zagdansky,192,147,-45
Mohammad Hossein Latifi,705,660,-45
Don Escudero,173,128,-45
Wenji Teng,105,60,-45
Héctor Valdez,445,399,-46
Raúl Araiza,131,85,-46
Wiktoria Szymanska,93,47,-46
Stefan Jäger,445,399,-46
Takashi Motoki,94,47,-47
Gerardo Chijona,225,178,-47
Daniel Benedict,1438,1390,-48
Alonso O. Lara,79,31,-48
Wenguang Wu,155,107,-48
Chi-Wai Sin,155,107,-48
Paolo Benvenuti,523,475,-48
Pasquale Squitieri,267,219,-48
Gregory Alosio,338,290,-48
Richard Dindo,138,90,-48
Dorota Kedzierzawska,645,596,-49
Gil Portes,99,50,-49
Nurith Aviv,90,41,-49
Mirjam von Arx,418,369,-49
Henri Pachard,248,199,-49
Marek Rozenbaum,225,175,-50
Anjan Choudhury,175,125,-50
Ali Ghavitan,94,44,-50
Rachid Ferchiou,109,59,-50
Frank Scheffer,181,131,-50
Luis Alberto Restrepo,750,700,-50
Julie Lopes-Curval,1605,1555,-50
Zhanna Issabayeva,148,96,-52
Dimitris Athanitis,360,308,-52
Jessica Gorter,437,385,-52
Jean-Clément Gunter,280,228,-52
John Downer,1205,1153,-52
Greg Carter,498,446,-52
Cynthia Beatt,1255,1203,-52
Azhari Mohd Zain,296,243,-53
Yûji Tajiri,180,127,-53
Andy Bausch,375,322,-53
Ao-Hsin Chin,251,198,-53
Hashim Rejab,137,84,-53
Connie Field,110,56,-54
Costanza Quatriglio,329,275,-54
Ken'ichi Fujiwara,444,390,-54
Francesco Fanelli,125,71,-54
Basil Al-Khatib,184,130,-54
Rob Burrows,676,621,-55
Sebastián Hiriart,460,405,-55
Nicolas Wadimoff,310,255,-55
Hassan Benjelloun,109,54,-55
Marc Isaacs,330,274,-56
Fernando Vendrell,357,301,-56
Alain Tanner,665,609,-56
Ana Laura Calderón,362,305,-57
Neal 'Buboy' Tan,112,55,-57
Malte Wirtz,116,59,-57
Scott Prestin,870,813,-57
Péter Forgács,220,162,-58
Takeshi Watanabe,290,232,-58
Meredith Edwards,1378,1320,-58
Mehdi Fakhimzadeh,595,537,-58
David Lussier,133,75,-58
Manny Velazquez,155,96,-59
Yutaka Ikejima,151,92,-59
Kuen Yeung,113,54,-59
Robert Hyatt,538,479,-59
Miguel Bardem,3240,3181,-59
Shin'ya Ayabe,425,366,-59
Tim Connery,1040,980,-60
Thom Fitzgerald,15425,15365,-60
Fernando Poe Jr.,172,112,-60
Erez Tadmor,550,490,-60
Laurice Guillen,202,141,-61
Shiva Regmi,157,96,-61
Siamak Shayeghi,122,61,-61
Kurt Mündl,138,76,-62
Gray Hofmeyr,420,358,-62
Tin-Hung Yiu,152,90,-62
Lee Dong-Joon,436,374,-62
Byung-hun Min,130,68,-62
Jean-Claude Lord,585,522,-63
Robert Sedlácek,1129,1065,-64
Khuat Akhmetov,215,151,-64
Choi Jin-Chul,344,279,-65
Rodrigo Bellott,4055,3990,-65
Elias Giannakakis,150,85,-65
Masashi Yamamoto,370,305,-65
Shinpei Miyashita,275,210,-65
Jaap van Hoewijk,148,83,-65
Mark A. Reyes,293,227,-66
Brian McGuire,301,235,-66
Guy Lai,265,199,-66
Mogens Hagedorn,1735,1669,-66
David Bickerstaff,281,215,-66
Dan Setton,150,83,-67
Atsushi Muroga,804,737,-67
Seijirô Kôyama,103,36,-67
Michael Chuah,245,178,-67
Topel Lee,418,351,-67
Thierry Michel,772,705,-67
Solveig Melkeraaen,423,355,-68
Jeffery Scott Lando,2237,2169,-68
Jordan Hill,656,587,-69
Boris Lehman,107,38,-69
Mojtaba Raie,108,39,-69
Nathan Nicholovitch,220,151,-69
Eyal Sivan,474,405,-69
Kim Wah Lou,310,241,-69
Chatrichalerm Yukol,270,201,-69
Bakhtyar Khudojnazarov,595,525,-70
Denis Delestrac,925,855,-70
Narasimha Rao Relangi,254,184,-70
Gilles Carle,659,589,-70
Georg Misch,540,470,-70
Ali Weinstein,215,145,-70
Axelle Ropert,1095,1025,-70
Weiran Li,905,835,-70
Guy Édoin,2840,2769,-71
Jason Figgis,168,97,-71
Pablo Llorca,145,73,-72
Makoto Satô,171,99,-72
Aram Shahbazyan,211,139,-72
Nikita Lavretski,184,112,-72
Quincy Rose,776,704,-72
Ba Vu Nguyen,245,173,-72
Scotty Fox,254,181,-73
José Luis Massa,680,606,-74
Khaled Ghorbal,229,155,-74
François Desagnat,2953,2879,-74
Gur Bentwich,794,720,-74
Konstantin Lopushanskiy,1000,926,-74
V. Ravichandran,232,157,-75
Nello Rossati,425,350,-75
Kenneth Hau Wai Lau,176,101,-75
Nakia T Hamilton,179,104,-75
Takayoshi Watanabe,214,139,-75
Mark Mackner,345,269,-76
Ike Jarlego Jr.,168,92,-76
Tom Zubrycki,133,57,-76
Deo Fajardo Jr.,185,109,-76
Sergio Tovar Velarde,19602,19525,-77
Nestor Frenkel,371,294,-77
Haeman Chatemee,282,205,-77
Xiaoning Feng,183,105,-78
Jun'ichi Satô,214,135,-79
Affandi Abdul Rachman,349,270,-79
Kad Merad,2535,2455,-80
Leland Price,1315,1235,-80
Jon Abrahams,2200,2120,-80
Chris Alexander,588,508,-80
Tuan Vu Dinh,171,91,-80
Vincent De Brus,3115,3035,-80
Manane Rodríguez,518,438,-80
Seok-ho Kyeong,160,80,-80
Amir Karakulov,121,41,-80
Edgardo Cozarinsky,188,107,-81
Dakota Ray,450,369,-81
Susan Morgan Cooper,456,375,-81
Siu-Hung Chung,620,538,-82
Edmund Yeo,310,228,-82
Albert Solé,297,215,-82
Yael Katzir,126,44,-82
Kwok-Man Keung,1892,1810,-82
Woo-sang Park,343,261,-82
Ben Meyerson,1430,1348,-82
Odorico Mendes,485,403,-82
Alberto Durant,528,446,-82
Michal Bat-Adam,168,86,-82
Nurtas Adambay,292,209,-83
Jimmy Larouche,355,271,-84
Ulli Lommel,152,68,-84
Minoru Mizoguchi,594,510,-84
Ralston Jover,154,70,-84
Miloslav Luther,295,210,-85
Jesús Mario Lozano,421,336,-85
Hong Li,565,480,-85
Gary Sinyor,1465,1380,-85
Jon Bang Carlsen,243,157,-86
Lino Brocka,195,109,-86
Luk Van,185,99,-86
Magdalena Lazarkiewicz,403,316,-87
Venugopan,346,259,-87
Romain Goupil,362,274,-88
Akin Omotoso,403,315,-88
Vladimir Kozlov,219,130,-89
Dustin Ferguson,271,182,-89
Selva,426,337,-89
Reinhard Schwabenitzky,393,304,-89
Nino Jacusso,423,333,-90
Pouria Heidary Oureh,519,429,-90
Bryan G. Thompson,545,455,-90
Kazuki Ômori,151,61,-90
John Hau,136,46,-90
Malga Kubiak,195,105,-90
Magnus Gertten,290,200,-90
Katsuya Watanabe,266,176,-90
Stallone Vaiaoga-Ioasa,991,900,-91
Ryô Nakajima,303,212,-91
Mohd Pierre Andre,136,45,-91
Aziz M. Osman,211,119,-92
Tonino Zangardi,354,262,-92
Sugeeth,2619,2527,-92
Yo Kohatsu,315,223,-92
Tim Everitt,399,307,-92
Kankurô Kudô,2553,2460,-93
Katrin Ottarsdóttir,271,178,-93
Jamil Dehlavi,1195,1102,-93
Erik Matti,1703,1610,-93
Tim McCann,1483,1390,-93
Rob Nilsson,144,51,-93
Sing-Pui O,405,311,-94
Oktai Mir-Kasimov,124,30,-94
Adam Wong,1394,1300,-94
Slawomir Fabicki,1955,1860,-95
Ismail Basbeth,390,295,-95
Walter Hugo Khouri,645,550,-95
Serik Aprimov,275,180,-95
Yasushi Koshizaka,350,254,-96
Rama Rau,538,442,-96
Alex Sebastian,585,489,-96
Lorenzo Onorati,191,95,-96
Mohammad Ali Sajjadi,170,74,-96
Moses Inwang,333,237,-96
Takeshi Miyasaka,220,124,-96
Giacomo Battiato,645,549,-96
Lionel Baier,1321,1225,-96
Terence H. Winkless,2571,2474,-97
Marc Recha,634,537,-97
Lech Kowalski,462,365,-97
Roberto Angel Salcedo,259,162,-97
Rui Constantino,1500,1402,-98
Christopher Nolen,511,413,-98
Jonny Walls,248,150,-98
Paul Ruven,167,69,-98
Rei Sakamoto,142,44,-98
Daisuke Gotô,757,658,-99
Jem Cohen,3069,2970,-99
Namrata Singh Gujral,2052,1953,-99
Dick Lau,466,367,-99
Rergchai Poungpetch,381,281,-100
Jie Hu,249,149,-100
Garrett Clancy,460,359,-101
Mark Sloper,376,275,-101
Denis Langlois,835,734,-101
Haile Gerima,3257,3155,-102
Farida Benlyazid,417,315,-102
Zdenek Tyc,376,273,-103
Sabine Gisiger,250,146,-104
Elena Altman,174,70,-104
Kah-Wai Lim,167,63,-104
Giorgia Cecere,1295,1190,-105
Franco Lolli,2485,2380,-105
Gregory Doran,337,232,-105
Erika Cohn,620,515,-105
Stanley Wing Siu,467,362,-105
Adam Thomas Anderegg,3575,3470,-105
Takayuki Hamana,404,299,-105
Taisiya Igumentseva,580,474,-106
Sun-Uk Park,290,184,-106
Jianya Zhang,632,525,-107
Thanos Anastopoulos,677,570,-107
Haiqiang Ning,236,129,-107
Jano Rosebiani,298,191,-107
Su-yeon Gu,547,439,-108
Davor Zmegac,515,406,-109
Hem Raj BC,279,170,-109
Wei Zhang,162,53,-109
Melissa Monet,750,640,-110
Babbar Subhash,323,213,-110
Jaime de Armiñán,766,656,-110
Sudhakar Basanta,186,75,-111
John Henry Richardson,290,179,-111
Nagieb Khaja,220,109,-111
Gianluca Maria Tavarelli,614,503,-111
Zhimin Sheng,334,222,-112
Predrag Velinovic,630,518,-112
Anssi Mänttäri,333,221,-112
Carole Laure,626,514,-112
Germán Magariños,220,107,-113
Sheona McDonald,420,306,-114
Hiroshi Shinagawa,1195,1081,-114
Nisha Pahuja,4399,4285,-114
Ramasimhan,447,333,-114
Jo Tae-ho,610,495,-115
Tsui-shan Jessey Tsang,249,134,-115
Alberto Simone,635,520,-115
Kurt Palm,236,121,-115
Christoph Hochhäusler,2120,2005,-115
Erika Lust,183,67,-116
David Noel Bourke,735,619,-116
Claudio Costa,155,39,-116
Egil Håskjold Larsen,230,114,-116
Rokuro Mochizuki,268,152,-116
Stephan Yip,187,70,-117
Lisa Palenica,1917,1800,-117
Lloyd A. Simandl,715,597,-118
Amy Miller,255,137,-118
Alexander Oey,425,307,-118
Lorenzo Doumani,955,837,-118
Jillali Ferhati,185,67,-118
David Kuan,174,56,-118
Kôji Hagiuda,425,306,-119
Juan José Jusid,382,263,-119
Lee H. Katzin,1750,1630,-120
Ninì Grassia,273,153,-120
Jerry Lopez Sineneng,275,155,-120
Adam Weissman,615,495,-120
Danièle Dubroux,712,592,-120
Kon-Man Cheung,287,167,-120
Dawn Natalia,245,124,-121
Thomas Ciulei,445,324,-121
Andres Clariond,1527,1405,-122
Desmond Gumbs,364,242,-122
Kiyoshi Sasabe,409,287,-122
Fabio Carpi,275,153,-122
Gábor Zsigmond Papp,364,242,-122
Hong Kong Documentary Filmmakers,773,651,-122
Yunfei Wang,251,128,-123
Hiroyuki Kawasaki,260,137,-123
Ismail Bob Hasim,368,245,-123
Azfar Jafri,3085,2962,-123
Sébastien Godin,234,111,-123
Darshan Bagga,288,165,-123
Muhammad Yusuf,211,88,-123
Arie Azis,448,324,-124
Michael McGreevey,655,531,-124
Hicham Lasri,483,359,-124
Valentín Javier Diment,592,468,-124
Joe Leone,804,679,-125
Pippa Seymour,340,215,-125
Tariq Teguia,380,255,-125
Andrea Manni,1100,975,-125
Park Kwang-su,705,580,-125
Ute von Münchow-Pohl,2840,2715,-125
Detdrich McClure,542,417,-125
Jahmil X.T. Qubeka,1232,1106,-126
Jaroslav Vojtek,235,109,-126
David Beaird,3370,3244,-126
Mohammad Hadi Karimi,1030,904,-126
Anggy Umbara,1586,1459,-127
Roger Cantin,731,604,-127
Ralf Kemper,292,165,-127
Jeremy Norrie,513,386,-127
Donald Leow,964,837,-127
Joachim Lafosse,2127,2000,-127
Ann Shin,219,91,-128
Pauli Janhunen Calderón,428,300,-128
Klaus Lemke,232,104,-128
Steve Carver,545,417,-128
Masahiro Kobayashi,498,370,-128
Sandro Ventura,252,124,-128
Hunter G. Williams,6573,6445,-128
Wilma Labate,653,524,-129
Eric Bergkraut,225,96,-129
Joven Tan,187,58,-129
Elsa Kvamme,158,29,-129
Mercedes Moncada Rodríguez,245,116,-129
Igor Sterk,1255,1125,-130
Kei Shu,778,648,-130
Wes Llewellyn,3525,3395,-130
Milan Blazekovic,3300,3170,-130
Yuelun Wang,294,164,-130
Sunil,241,111,-130
Mariusz Grzegorzek,285,155,-130
Zézé Gamboa,840,710,-130
Satoko Yokohama,811,680,-131
James Christopher,278,147,-131
Diana Groó,491,360,-131
Noé Santillán-López,1458,1326,-132
Vitaliy Melnikov,412,280,-132
Mark David,1362,1229,-133
Tom Logan,461,328,-133
Ali Nassar,210,77,-133
Farhad Mehranfar,225,92,-133
Jason Bailey,242,108,-134
Nayato Fio Nuala,233,99,-134
Cellin Gluck,1365,1230,-135
Danielle Proskar,285,149,-136
Tiziano Cella,217,81,-136
Stephen Langford,639,503,-136
Shôjirô Nakazawa,452,315,-137
Wim Vandekeybus,555,417,-138
Sean McNamara,3395,3257,-138
Jonathan Finnigan,930,792,-138
Cybela Clare,374,235,-139
Pablo Stoll,790,650,-140
Nagathihalli Chandrashekar,457,317,-140
John D. Lamond,215,75,-140
Valeri Milev,5325,5185,-140
Robert Kirchhoff,245,105,-140
Dragan Nikolic,240,100,-140
Mazen Khaled,3836,3695,-141
Vigen Chaldranyan,255,113,-142
Raúl Perrone,184,42,-142
Rako Prijanto,473,331,-142
Patrik Lancaric,475,333,-142
Vladimir Kott,786,643,-143
H. Tjut Djalil,245,102,-143
Young-bin Kim,339,196,-143
Billy Simpson,285,142,-143
Gustavo Postiglione,308,165,-143
Iain Dilthey,377,234,-143
Paulo Nascimento,809,665,-144
Matthew George,1495,1351,-144
Andrew Repasky McElhinney,846,702,-144
Park Chang-Jin,400,256,-144
Dimitris Koutsiabasakos,576,431,-145
Damián Romay,1390,1245,-145
Ramsey Nouah,870,725,-145
Ricard Cussó,1570,1425,-145
Marc Rohnstock,1037,891,-146
Curtis Graham,1461,1314,-147
Camilo Luzuriaga,436,289,-147
Ilaria Freccia,300,153,-147
Ole Giæver,1157,1010,-147
Edwin Brienen,258,111,-147
Matthias Olof Eich,1835,1688,-147
Ricky Lau,253,105,-148
Stelvio Massi,328,180,-148
Diede in 't Veld,864,715,-149
Ed Hansen,450,301,-149
Heinrich Dahms,310,161,-149
Ahmad Idham,409,260,-149
Ivan Vojnár,297,147,-150
Kin Lo,291,141,-150
Hisayasu Satô,430,280,-150
Fernando Lopes,575,425,-150
Marija Perovic,680,530,-150
Todd Holland,31820,31670,-150
Heidi Specogna,335,185,-150
Carlos Andrés Morelli,650,500,-150
Su Rynard,775,625,-150
Andrew Piddington,760,610,-150
Yoshikazu Katô,308,157,-151
Keung Siu,250,99,-151
Ben Wallis,1508,1357,-151
George Anton,252,101,-151
Josetxo San Mateo,1845,1693,-152
Milan Steindler,1437,1285,-152
Maurice Murphy,1540,1388,-152
Okechukwu Oku,227,75,-152
John Irvin,2690,2537,-153
Jonathan Haswell,193,40,-153
Jason Impey,327,173,-154
Jonathan Milton,483,329,-154
Nancy Criss,1093,939,-154
Cao Guimarães,400,245,-155
Ku Hye-Sun,785,630,-155
Maximilian Elfeldt,3970,3815,-155
William H. Molina,1580,1425,-155
Note Chern-Yim,326,171,-155
Vincent Dieutre,189,34,-155
Chun-Ku Lu,257,101,-156
David Horn,414,258,-156
Yvon Marciano,900,744,-156
Ajay Kashyap,294,138,-156
Günter Schwaiger,360,204,-156
Jeffrey Obrow,4815,4658,-157
John Lechago,2618,2460,-158
Kevin Alexander Boon,645,487,-158
Toshiki Satô,254,96,-158
Suni,4668,4510,-158
François Delisle,898,740,-158
Kazem Rast Goftar,1323,1164,-159
Julia Ivanova,218,58,-160
Cody Clarke,805,645,-160
Armand Garabidian,920,760,-160
Scott Hamilton Kennedy,3335,3175,-160
Stuart Acher,6020,5860,-160
Michael House,215,54,-161
Eitan Green,390,229,-161
Takao Kato,328,167,-161
Florian Flicker,621,460,-161
Robbie Moffat,391,230,-161
Alex Wesley,318,157,-161
John G. Young,1261,1100,-161
Tommy Brunswick,743,581,-162
Will Wissink,502,340,-162
Ran Tal,263,100,-163
Kasia Adamik,3760,3596,-164
Viroj Thongsiew,298,134,-164
Bence Gyöngyössy,1875,1710,-165
Issei Oda,1015,850,-165
Hongzhi Liu,210,45,-165
Saso Podgorsek,564,399,-165
Dwayne Buckle,287,121,-166
Markus Imboden,851,685,-166
Lola Randl,525,359,-166
David A. Prior,2602,2435,-167
Ricardo Islas,626,458,-168
Osamu Kaneda,659,491,-168
F.A. Brabec,735,566,-169
Kirati Nakintanon,1910,1741,-169
Simon Jaquemet,1410,1240,-170
R. Ellis Frazier,4110,3940,-170
Elisabeta Bostan,1070,900,-170
Justin Chon,3615,3445,-170
Ian Loreños,420,249,-171
Osamu Satô,378,205,-173
Jason Matherne,537,364,-173
Adolfo Martínez Solares,506,333,-173
Mikhail Kosyrev-Nesterov,373,200,-173
Siu-Keung Cheng,730,556,-174
Boaz Armoni,652,478,-174
Mipo Oh,1444,1270,-174
Timo Novotny,1405,1230,-175
José Luis García Sánchez,534,359,-175
Hana Makhmalbaf,895,720,-175
Eckhart Schmidt,212,37,-175
Martin Sulík,570,395,-175
T.L.V. Prasad,435,259,-176
Adolfo Alix Jr.,267,91,-176
Mohammed Ali Naqvi,676,500,-176
Richard Rowntree,1491,1315,-176
Ruben Preuss,2288,2110,-178
Gordon Vandermeer,265,87,-178
Maria Beatty,241,62,-179
Eduardo Sánchez,54760,54580,-180
Brett Michael Innes,730,550,-180
Johannes Schmid,1190,1010,-180
Gary Delaney,460,280,-180
Oliver Zahle,605,425,-180
Costas Zapas,429,248,-181
Victor Villanueva,564,383,-181
Simone de Vries,289,108,-181
Ronaldo Bertubin,441,259,-182
Veronica Velasco,641,459,-182
John Travers,995,813,-182
Stratos Tzitzis,1533,1350,-183
Hideo Sakaki,538,355,-183
Kieth Merrill,2074,1889,-185
Jonathan Segal,8290,8105,-185
Suzanne Guacci,2145,1960,-185
Bartosz Prokopowicz,2260,2075,-185
Iara Lee,1020,835,-185
Jim Amatulli,1875,1690,-185
Michael Klier,550,364,-186
Tomoyuki Furumaya,342,156,-186
Edoardo Gabbriellini,1005,819,-186
Marco Wilms,269,83,-186
Walter Lima Jr.,1622,1435,-187
Kunitoshi Manda,603,416,-187
Michael J. Murphy,435,248,-187
Mitsutoshi Tanaka,497,310,-187
Tomoyuki Takimoto,2426,2238,-188
Amos Poe,720,532,-188
Wilson Tong,369,181,-188
Scott Featherstone,907,719,-188
Agnieszka Zwiefka,526,338,-188
Mohamad Reza Aalami,426,238,-188
Jesús Franco,825,636,-189
Masahiko Nagasawa,632,443,-189
Adam Starks,347,158,-189
Katrine Philp,744,555,-189
Iqbal Rais,337,147,-190
Jirí Menzel,910,720,-190
Anja Salomonowitz,388,198,-190
Ines Tanovic,940,750,-190
Philippe de Broca,5220,5030,-190
Martin Hagbjer,1360,1170,-190
Drazen Kuljanin,690,500,-190
Guy Maddin,8205,8015,-190
Kayoko Asakura,2425,2235,-190
Pham Nhue Giang,304,113,-191
Fan Ho,337,146,-191
Andrea Marfori,535,344,-191
Juan Manuel Cotelo,707,515,-192
Chris Seaver,489,297,-192
Jean Beaudin,3295,3103,-192
Vick Campbell,258,66,-192
Muthyala Subbaiah,353,160,-193
Petr Lom,377,184,-193
Aleksandr Barshak,4690,4496,-194
Charles Randazzo,1410,1216,-194
Richard Bell,1964,1770,-194
Joshua Patrick Dudley,449,255,-194
Natalie Assouline,250,55,-195
Fire Lee,1216,1021,-195
Joel Zito Araújo,436,240,-196
Giancarlo Soldi,402,205,-197
Hidenori Inoue,245,48,-197
Jean-Paul Rouve,3199,3000,-199
Eddie Rodriguez,289,90,-199
Harald Franklin,1620,1420,-200
Peter Kern,405,205,-200
Anna Luif,485,285,-200
Newton I. Aduaka,1088,888,-200
Betse De Paula,519,319,-200
Jacques Deschamps,245,45,-200
Svetla Tsotsorkova,1710,1510,-200
Santiago Loza,1340,1140,-200
Alexandre Coffre,3125,2925,-200
Louise Osmond,2725,2525,-200
Jason Wright,6693,6492,-201
Casey Chan,290,89,-201
James Fotopoulos,376,174,-202
Piotr Matwiejczyk,273,71,-202
Ghodratollah Solh Mirzayi,587,385,-202
Benjamin Heisenberg,1642,1440,-202
Keith R. Robinson,752,550,-202
Lars Berg,905,702,-203
Eva Mulvad,508,305,-203
Berardo Carboni,1747,1543,-204
Francesco Invernizzi,320,116,-204
Alex de Renzy,571,367,-204
Roxy Shih,2229,2025,-204
Rajiv Chilaka,247,43,-204
Sine Skibsholt,345,140,-205
Navid Mahmoudi,1545,1340,-205
Dror Zahavi,2111,1905,-206
Anthony D.P. Mann,574,368,-206
Irene Langemann,261,55,-206
Arild Fröhlich,4675,4468,-207
Diego Rougier,835,627,-208
Jon Steven Ward,1699,1491,-208
Maurizio Nichetti,963,755,-208
Glenn Berggoetz,365,156,-209
Flora Gomes,775,566,-209
Gwing-Gai Lee,431,222,-209
Jason Campbell,447,238,-209
Andreas Arnstedt,374,164,-210
Michael Ciulla,1295,1085,-210
Raul Inglis,3000,2790,-210
Aleksandra Strelyanaya,440,230,-210
Brigitte Roüan,1200,990,-210
José María Zavala,335,124,-211
Evgeniy Bedarev,2131,1920,-211
Ernest Abdyjaparov,511,299,-212
Danae Elon,260,48,-212
Una Celma,344,132,-212
Inés de Oliveira Cézar,296,83,-213
Daniel Díaz Torres,573,359,-214
David Wexler,488,274,-214
Michael Haussman,15165,14951,-214
Pavol Barabas,285,70,-215
Jaime Camino,595,380,-215
Jim Lounsbury,685,470,-215
Yüksel Yavuz,633,418,-215
Andreas Marschall,4395,4180,-215
Osamu Yamasaki,845,630,-215
Cláudia Varejão,1020,804,-216
John Stewart,1000,784,-216
Lou Diamond Phillips,3258,3042,-216
João Viana,515,299,-216
Amardeep Singh Gill,931,715,-216
Paul Catalanotto,1142,925,-217
Sonia Herman Dolz,447,230,-217
Partho Sen-Gupta,1212,995,-217
Pierre Falardeau,4180,3962,-218
Ivo Ferreira,958,740,-218
Udayakantha Warnasuriya,420,202,-218
Ben van Lieshout,280,61,-219
Petr Václav,665,446,-219
Bujar Alimani,1140,920,-220
Kwang-kuk Lee,804,584,-220
Moroco Colman,945,725,-220
Jin-mo Cho,1060,840,-220
Nikola Vukcevic,2355,2135,-220
Mohamed Malas,706,485,-221
Silvio Bandinelli,275,54,-221
C. Martín Ferrera,775,553,-222
Jefery Levy,653,431,-222
Ryu Kaneda,776,554,-222
Jeanie Finlay,1673,1450,-223
Aaron Kurmey,1513,1290,-223
Martín Farina,429,206,-223
Jared Masters,283,60,-223
Michael James Rowland,3684,3460,-224
Stanislav Párnicky,520,296,-224
Vladimir Mirzoev,453,229,-224
Sinisa Dragin,547,323,-224
Marc F. Voizard,1455,1230,-225
Rasim Ojagov,970,745,-225
Bruce Sweeney,425,200,-225
Robert Peters,440,214,-226
Harun Farocki,590,363,-227
Shane Dax Taylor,6152,5925,-227
Juan Pinzás,383,156,-227
Timo Rose,465,237,-228
Stuart Kershaw,378,150,-228
Manmohan Singh,871,642,-229
Daniele Gaglianone,615,386,-229
Afdlin Shauki,434,205,-229
Margarida Cardoso,450,221,-229
Christian Vogeler,1410,1180,-230
Jonathan Heap,3330,3100,-230
Jean Beaudry,615,385,-230
Jorge Thielen Armand,1091,860,-231
Isamu Imakake,486,255,-231
Arthur Dong,939,708,-231
Martyn Atkins,516,285,-231
Naoto Takenaka,520,288,-232
Carlo Fusco,1143,910,-233
Sahin Gök,603,370,-233
Varis Brasla,1230,997,-233
Chris Martinez,596,362,-234
Sherman Wong,489,255,-234
Mike Kesey,720,485,-235
Piyapan Choopetch,1016,780,-236
Sang-woo Lee,487,250,-237
Hilde Heier,1225,987,-238
Chandra Sekhar Yeleti,6640,6402,-238
Simon Brook,310,72,-238
Benoît Cohen,599,361,-238
Allan Miller,799,560,-239
Jason Mills,744,505,-239
Sébastien Pilote,3340,3100,-240
Julie Hivon,660,420,-240
Inkyu Baek,675,435,-240
Souleymane Cissé,310,70,-240
Bodo Kox,3855,3615,-240
Günther Brandl,370,130,-240
Charles Wilkinson,396,155,-241
Peter Shaner,1295,1053,-242
Alejandro Guzmán Alvarez,1320,1078,-242
Milos Smídmajer,1077,835,-242
Trish Dolman,1268,1025,-243
Charles-Olivier Michaud,968,725,-243
Jake McDowell,366,123,-243
Nicole Bettauer,2025,1781,-244
Itsumichi Isomura,670,426,-244
Somaratne Dissanayake,659,415,-244
I.V. Sasi,954,710,-244
Daniel Borgman,1590,1345,-245
Olivier Jahan,2140,1895,-245
Rasit Çelikezer,2894,2649,-245
V.N. Aditya,1064,819,-245
Jinseung Lim,375,130,-245
Vladimir Alenikov,595,350,-245
Ishaan Trivedi,1075,830,-245
Karin Albou,4550,4305,-245
Mark Stouffer,4260,4015,-245
Todd Norwood,825,580,-245
Francis Girod,1485,1240,-245
Sung Pong Choo,821,575,-246
Christophe Wagner,591,345,-246
Vladimir Khotinenko,536,290,-246
Robert Wichrowski,1870,1624,-246
Ziyang Zhou,1116,870,-246
Eva Jin,4490,4243,-247
Maciej J. Drygas,358,111,-247
Su-won Shin,800,552,-248
Lamar Card,710,462,-248
Frederico Machado,423,174,-249
Nami Iguchi,899,650,-249
Kôichi Sakamoto,1204,955,-249
William Victor Schotten,554,305,-249
Bogdan George Apetri,4515,4265,-250
Rüdiger Suchsland,4490,4240,-250
Mirlan Abdykalykov,640,390,-250
Ghaz Abu Bakar,1643,1392,-251
Seo Lee,432,180,-252
Andreas Pantzis,425,172,-253
Jean-Claude Rousseau,365,111,-254
André Forcier,833,579,-254
Jean-Charles Tacchella,880,625,-255
Tiina Lymi,2800,2545,-255
Pascal Elbé,2346,2090,-256
Harold Trompetero,555,297,-258
Mike Donahue,618,360,-258
Kenki Saegusa,440,180,-260
Jilani Saâdi,320,60,-260
Craig Pryce,1305,1045,-260
In-je Park,2625,2365,-260
Yueh-Hsun Tsai,3730,3470,-260
Roy Stuart,1505,1245,-260
Xavier de Lauzanne,551,290,-261
Nobuo Mizuta,1041,780,-261
Olivier Coussemacq,1460,1197,-263
Luis César D'Angiolillo,595,332,-263
Michael Sibay,1205,941,-264
Nathan Gabaeff,3271,3007,-264
Marc Price,8240,7975,-265
Jeong-gyun Shin,355,90,-265
Saranyoo Jiralak,438,173,-265
Kaila York,2210,1945,-265
Kaveh Sajjadi,460,195,-265
David Kane,8555,8290,-265
Nicolas Philibert,980,715,-265
Wei Dai,471,206,-265
Rodrigo Ortuzar Lynch,2095,1830,-265
Alberto Cortés,549,283,-266
Asep Kusdinar,844,578,-266
Jeremy Workman,3906,3640,-266
Steven F. Zambo,922,655,-267
Kavi Raz,417,150,-267
Sean Weathers,353,85,-268
Johnny Remo,3753,3485,-268
Didi Danquart,1228,960,-268
Fernando Salem,1943,1675,-268
Hugo Van Lawick,809,540,-269
Byron W. Thompson,2215,1945,-270
Vibeke Ringen,805,535,-270
Tomás Svoboda,865,595,-270
Simon Chung,1368,1097,-271
Jose Zambrano Cassella,1416,1145,-271
Riingo Banerjee,391,120,-271
Veikko Aaltonen,2210,1938,-272
Alexandre Carrière,1365,1093,-272
Warren A. Stevens,905,633,-272
Michalis Konstantatos,1383,1110,-273
Liwen Ma,798,525,-273
Robert Enrico,1260,986,-274
Trygve Allister Diesen,2580,2305,-275
Anthony Power,1095,820,-275
Nariman Turebaev,415,140,-275
Uli Gaulke,441,165,-276
Sushant Mani,331,55,-276
Mat Hames,382,106,-276
Jim Libiran,385,108,-277
Ravinder Ravi,359,82,-277
Igor Minaiev,474,197,-277
Shangjun Cai,607,329,-278
Rodney Gibbons,2675,2396,-279
Eduardo Ortíz,493,213,-280
Fabrizio De Angelis,640,360,-280
Laura Bispuri,6215,5935,-280
Carsten Rudolf,961,680,-281
Mat Whitecross,17771,17490,-281
Miguel Hermoso,1283,1002,-281
Jordan Pacheco,1168,887,-281
Godfrey Ho,1207,925,-282
Alejandro Bellame Palacios,625,343,-282
Francis Reusser,441,158,-283
Toni Venturi,919,636,-283
Silvio Caiozzi,960,677,-283
Tony T.L. Young,790,506,-284
Taavi Vartia,1110,825,-285
Valeria Parisi,560,275,-285
Lisandro Duque Naranjo,1420,1135,-285
Scott Shaw,460,174,-286
Stephen Shin,331,45,-286
Timothy Wheeler,1600,1312,-288
Leo Khasin,1395,1107,-288
Daniel Hoesl,1105,817,-288
José Luis López-Linares,372,84,-288
Antony Hickling,830,541,-289
Kimon Tsakiris,354,64,-290
Akio Nishizawa,625,335,-290
Bruno Mattei,447,156,-291
Wen-tang Cheng,715,424,-291
Amy Hardie,450,158,-292
Bruno de Almeida,1295,1002,-293
Asun Mawardi,444,150,-294
Raja Sen,387,92,-295
Dominic Shiach,1225,930,-295
Justin Simms,620,325,-295
Andrew Kotting,1220,925,-295
Ilgar Safat,601,305,-296
Tory Jones,1011,715,-296
Tanvir Mokammel,390,94,-296
Alfred Robbins,552,256,-296
Ben Moses,475,178,-297
Zachary Snygg,603,306,-297
Marta Karwowska,955,658,-297
Husam El-Gohari,423,126,-297
Mike Marzuk,1854,1555,-299
Heddy Honigmann,1045,746,-299
Georg Koszulinski,343,44,-299
Nouri Bouzid,705,405,-300
Morten Henriksen,1173,873,-300
Hoi-Ching Cheung,568,268,-300
Xu Kerr,695,395,-300
Patrick Kong,521,219,-302
Mary McGuckian,1332,1030,-302
Hao Lui,361,58,-303
Kazuya Konaka,443,140,-303
Knut Erik Jensen,762,459,-303
Eduardo Mignogna,2083,1780,-303
Mariano Galperín,428,124,-304
Gary O. Bennett,1615,1311,-304
Manuel Flurin Hendry,1439,1135,-304
James Slocum,1420,1116,-304
Antonio Mitrikeski,1865,1560,-305
Adrian Popovici,491,186,-305
Geun-shik Jo,2405,2100,-305
Adriana Trigiani,13340,13035,-305
Paul Wynne,870,564,-306
Ruben Maria Soriquez,760,454,-306
Lordan Zafranovic,350,43,-307
Uro Q. Dela Cruz,451,144,-307
Aldo Lado,565,258,-307
Dean McKendrick,3138,2830,-308
Jorge Sanjinés,515,207,-308
Rashid Masharawi,515,207,-308
Zhanjun An,370,61,-309
René Cardona Jr.,545,236,-309
Jeff Jensen,529,220,-309
Pepe Diokno,479,169,-310
Mantas Kvedaravicius,850,540,-310
Pierre Filmon,640,328,-312
Doron Eran,480,167,-313
Fyodor Dmitriev,959,645,-314
Uruphong Raksasad,459,145,-314
Elizabeth Blake-Thomas,3214,2900,-314
Murali Nair,645,330,-315
Abdellatif Abdelhamid,382,67,-315
Suraj,2307,1992,-315
Robert Child,514,198,-316
Yves Hanchar,1275,959,-316
Aleksandr Proshkin,634,318,-316
Takashi Kubota,612,296,-316
Takefumi Tsutsui,1212,895,-317
Yariv Mozer,803,486,-317
Hiner Saleem,2457,2140,-317
Silvio Tendler,398,81,-317
Giuseppe Ferlito,465,147,-318
Vadim Jendreyko,1650,1332,-318
Tommy Wai-Tak Lor,479,160,-319
Franco Battiato,1385,1066,-319
Erik Baláz,405,86,-319
Jamie Adams,1103,784,-319
Om Sai Prakash,365,45,-320
César del Álamo,589,269,-320
Lisa Gottlieb,1610,1290,-320
Bogdan Theodor Olteanu,1990,1670,-320
Louis-Do de Lencquesaing,1000,680,-320
Steve Sayre,575,255,-320
Nick Cheung,1855,1535,-320
Stanislav Donchev,1772,1450,-322
Sai Paranjpye,810,488,-322
Richard Pepin,2732,2410,-322
Sachi Hamano,400,77,-323
Kirill Pletnyov,2043,1720,-323
Joe Hollow,1258,935,-323
Toka McBaror,438,114,-324
Audrey Estrougo,922,598,-324
Erlingur Thoroddsen,5940,5615,-325
Urs Odermatt,865,540,-325
Alain Cavalier,850,525,-325
Eisaku Kawanami,1189,863,-326
Haofeng Xu,3365,3038,-327
Frank Van Passel,3450,3122,-328
Tony Au,670,341,-329
Pablo Moreno,974,645,-329
Shintarô Ashizuka,610,280,-330
Jeffrey Chiang,386,56,-330
Chris Good Goodwin,623,293,-330
Andreas Dalsgaard,505,175,-330
Jalal Merhi,785,455,-330
Michael Sturminger,1630,1300,-330
Tong Xu,544,213,-331
Deepak Balraj Vij,497,165,-332
Richard Martini,560,228,-332
Salvatore Mereu,1355,1023,-332
Douglas Wolfsperger,382,49,-333
Robert McGinley,970,636,-334
Ly Hai,410,75,-335
Stanislaw Mucha,755,420,-335
Fabrício Bittar,9135,8800,-335
David Wall,2293,1957,-336
Michael McNamara,496,160,-336
Scott Michell,1850,1514,-336
Ja-kwan Kong,691,355,-336
Threes Anna,1375,1038,-337
Klaus Maria Brandauer,970,631,-339
Wiktor Ericsson,2565,2225,-340
Roland Sejko,365,25,-340
James Becket,1155,815,-340
Jorge Pelicano,1302,962,-340
Arata Ôshima,640,300,-340
Andres Puustusmaa,905,565,-340
Carlos Siguion-Reyna,600,259,-341
Harikumar,525,184,-341
Jérôme de Missolz,551,210,-341
Raja Chanda,1198,856,-342
Jeremiah Cullinane,505,163,-342
Paul Duane,525,183,-342
Eduardo Castrillo,952,610,-342
Dani Kouyaté,880,537,-343
Sergei Ovcharov,897,554,-343
Steven M. Smith,2052,1709,-343
Yuan Zhang,818,475,-343
Thomas De Thier,975,631,-344
Stephen Gaffney,1168,824,-344
Rajib Biswas,1886,1542,-344
Carl T. Evans,1500,1155,-345
David Schmoeller,1965,1620,-345
Greg Tiernan,2055,1710,-345
Thomas Extreme Cinemagore,775,430,-345
Ildikó Szabó,710,364,-346
Przemyslaw Wojcieszek,696,350,-346
Tom Hines,1187,840,-347
Francisco Laresgoiti,1990,1643,-347
Martina Kudlácek,917,570,-347
Wyatt McDill,1423,1075,-348
Seth A Smith,2243,1895,-348
Ravindra Peepat,561,213,-348
Jonathan Tammuz,1050,702,-348
Yan Cui,645,297,-348
Duccio Chiarini,2250,1901,-349
Lance Rivera,16990,16640,-350
T.L. Lankford,1330,980,-350
Gillian Armstrong,2375,2025,-350
Donku Lee,649,298,-351
Nikos Panayotopoulos,928,576,-352
Bobby Sheehan,711,359,-352
Martin Repka,475,123,-352
Luigi Cozzi,670,317,-353
Ghassan Salhab,394,40,-354
Tim Toidze,725,371,-354
Nhat Trung,605,250,-355
Nathan Ambrosioni,1256,900,-356
Miguel Gaudêncio,623,267,-356
Robert Fischer,470,114,-356
Vanessa Gould,4296,3940,-356
Sanjeewa Pushpakumara,886,530,-356
Hun Kim,750,390,-360
José Antonio Quirós,945,584,-361
Hiroyuki Oki,437,76,-361
Jon Moritsugu,1666,1305,-361
Isild Le Besco,1080,718,-362
Martijn Smits,1165,802,-363
Yun-Chan Lee,949,585,-364
Jean-Charles Hue,1149,785,-364
Pang Eun-jin,6415,6050,-365
Max Zunino,805,440,-365
Georges Hachem,2060,1695,-365
Jan Troell,4630,4265,-365
Kôhei Oguri,1985,1619,-366
Liz Mermin,557,191,-366
Carlos Almón Muñoz,570,203,-367
Marcos Loayza,800,433,-367
Howard J. Ford,2685,2318,-367
Suri Krishnamma,5925,5558,-367
Hung-Wei Yeh,535,167,-368
Albert Magnoli,4430,4060,-370
Tim Southam,1985,1614,-371
Sam Firstenberg,1626,1255,-371
Ivan Nichev,953,581,-372
Col Spector,1550,1178,-372
Zhou Sun,662,290,-372
Ash Christian,2996,2624,-372
Phillip Ko,459,87,-372
Emmanuel Itier,1135,762,-373
Tom Whitus,1103,730,-373
Christine Edzard,635,261,-374
Alec Mills,2817,2443,-374
Alan Swyer,1100,726,-374
Najwa Najjar,1520,1145,-375
Coco Martin,1005,630,-375
Sanjay Soorkar,548,172,-376
Ying Ning,650,273,-377
Russell Gannon,1700,1323,-377
Darcy Weir,1019,642,-377
Natasha Arthy,3195,2818,-377
Paul T.T. Easter,715,337,-378
Abby Epstein,4464,4085,-379
Mark Schlichter,1015,635,-380
Steven Esteb,1148,768,-380
Gang Xia,418,38,-380
Jason Xenopoulos,1255,875,-380
Shupeng Yang,1007,626,-381
Peter Monsaert,3549,3168,-381
Georges Chamchoum,1394,1013,-381
Yi-chi Lien,1435,1053,-382
Gerald Fox,519,137,-382
Bruce Koehler,2911,2529,-382
Antonio Bido,1955,1573,-382
George Gittoes,563,180,-383
Dominik Wessely,636,252,-384
Jean-Marie Téno,489,105,-384
Coco Schrijber,970,585,-385
Vincent Soberano,780,395,-385
Bas Devos,2545,2160,-385
Edgard Navarro,1190,805,-385
Michel Poulette,2915,2530,-385
Shahram Alidi,955,568,-387
Mark Jackson,4182,3795,-387
S.V. Rajendra Singh Babu,474,87,-387
Viji Thampi,1000,612,-388
Richard Wolstencroft,490,101,-389
Eugenio Polgovsky,491,102,-389
Christian Theede,869,480,-389
Cole S. McKay,1125,735,-390
Doris Dörrie,1250,860,-390
Cho-Sin Jung,1637,1246,-391
Michael Brown,641,250,-391
Jon Jacobs,2930,2539,-391
Johnnie To,1116,725,-391
David Heavener,1405,1013,-392
Nikos Koundouros,582,190,-392
Hestu Saputra,496,104,-392
Richard Mogg,592,199,-393
Pedro Olea,1714,1321,-393
Dag Johan Haugerud,2634,2240,-394
Angelo Jurkas,665,271,-394
Ivan Fíla,2490,2095,-395
Roze,3745,3350,-395
Bernd Sahling,670,275,-395
Matt Bissonnette,3290,2895,-395
Hugh Hudson,15780,15385,-395
Steven Salgado,715,319,-396
Leo Lee,666,270,-396
Partho Ghosh,563,165,-398
Majid Barzegar,650,252,-398
James Glenn Dudelson,1162,764,-398
Sanjay Rawal,1566,1167,-399
Hugo Carvana,1077,677,-400
Taku Shinjô,1651,1251,-400
Johnny O'Reilly,2030,1630,-400
Alexandra Pelosi,1120,720,-400
Vincent Kok,998,596,-402
Dain Said,2755,2353,-402
Aleksey Rudakov,661,258,-403
Kriv Stenders,1047,644,-403
Péter Gothár,785,382,-403
Kaspar Astrup Schröder,782,378,-404
Xaver Schwarzenberger,524,120,-404
Nawfel Saheb-Ettaba,550,145,-405
Robert Houston,1270,864,-406
Bingjian Liu,497,90,-407
John Schneider,1227,820,-407
Don Askarian,561,154,-407
Phil Leirness,748,340,-408
Matthew A. Peters,479,71,-408
Selim Evci,1740,1331,-409
Steve Collins,1224,815,-409
Naghi Nemati,630,221,-409
Joston Theney,1303,894,-409
Rodrigo Aragão,1899,1489,-410
Vittorio Rambaldi,2190,1780,-410
Dylan Verrechia,447,36,-411
John Leslie,649,238,-411
Fernando Spiner,1075,663,-412
Ty Hodges,3277,2865,-412
Fatmir Koçi,679,266,-413
Gustavo Vinagre,1035,622,-413
Mohammad Ali Talebi,900,486,-414
David Huey,839,425,-414
Shu Lea Cheang,1100,685,-415
Julien Leclercq,14890,14475,-415
Huayang Fu,894,479,-415
Alessandro Comodin,1245,830,-415
Srdjan Sarenac,1080,664,-416
John Sjogren,533,117,-416
Salvatore Piscicelli,655,239,-416
Ryuta Tasaki,882,465,-417
Arvo Iho,1122,704,-418
Scott Chambers,7740,7322,-418
Zulfikar Musakov,634,215,-419
Osamu Fukutani,1477,1058,-419
Raphaël Nadjari,700,280,-420
Aline Issermann,880,460,-420
Terrell Lamont,1060,640,-420
Mira Fornay,825,405,-420
Annekatrin Hendel,679,259,-420
Robin Christian,956,535,-421
Len Kabasinski,963,541,-422
Jean-Pierre Mocky,555,133,-422
Marion Hänsel,462,40,-422
Christian De Sica,1460,1037,-423
Sean Garrity,1374,950,-424
Marius Barna,512,88,-424
Francesco Nuti,1502,1077,-425
Marius Vaysberg,4585,4160,-425
Thiru,3119,2693,-426
Kiran Kolarov,1411,984,-427
William Gove,2195,1768,-427
Patrick Rea,6668,6240,-428
Melanie Orr,3137,2707,-430
Eros D'Antona,1840,1410,-430
Kazuo Hara,570,138,-432
Paul Davids,1435,1002,-433
Hiroshi Sugawara,499,66,-433
Daryush Shokof,1474,1040,-434
Geon-yong Park,1725,1290,-435
Boris Paval Conen,1885,1450,-435
Sean Donohue,1160,725,-435
Murilo Salles,1622,1186,-436
Sergio Sánchez Suárez,870,432,-438
Jacob Bitsch,1408,970,-438
Kentarô Moriya,693,255,-438
K.K. Haridas,570,131,-439
Seijun Suzuki,4524,4085,-439
Jean-Jacques Zilbermann,1650,1210,-440
Johan Vandewoestijne,668,228,-440
Min-Yong Lee,610,170,-440
Sabina Guzzanti,3871,3430,-441
René Vilbre,2300,1859,-441
Robert Mugge,628,187,-441
Shinji Sômai,1770,1329,-441
Behruz Afkhami,2130,1688,-442
Marco Pollini,835,393,-442
Greg MacGillivray,1353,910,-443
Lawrence Fajardo,531,87,-444
Juan Andrés Arango Garcia,1940,1496,-444
Thanadol Nualsuth,885,441,-444
Monti Parungao,574,130,-444
Frank Shields,990,546,-444
Luca Viotto,1200,755,-445
Arturo Sotto Díaz,560,112,-448
Alireza Davoudnejad,1085,636,-449
Alejo Moguillansky,875,425,-450
Adam Ahlbrandt,1600,1150,-450
Peter Ringgaard,930,480,-450
Khosro Masumi,877,427,-450
Max Jacoby,585,135,-450
Alessandro Angelini,1460,1010,-450
Eduardo Rossoff,620,170,-450
Eduard Cortés,5615,5164,-451
Crisaldo Pablo,570,118,-452
Ken Wardrop,847,395,-452
Micha X. Peled,2593,2141,-452
John Real,1610,1156,-454
Jochen Hick,838,384,-454
Hans Somers,1645,1188,-457
Adam Lipsius,8730,8273,-457
Jill Wong,788,331,-457
T. Santhosh,4174,3715,-459
Dino Risi,965,505,-460
Mona J. Hoel,1188,728,-460
Dagmar Seume,1295,835,-460
Jade Castro,845,385,-460
Hirobumi Watanabe,911,451,-460
Sharmeen Obaid-Chinoy,1220,760,-460
Jean-Pierre Bekolo,505,45,-460
Gregory Marquette,3220,2759,-461
Jessica Oreck,1135,674,-461
Nahid Persson,1601,1140,-461
Ziska Riemann,1509,1047,-462
Jean Marboeuf,1132,670,-462
Joe Davison,843,380,-463
David Rodriguez,2880,2417,-463
Vincent Monnikendam,895,431,-464
Yoshinari Nishikôri,787,323,-464
Seiji Kishi,2385,1920,-465
Adrian Garcia Bogliano,1600,1135,-465
Yasuhiro Kawamura,1640,1174,-466
Ricki Hostutler,940,472,-468
Bernard Émond,1153,685,-468
Paul Devlin,1049,580,-469
Sam Irvin,2230,1760,-470
Anna van der Heide,2835,2365,-470
A. Kodandarami Reddy,1081,608,-473
Om Prakash Rao,614,141,-473
Alejandro González Padilla,880,407,-473
Xuechang Lu,1063,588,-475
Nathan Hill,767,292,-475
Chui Mui Tan,665,190,-475
Armando Bo,8385,7910,-475
Jan Jakub Kolski,1186,710,-476
José Fonseca e Costa,959,482,-477
Andreas Koefoed,763,285,-478
Kentarô Ohtani,607,128,-479
Wataru Takahashi,2190,1710,-480
Darezhan Omirbayev,1590,1110,-480
Melody Gilbert,604,123,-481
Harris Done,1045,564,-481
Jac Avila,731,250,-481
Makoto Tanaka,881,400,-481
Philippe de Pierpont,670,188,-482
Mike Tristano,695,213,-482
Babak Jalali,1307,825,-482
Alfonso Rodríguez,1000,517,-483
Barbara Hammer,701,218,-483
Juan Carlos Valdivia,870,387,-483
Fiona Mackenzie,1120,635,-485
Thangar Bachan,847,362,-485
Ahmad Amini,1005,520,-485
Marco Del Fiol,1952,1467,-485
André Velts,1027,541,-486
Grant Austin Waldman,2168,1682,-486
Amir Hossein Saghafi,937,450,-487
Buddhadev Dasgupta,713,226,-487
Jesús Ponce,684,197,-487
Jie Hao,936,447,-489
Danial Hajibarat,1155,665,-490
Franco Piavoli,1970,1480,-490
Suzanne Crocker,810,320,-490
Wang Chuan,1110,620,-490
Alina Marazzi,1060,570,-490
Joaquim Sapinho,1041,550,-491
Shadi Ali,1326,834,-492
Girish Kasaravalli,722,230,-492
Tamae Garateguy,625,133,-492
André Schäfer,705,212,-493
Guy Norris,2855,2362,-493
José Luis Garci,4943,4450,-493
Anatoly Eyramdzhan,587,93,-494
John Depew,999,505,-494
Mahmoud Kamel,1065,571,-494
Deok Noh,3230,2735,-495
Strathford Hamilton,1760,1265,-495
Scott P. Levy,1605,1110,-495
Janez Burger,2060,1565,-495
Siva Nageshwara Rao,669,174,-495
Marcy Ronen,1636,1141,-495
Olivier Meyrou,999,503,-496
Owen Alik Shahadah,853,353,-500
Péter Hegedüs,680,179,-501
Scott D. Goldstein,1505,1004,-501
Matt Jaissle,967,465,-502
Archie Hekagery,2050,1546,-504
Osman Ali,687,183,-504
Peter Kahane,1470,966,-504
Yahya Alabdallah,559,55,-504
Michael Whyte,1595,1091,-504
James David Pasternak,1600,1095,-505
Zelimir Zilnik,665,160,-505
Pasquale Scimeca,739,233,-506
Dorothée Van Den Berghe,2823,2316,-507
Dennis Satin,1495,987,-508
Martin Miehe-Renard,1143,635,-508
Larry Brand,1369,860,-509
Michele Mally,1210,700,-510
Gemma Atwal,1915,1405,-510
Adolf Zika,785,275,-510
Damon Vignale,1223,713,-510
Grigoriy Konstantinopolskiy,1340,829,-511
Tarek Abd Elmoaty,739,228,-511
Keitarô Motonaga,5361,4850,-511
José María Cabral,1411,900,-511
Fabrizio Prada,595,84,-511
Tommy Avallone,2968,2456,-512
Masatoshi Yamaguchi,1122,610,-512
Joselito Altarejos,589,77,-512
Lee Librado,782,269,-513
Richard Griffin,841,328,-513
Sylvestre Amoussou,605,91,-514
Art Camacho,2065,1551,-514
Javier Corcuera,856,341,-515
Iván Mora Manzano,705,190,-515
Jean-Loup Hubert,1360,845,-515
Jared P. Scott,1280,765,-515
Adela Peeva,680,165,-515
Gopichand Malineni,3555,3040,-515
Deva Katta,8788,8270,-518
Lluís Miñarro,1404,885,-519
Lírio Ferreira,1916,1397,-519
Francis Leroi,2725,2205,-520
Keren Ben Rafael,1245,725,-520
Celina Murga,1795,1275,-520
Peter Maris,2028,1506,-522
Salomé Lamas,807,285,-522
Felipe Martínez Amador,1244,720,-524
Evgeniy Pashkevich,800,276,-524
Victoria Muspratt,1500,975,-525
Isabelle Broué,2770,2245,-525
Billy Chan,665,139,-526
Jason Bourque,2082,1555,-527
Amit Dutta,769,242,-527
Loki Mulholland,664,137,-527
Evans Chan,780,253,-527
Blake Calhoun,1524,996,-528
Lal Jose,3278,2749,-529
Paul Cowan,854,325,-529
Paul Cox,945,415,-530
André Ristum,1283,752,-531
Artemio Narro,1560,1028,-532
Yazhou Yang,1135,603,-532
Vicente Peñarrocha,1194,662,-532
Sonja Heiss,2667,2135,-532
Armin Kurasz,1205,673,-532
Pepe Danquart,932,398,-534
Kseniya Zueva,644,110,-534
Christine Hartmann,2140,1605,-535
Didier Le Pêcheur,2530,1995,-535
Frank Pérez-Garland,692,156,-536
Ruel S. Bayani,1156,620,-536
Norberto Ramos del Val,1142,606,-536
Sharon Bar-Ziv,820,284,-536
Miroslav Krobot,1390,853,-537
Julia C. Kaiser,1402,865,-537
Ramzi Abed,710,172,-538
Luca Damiano,630,92,-538
Dinesh Babu,661,122,-539
Vallo Toomla,2845,2305,-540
Govind Nihalani,720,180,-540
Joseph Mbah,2350,1810,-540
Kensaku Watanabe,652,110,-542
Esther Gronenborn,2355,1813,-542
Leonardo Corbucci,627,84,-543
Kentucker Audley,940,397,-543
Daniel Millican,1633,1088,-545
José Luis Gutiérrez Arias,732,186,-546
Giulio De Santi,5995,5448,-547
Daniel Augusto,3475,2928,-547
Jean Bodon,835,288,-547
Tony Palmer,770,223,-547
Ramón Gieling,877,328,-549
Wolfgang Panzer,1280,731,-549
Jørn Faurschou,1830,1280,-550
Caroline Strubbe,990,440,-550
Miguel Santesmases,1178,628,-550
Alan G. Parker,2630,2079,-551
Jamie Patterson,1990,1439,-551
Robert Quebral,1535,983,-552
Hisham Zaman,1837,1285,-552
Uli M. Schüppel,627,74,-553
Sudhir Mishra,11075,10522,-553
Eric Tsang,1200,646,-554
Radoslav Spassov,2496,1942,-554
Valérie Massadian,2015,1460,-555
Richard Berry,2175,1619,-556
Uisenma Borchu,1126,570,-556
Hayden J. Weal,2795,2235,-560
Ignacio Ortiz,759,199,-560
Yossi Madmoni,1225,665,-560
Lamberto Bava,4810,4250,-560
Cheyenne Carron,628,68,-560
Steven L. Austin,1370,809,-561
Eric Valli,1445,883,-562
Petra Haffter,1480,917,-563
Ivan Cardoso,863,299,-564
Akiyuki Shinbô,2970,2405,-565
Harvey Keith,1700,1132,-568
Khadija Al-Salami,2885,2316,-569
Jacco Groen,1158,589,-569
Jian Yong Guo,1060,490,-570
Laila Pakalnina,995,425,-570
Seyi Babatope,710,139,-571
Aleksandr Mindadze,1201,630,-571
Calum Waddell,1156,584,-572
Evan Georgiades,2920,2348,-572
Hung-Wah Leung,669,97,-572
Ricardo Arnaiz,3420,2846,-574
Valdís Óskarsdóttir,2175,1600,-575
Antonio Nuic,2690,2114,-576
Félix Viscarret,2620,2044,-576
Rodrigo Areias,887,310,-577
Wing-Kin Yip,1403,825,-578
Chalerm Wongpim,620,41,-579
Tze-Chung Lam,715,134,-581
Karel Kachyna,1535,953,-582
Stuart Stone,2642,2060,-582
Nadeem Soumah,2114,1530,-584
Ruth Caudeli,1100,516,-584
Joe Chien,1166,580,-586
Michael Rubbo,1650,1064,-586
Laura Morante,1980,1390,-590
Cory Udler,805,214,-591
Ardak Amirkulov,735,144,-591
Pat Higgins,1193,602,-591
Michaël Cohen,1385,793,-592
Moacyr Góes,1611,1019,-592
Jann Turner,1988,1395,-593
Rosane Svartman,1339,746,-593
Amos Kollek,905,311,-594
Fredi 'Kruga' Nwaka,1495,901,-594
Cirio H. Santiago,1433,838,-595
Les Blair,1145,550,-595
Ben Lewis,872,277,-595
Hannes Michael Schalle,1105,510,-595
Radim Spacek,1225,630,-595
Santiago Fernández Calvete,892,296,-596
Mario Bianchi,656,59,-597
Sergey Bukovsky,750,152,-598
Shigeaki Kubo,3067,2469,-598
Dustin Mills,1137,538,-599
James Crump,1485,886,-599
Ho Yim,3445,2846,-599
Raúl Fuentes,785,185,-600
Hee-joon Park,780,180,-600
Wonsuk Chin,2965,2363,-602
Pete Jacelone,712,110,-602
Lal,2890,2288,-602
Hassan Yektapanah,1020,417,-603
Paulo Thiago,849,246,-603
Lionel Bailliu,4100,3497,-603
Samanou Acheche Sahlstrøm,1405,800,-605
Miguel Cohan,5190,4585,-605
Stephen Savage,990,385,-605
Elias,4960,4355,-605
Alexander Hahn,860,252,-608
Mike Lyddon,2155,1547,-608
Paul Freedman,1050,441,-609
Shun Nakahara,1095,485,-610
Atsushi Funahashi,776,166,-610
Robert Gaston,2095,1484,-611
Dou Xiao,1160,549,-611
Christine Parker,829,218,-611
Eliav Lilti,1060,448,-612
Paul Hills,1844,1231,-613
Robert Clem,1445,831,-614
Ramsey Denison,1865,1250,-615
Diego Lerman,4460,3845,-615
Kelley Cauthen,1715,1100,-615
Jean-Paul Jaud,785,170,-615
Namewee,1270,655,-615
Jean-Charles Fitoussi,757,141,-616
Jean-François Davy,1150,532,-618
Tao Peng,695,76,-619
Jane Spencer,1019,400,-619
Alan Berliner,2285,1666,-619
Sylvain Guy,2250,1630,-620
Pascal Thomas,1610,989,-621
Dusan Klein,1086,465,-621
María Victoria Menis,929,308,-621
Zhenzhao Lin,1567,945,-622
Glen Kirby,4400,3776,-624
Ryosuke Hashiguchi,1865,1240,-625
Arthur Joffé,1080,455,-625
Venu Nagavalli,1453,827,-626
Mandeep Benipal,1087,460,-627
Frank Perozo,1862,1235,-627
Alberto Lecchi,1009,381,-628
Xixi Gao,1395,766,-629
Lina Wertmüller,1380,750,-630
Nasser Refaie,865,234,-631
Ruslan Akun,759,125,-634
Johny Antony,4129,3495,-634
P.J. Posner,1920,1285,-635
Anatol Schuster,1345,710,-635
Domingos de Oliveira,942,307,-635
Brian K. Williams,3053,2417,-636
Bijukumar Damodaran,961,325,-636
Kai-Cheung Chung,791,155,-636
Stéphanie Pillonca,1140,504,-636
Brent Florence,1124,488,-636
Vladimir Potapov,779,143,-636
Iraj Ghaderi,906,268,-638
Megan Wennberg,1224,585,-639
Rafa Lara,935,295,-640
Jiska Rickels,1105,464,-641
Francesco Patierno,1369,727,-642
Laurent Heynemann,1807,1165,-642
Frank Harris,2085,1443,-642
David Blyth,2265,1622,-643
Dragoslav Lazic,1634,990,-644
Jim McBride,4025,3380,-645
Anne Depétrini,2825,2180,-645
Tim Greene,870,224,-646
Laurits Flensted-Jensen,1710,1064,-646
Antonello Belluco,1025,378,-647
Ruy Guerra,900,252,-648
Jordan Alan,1240,590,-650
Igor Voloshin,2260,1610,-650
Alex Tsitsilin,12560,11910,-650
Conor Horgan,2555,1905,-650
Jeremy Stanford,4310,3658,-652
Charlotte Blom,2922,2270,-652
Roman Cheung,3325,2671,-654
Edward Payson,1567,913,-654
Dominic Brunt,4009,3355,-654
David Wu,1249,595,-654
Andrei Gruzsniczki,1723,1068,-655
Cheol-kwan Park,1770,1115,-655
Neven Hitrec,960,303,-657
Ari Novak,1170,513,-657
Abu Sayeed,806,149,-657
Satoru Hirohara,1495,837,-658
Juan Camilo Pinzón,764,105,-659
Dong-yeob Shin,1060,400,-660
Ya-chuan Hsiao,2481,1820,-661
Kira Muratova,2097,1435,-662
Ian Fitzgibbon,4984,4322,-662
Milutin Petrovic,835,173,-662
Akira Ogata,1110,448,-662
Paul Bright,768,105,-663
Gary Tarn,2080,1416,-664
Tim McCanlies,13005,12340,-665
Mike Hill,732,67,-665
Eric Lavaine,6340,5675,-665
Rosendo Ruíz,724,58,-666
Casey Tebo,2169,1503,-666
Grethe Bøe-Waal,1105,435,-670
Erin Berry,1590,918,-672
Ju-hyoung Lee,1905,1233,-672
Andrew Blake,1360,687,-673
Antonio Bonifacio,880,206,-674
Jong-won Park,1300,626,-674
Shunsuke Tada,1215,540,-675
Neus Ballús,1770,1095,-675
Sandra Werneck,3030,2354,-676
Leticia Tonos,885,209,-676
Mahesh Babu,796,118,-678
Ishai Setton,7740,7062,-678
Dénes Orosz,4825,4145,-680
Joey Lever,2365,1685,-680
Yossi Aviram,1375,694,-681
Felix Moeller,1425,743,-682
Scott Noble,775,92,-683
John Shea,5975,5290,-685
Lucifer Valentine,5040,4355,-685
Puttipong Pormsaka Na-Sakonnakorn,847,160,-687
Eliane Caffé,3598,2910,-688
Bart van Leemputten,1024,335,-689
Jerzy Stuhr,2810,2121,-689
Hossein FarahBakhsh,1654,964,-690
Yavuz Özkan,1271,580,-691
Jianbin Chen,3440,2748,-692
Francesco Gasperoni,3595,2903,-692
Sam Anton,4888,4192,-696
Élie Chouraqui,1403,707,-696
Mircea Daneliuc,1342,645,-697
Hanny Saputra,1169,471,-698
Alessandro Benvenuti,1023,325,-698
Philip Goodhew,4120,3420,-700
Stavros Kazantzidis,2267,1567,-700
Jin-soo Noh,1155,455,-700
Analeine Cal y Mayor,3690,2990,-700
Peter Del Monte,1261,560,-701
Sandra Gugliotta,1370,669,-701
Rick Ray,3093,2391,-702
Parvez Sharma,3575,2871,-704
Chartchai Ketnust,929,225,-704
Roger Cardinal,1328,624,-704
Christopher R. Mihm,945,240,-705
Erik Clausen,2373,1667,-706
Joey Travolta,1590,883,-707
Mariano Llinás,4812,4105,-707
Masataka Ichimi,2820,2112,-708
Claude-Michel Rome,3670,2962,-708
Sebastiano Riso,1805,1095,-710
Claes Olsson,1656,945,-711
Sang-hoon Choi,820,108,-712
David Worth,3565,2853,-712
Esteban Ramírez,1470,758,-712
Miguel Urrutia,2485,1771,-714
Akram Fareed,1791,1077,-714
Farkhat Sharipov,1040,325,-715
Timo Koivusalo,1925,1209,-716
Jin-seong Kim,1152,436,-716
Talun Hsu,1960,1244,-716
Dejan Acimovic,1215,499,-716
Peter Curtis Pardini,2799,2083,-716
Vicente Alves do Ó,1743,1026,-717
Matthew Harrison,861,142,-719
Atsushi Kaneshige,1136,417,-719
Sunil Kumar Desai,848,129,-719
Emidio Greco,1500,779,-721
Jan Haft,1230,509,-721
Roger A. Fratter,769,48,-721
Tony Mendoza,1029,307,-722
James Benning,899,177,-722
Charlie Minn,1013,290,-723
Charlotte Silvera,1405,682,-723
Manuel Iborra,1097,373,-724
Sachin Pilgaonkar,923,199,-724
Michel Qissi,1440,715,-725
Andrew Chiaramonte,1170,445,-725
Chris Newby,2285,1560,-725
Nicholas Kalikow,3900,3174,-726
Ismail Günes,2596,1869,-727
Juan Cavestany,2674,1947,-727
Jesse Low,3782,3053,-729
Maarit Lalli,3230,2500,-730
Edgar Marie,1880,1150,-730
Kazuyoshi Kumakiri,3049,2318,-731
Claude Lanzmann,1232,500,-732
Phil Agland,3735,3003,-732
François Armanet,1345,610,-735
Eva Isaksen,6051,5316,-735
Philip Haas,5181,4445,-736
Jim Fitzpatrick,9091,8355,-736
Miguel Albaladejo,2470,1732,-738
Metod Pevec,1131,392,-739
Anees Bazmee,15004,14265,-739
Teddy Robin Kwan,885,145,-740
Basu Chatterjee,906,163,-743
Michael Karen,5435,4692,-743
Christian Philibert,1530,787,-743
John Gianvito,1170,425,-745
Carlos Avila,3717,2972,-745
Michael Bergmann,869,123,-746
Khaled Youssef,2202,1455,-747
Don Hertzfeldt,2262,1515,-747
Paul Mercier,1228,480,-748
Soheil Beiraghi,6520,5771,-749
Stephen Kijak,3551,2800,-751
James Balsamo,831,80,-751
Darko Lungulov,3296,2545,-751
Stephen Marshall,2366,1614,-752
Karl Slovin,2810,2057,-753
Shahed Ahmadloo,1062,308,-754
David Stoten,2590,1835,-755
Seung-jun Yi,1307,551,-756
Yôichi Higashi,968,211,-757
Francisco Manso,985,226,-759
Federico Veiroj,2370,1610,-760
Jamal Hill,2945,2185,-760
Kevin Connor,2610,1844,-766
Ivan Ikic,2573,1805,-768
Erik Leijonborg,3102,2333,-769
Paulo Rocha,995,226,-769
Douglas Elford-Argent,1387,618,-769
Kaizad Gustad,4904,4135,-769
Sophie Dupuis,2925,2155,-770
Alejo Flah,4390,3620,-770
Susumu Mitsunaka,1667,895,-772
Colin Theys,2397,1625,-772
Jon Sanders,1160,388,-772
Ali Ahmadzadeh,2813,2039,-774
Branko Istvancic,1280,506,-774
Matt Riddlehoover,3469,2695,-774
Roberto Monticello,920,145,-775
Park Jung-bum,1005,229,-776
Semir Aslanyürek,2066,1290,-776
Clifton Ko,1072,295,-777
Emmanuel Bourdieu,1313,535,-778
Marisa Sistach,1444,665,-779
Neeraj Pathak,4474,3694,-780
Rafael Lewandowski,3940,3160,-780
Vladimír Michálek,1241,459,-782
Dante Tomaselli,4185,3402,-783
A.D. Calvo,3940,3157,-783
Andrey Eshpay,1070,286,-784
Menahem Golan,1105,318,-787
Igor Kalyonov,2645,1858,-787
Clark Brandon,2196,1409,-787
Bruce Weber,1207,418,-789
Richard Elfman,1155,364,-791
Jeff Lipsky,1230,435,-795
Jelle de Jonge,7380,6585,-795
Ming Zhang,890,95,-795
Saara Cantell,1199,402,-797
Johnny Tabor,5030,4230,-800
Hesham Issawi,1392,591,-801
Darren Wilson,1871,1070,-801
Alfred Cheung,1274,473,-801
Inigo Westmeier,1415,614,-801
Rudi Aryanto,1290,489,-801
Eduardo Montes-Bradley,850,48,-802
Roberto Artiagoitía,1991,1188,-803
Philippe Mora,1005,202,-803
Ataru Oikawa,2095,1291,-804
Julio Hernández Cordón,1001,195,-806
Young-doo Oh,1430,622,-808
Steven Oritt,2619,1811,-808
Sergey Debizhev,877,68,-809
Ivano De Matteo,2598,1788,-810
Irene Villamor,1665,855,-810
Ilan Duran Cohen,2396,1585,-811
Millicent Shelton,4160,3348,-812
Taylor Steele,1018,206,-812
John Orrichio,1138,325,-813
Lucas Reiner,4225,3412,-813
Junichi Suzuki,1062,248,-814
Linda Yellen,2120,1304,-816
Brett Simmons,32216,31400,-816
Manolo Nieto,1375,555,-820
Hélène Fillières,3110,2290,-820
Paul Breuls,3560,2740,-820
Mark A. Lewis,26700,25878,-822
Yusheng Tian,1705,880,-825
Carl Medland,1554,729,-825
Lior Shamriz,1055,230,-825
Mark Duffield,4275,3449,-826
Razka Robby Ertanto,2242,1415,-827
Antonio Capuano,1135,306,-829
Connie Macatuno,1446,617,-829
Sam Curtain,2965,2135,-830
Zdenek Jiráský,1045,215,-830
Janis Streics,1715,884,-831
Quentin Krog,1470,638,-832
Manuel Gómez Pereira,1790,957,-833
Dani Menkin,1101,268,-833
Michael Kennedy,2638,1805,-833
Andrew Lane,1895,1061,-834
Damien Odoul,2155,1320,-835
Rosa Vergés,1185,349,-836
Nicole van Kilsdonk,1695,858,-837
K.C. Park,1347,507,-840
Gary King,2776,1935,-841
Ted V. Mikels,1241,399,-842
Mike Ott,1530,686,-844
Jason Hull,4204,3360,-844
Chris Sivertson,14500,13655,-845
William Winckler,930,84,-846
Seok-beom Kang,1540,693,-847
Robert Thalheim,3374,2525,-849
Julien Rambaldi,2230,1380,-850
J.J. Johnson,1740,890,-850
Jean-Louis Daniel,1285,435,-850
Ragnar Bragason,1942,1090,-852
Bahman Goodarzi,1688,836,-852
Jorge Alí Triana,1735,882,-853
Anthony Pierce,5159,4305,-854
Martin Donovan,2820,1965,-855
Hilda Hidalgo,2570,1714,-856
Peter Delpeut,1211,354,-857
Pascal Plisson,1170,310,-860
Christian Sønderby Jepsen,1270,410,-860
Clara Law,1375,515,-860
Lúcia Murat,1116,255,-861
Bowie Lau,926,62,-864
Tsutomu Mizushima,1925,1061,-864
Paula Hernández,3210,2345,-865
Denis Chernov,2565,1700,-865
Mohamed Al Daradji,2850,1982,-868
Seth Breedlove,1842,973,-869
Marco Danieli,2595,1725,-870
Jianzhong Huang,1279,409,-870
Troy Cook,1125,255,-870
Maggie Kiley,5825,4955,-870
Roberta Torre,1491,619,-872
Nick Stringer,4440,3567,-873
Claudio Poli,1350,475,-875
Masayuki Ochiai,6165,5290,-875
Rob Meyer,11985,11110,-875
Alexander Gentelev,1286,410,-876
Yvan Le Moine,1200,320,-880
Yukio Ninagawa,5200,4320,-880
Matthew Huffman,4500,3618,-882
Alanis Obomsawin,1108,225,-883
Rudi Lagemann,5650,4766,-884
Ryan M. Andrews,1665,781,-884
H. Gordon Boos,2380,1495,-885
Eugenio Cappuccio,1814,929,-885
Bong-han Kim,2775,1890,-885
Taggart Siegel,3240,2355,-885
Pantham Thongsangl,1015,129,-886
T.S. Suresh Babu,1107,221,-886
Cheuk Pan Lee,1213,325,-888
Paul Tomborello,2291,1402,-889
Nick Rotundo,2800,1910,-890
Danny Pang,984,94,-890
Rashaad Ernesto Green,5706,4815,-891
Joel Silberg,5935,5040,-895
Álvaro Sáenz de Heredia,1344,449,-895
Pen-Ek Ratanaruang,3660,2765,-895
Mike Sedan,2112,1216,-896
Rajiv Kumar,1332,436,-896
Xabi Molia,1740,844,-896
Dmitriy Astrakhan,1142,246,-896
Mara Mourão,1332,435,-897
Vincenzo Salemme,2300,1403,-897
Dan Grin,1595,698,-897
Chihiro Ikeda,1536,639,-897
C.L. Hor,1330,430,-900
Jeff Hathcock,1500,598,-902
Eduardo Chapero-Jackson,4595,3692,-903
Benjamin Rider,2304,1400,-904
Christina Kallas,1899,995,-904
Stefan Jarl,1581,673,-908
Giuseppe Andrews,1422,513,-909
Ashwiny Iyer Tiwari,40550,39640,-910
Steven Vasquez,1154,243,-911
Mor Loushy,1315,402,-913
R.V. Udhaya Kumar,2532,1619,-913
Kazuhiro Sôda,1220,305,-915
William Burke,1005,90,-915
Mark Roper,1676,760,-916
Ali Rafie,5336,4420,-916
Anna Matison,1461,544,-917
Varante Soudjian,5034,4116,-918
Edward Boase,4624,3705,-919
Meni Yaish,2385,1465,-920
Beppe Cino,965,45,-920
Shinnosuke Yakuwa,5940,5020,-920
Mari Rantasila,1830,910,-920
Chris Menges,10960,10040,-920
Merzak Allouache,1110,189,-921
Kant Leung,1010,88,-922
Ponram,10967,10045,-922
Daniel Yee Heng Chan,1921,998,-923
Marina Razbezhkina,1155,231,-924
Aaron Mirtes,4085,3161,-924
Finn Taylor,9520,8595,-925
Anders Gustafsson,1890,965,-925
Marcus O. Rosenmüller,1366,440,-926
Patrick Coyle,3655,2728,-927
Jannik Hastrup,1040,110,-930
Yoshimitsu Morita,1832,898,-934
Dan Turner,5170,4236,-934
Mikael Ruttkay Hylin,1125,190,-935
Marion Laine,1740,805,-935
Baba Yadav,2743,1807,-936
Neil Abramson,5522,4585,-937
Jorge Navas,1715,778,-937
Pia Marais,2080,1138,-942
Bakur Bakuradze,1425,483,-942
Jürgen Böttcher,1350,405,-945
Yoshishige Miyake,1225,279,-946
Walter Stokman,1045,99,-946
Phil Wurtzel,2647,1700,-947
Ron Myrick,2500,1551,-949
Jean-Pierre Sinapi,2695,1745,-950
José Alvarenga Jr.,1961,1010,-951
Stelios Kouloglou,1046,94,-952
Leandro Lucchetti,1645,691,-954
Monthon Arayangkoon,2130,1175,-955
Ifa Isfansyah,1279,323,-956
Ineke Smits,1270,314,-956
Adam Yauch,4955,3997,-958
Ere Kokkonen,4230,3272,-958
Paul Osborne,4442,3482,-960
Salvo Cuccia,1150,190,-960
Michel Jetté,2660,1700,-960
Ümit Ünal,8361,7400,-961
Vadim Sokolovsky,5520,4559,-961
Craig McMahon,1922,960,-962
Jean-Michel Roux,1257,293,-964
Peter Ngor,1615,651,-964
Hernán Guerschuny,3475,2510,-965
Vic Sarin,1525,560,-965
Phontharis Chotkijsadarsopon,2323,1355,-968
Kalyan Krishna,5349,4380,-969
Morteza Farshbaf,2010,1041,-969
Andrea Staka,3014,2045,-969
Yamina Benguigui,1860,890,-970
Daric Gates,7410,6440,-970
Polly Draper,6300,5330,-970
Sam Akina,3765,2795,-970
Khaled El Hagar,1320,350,-970
Drew Barnhardt,2715,1743,-972
Davide Marengo,3835,2860,-975
Sonia Sebastián,2280,1304,-976
Kadri Kõusaar,2385,1405,-980
Nanouk Leopold,2657,1675,-982
Sheng Ding,2520,1535,-985
Óscar Ruiz Navia,2390,1405,-985
Kai-Ming Lai,1148,163,-985
Lars Büchel,2361,1374,-987
Rajasenan,1421,434,-987
David DeCoteau,1716,729,-987
Christopher Hines,1196,207,-989
Christoph Stark,1910,920,-990
Tamra Davis,13425,12435,-990
Doug Orchard,1256,265,-991
Oxide Chun Pang,1043,51,-992
Joe Cacaci,2260,1268,-992
Oleg Asadulin,1860,866,-994
Jagoda Szelc,3515,2520,-995
Monica Stambrini,1995,996,-999
Bill McAdams Jr.,1215,215,-1000
Gilles de Maistre,1185,185,-1000
Makoto Shinozaki,1121,120,-1001
Markku Heikkinen,1043,41,-1002
Kagiso Lediga,2975,1973,-1002
Vincent Monton,1520,516,-1004
Jacob Ennis,1935,930,-1005
Kristine Peterson,2625,1620,-1005
Rich Christiano,2650,1645,-1005
Deryn Warren,2630,1624,-1006
Marcos Zurinaga,4072,3064,-1008
Marco Tullio Giordana,3215,2205,-1010
Aleksandr Strizhenov,5389,4378,-1011
Joey Sylvester,1867,855,-1012
Pere Portabella,2069,1057,-1012
Jose Luis Valle,1551,539,-1012
Travis Bain,1692,680,-1012
Nunzio La Bianca,1915,901,-1014
Eric Civanyan,2246,1230,-1016
Je-hyeon Park,2275,1258,-1017
Arkin Aktaç,3187,2170,-1017
Peter Odiorne,3415,2397,-1018
Lisa Langseth,24835,23815,-1020
Stephen Furst,1370,350,-1020
Paulo Sacramento,1520,499,-1021
Lina Chamie,1212,190,-1022
Ann-Kristin Reyels,1509,485,-1024
Amos Why,1740,716,-1024
Sandrine Bonnaire,2430,1405,-1025
Jonathan Sobol,9720,8695,-1025
Eric Styles,4675,3650,-1025
Jeeva,5348,4322,-1026
Chris Angel,3895,2869,-1026
Tearepa Kahi,1102,75,-1027
Steve Franke,1460,433,-1027
Tim Delmastro,2137,1108,-1029
Shunichi Nagasaki,1558,527,-1031
Edward Berger,2992,1960,-1032
Gi-hoon Jeong,3617,2585,-1032
Bradley Battersby,3100,2068,-1032
Sanal Kumar Sasidharan,2361,1327,-1034
Jeannot Szwarc,3055,2020,-1035
Kari Anne Moe,1530,495,-1035
Éric Besnard,5459,4423,-1036
Jeff Leroy,1512,475,-1037
John Maringouin,4948,3910,-1038
Barry J. Gillis,1555,516,-1039
Beto Brant,2172,1132,-1040
Timothy J. Nelson,1411,371,-1040
Dae-min Park,5480,4440,-1040
Stanley J. Orzel,3375,2331,-1044
Roberto Santiago,1960,916,-1044
Will Harper,1605,560,-1045
Alex Fegan,1698,652,-1046
Anthony Wonke,1722,674,-1048
Karin Babinská,2260,1212,-1048
Bohdan Sláma,2459,1410,-1049
R.K. Selvamani,1170,121,-1049
Paolo Agazzi,1435,385,-1050
Jan Bonny,2275,1223,-1052
Young-seok Noh,2945,1890,-1055
Jon Binkowski,1577,520,-1057
Ksshitij Chaudhary,2384,1325,-1059
Caytha Jentis,3945,2885,-1060
Tomas Masin,2115,1055,-1060
Jonathan Dueck,4315,3255,-1060
John D. Hancock,1551,490,-1061
Pablo Illanes,3425,2363,-1062
Banmei Takahashi,1151,88,-1063
Gina Kim,3589,2525,-1064
Rithy Panh,1590,525,-1065
Stole Popov,4485,3420,-1065
Vince DiPersio,1425,357,-1068
Sulev Keedus,1435,366,-1069
Vyacheslav Krishtofovich,1970,901,-1069
Nikolay Volev,1645,575,-1070
Valentin Thurn,2650,1580,-1070
In-shik Kim,1690,619,-1071
Ishaya Bako,1372,300,-1072
Marc Schmidt,1227,155,-1072
Teong Hin Saw,1695,620,-1075
Chao Wang,1305,230,-1075
Phie Ambo,1204,125,-1079
John A. Gallagher,1645,565,-1080
Péter Szajki,2231,1150,-1081
Anton Sivers,2044,962,-1082
Simone van Dusseldorp,1693,610,-1083
Tim Reid,2633,1548,-1085
Richard Brauer,1263,178,-1085
John Junkerman,1350,265,-1085
Jayan Moodley,2564,1475,-1089
Ludi Boeken,1190,100,-1090
Jaak Kilmi,2535,1444,-1091
Grant Baldwin,3011,1920,-1091
Douglas Schulze,3980,2888,-1092
Laetitia Masson,1495,402,-1093
Orlando Lübbert,5650,4556,-1094
Behnam Behzadi,2498,1404,-1094
Kim Jee-woon,30120,29025,-1095
Luigi Falorni,1140,45,-1095
Warren Dudley,2276,1181,-1095
Hilary Brougher,2440,1345,-1095
Don Boyd,2690,1594,-1096
Vladimir Lert,1430,334,-1096
Leonardo Favio,3085,1989,-1096
Hitoshi Yazaki,1780,683,-1097
Ross McElwee,2299,1200,-1099
Jan Pachl,1434,335,-1099
Rasmus A. Sivertsen,5220,4120,-1100
Cris D'Amato,2327,1227,-1100
Chan-sang Lim,5180,4080,-1100
Joel Paul Reisig,2259,1159,-1100
Igor Zaritzky,3145,2043,-1102
Maya Newell,3412,2310,-1102
Eric Etebari,1763,659,-1104
Kristian Petri,1192,88,-1104
Mark Meily,1440,336,-1104
Rafael Edholm,3605,2501,-1104
Malcolm Clarke,1215,110,-1105
Jean-Claude La Marre,2716,1610,-1106
Auli Mantila,2470,1362,-1108
Isara Nadee,1380,271,-1109
Michael Di Jiacomo,2525,1415,-1110
Mohammad Bakri,1766,654,-1112
Dayyan Eng,6010,4898,-1112
Samudra V.,1368,253,-1115
Amir Valinia,3270,2152,-1118
Zhuangzhuang Tian,3773,2655,-1118
Paolo Zucca,3785,2665,-1120
Alexander Cassini,1880,760,-1120
Sergey A.,1397,277,-1120
Sujit Mondal,2378,1258,-1120
Janne Kuusi,2890,1769,-1121
Doug Dearth,3557,2435,-1122
Carlos Galettini,1568,446,-1122
Omar Shargawi,2150,1028,-1122
Andrey Smirnov,2579,1455,-1124
Manuel Huerga,1315,191,-1124
Raffaele Picchio,2930,1805,-1125
Chucho E. Quintero,1985,860,-1125
Florian Ross,2955,1830,-1125
Ángel Izquierdo,1460,335,-1125
Khalik Allah,1962,834,-1128
Reinert Kiil,3155,2027,-1128
Nina Menkes,1795,667,-1128
Russ Parr,1799,671,-1128
Yosuke Fujita,2858,1730,-1128
Ki-Yong Park,1570,441,-1129
Adirley Queirós,2279,1150,-1129
Lyès Salem,2115,985,-1130
Nacho Garassino,1275,143,-1132
Ron Moler,6245,5110,-1135
Dana Ranga,1210,74,-1136
Whitney Ransick,1975,839,-1136
Charlie David,1295,158,-1137
Eli Cohen,1303,166,-1137
K. Viswanath,1556,418,-1138
Ágúst Guðmundsson,1588,449,-1139
Tony Germinario,3880,2740,-1140
George Mihalka,2025,885,-1140
Jun'ichi Mori,3295,2155,-1140
Daigo Matsui,1270,128,-1142
Goutam Ghose,2146,1004,-1142
Philippe Guillard,3060,1918,-1142
Atsajun Sattakovit,1634,490,-1144
Saiji Yakumo,1584,440,-1144
John Lyde,4545,3400,-1145
Dominique de Rivaz,1800,652,-1148
Adrian Buitenhuis,2955,1805,-1150
Laurent Tuel,2037,885,-1152
Kikuo Kawasaki,2310,1158,-1152
William Tyler Smith,5835,4682,-1153
Rano Karno,1939,783,-1156
Abner Benaim,2220,1060,-1160
Rémi Lange,1240,80,-1160
Christine Pascal,2460,1300,-1160
Olivier Babinet,2150,990,-1160
D. David Morin,1990,829,-1161
Richard Driscoll,1355,191,-1164
Frankie Chan,1290,125,-1165
Georgina Garcia Riedel,3325,2160,-1165
Jung Huh,11870,10705,-1165
Terence Ryan,3130,1965,-1165
Kedar Shinde,1384,216,-1168
Raymond Jafelice,2955,1785,-1170
Masafumi Yamada,1362,189,-1173
Ram Babu Gurung,2038,865,-1173
Brian Jun,3160,1985,-1175
Alessandro Genovesi,6430,5255,-1175
Aleksandr Gordon,1387,210,-1177
Nikos Zapatinas,3149,1971,-1178
Giorgos Georgopoulos,2068,890,-1178
Katarina Launing,1990,810,-1180
Eric Kot,1700,518,-1182
Duane Hopkins,3715,2533,-1182
Otar Iosseliani,2940,1755,-1185
Peter Bratt,4684,3499,-1185
Oliver Murray,2180,992,-1188
Anand Patwardhan,2253,1064,-1189
Justin McConnell,2386,1195,-1191
Kyu-dong Min,1555,361,-1194
Terry McMahon,2114,919,-1195
David Dietl,3245,2049,-1196
Thaddeus O'Sullivan,1830,630,-1200
Patrick Braoudé,2445,1245,-1200
Stefan Krohmer,2407,1206,-1201
Sergio Caballero,3184,1980,-1204
Danny J. Boyle,2169,965,-1204
Jason Winn,2181,976,-1205
Dmitriy Korobkin,3115,1910,-1205
Jason DeVan,6207,4999,-1208
Lynn Hamrick,1656,445,-1211
Francisco J. Lombardi,1425,213,-1212
Aleksandr Mitta,1795,582,-1213
Ezequiel Acuña,1399,185,-1214
Divya Khosla Kumar,18770,17555,-1215
Ryan Bellgardt,3420,2202,-1218
Andrew Wiest,1932,712,-1220
Eamon Hardiman,1455,234,-1221
Chris Dowling,9981,8760,-1221
Niko von Glasow,1420,199,-1221
Juraj Lehotsky,1880,655,-1225
Luca Guadagnino,2490,1265,-1225
Simon Ellis,3150,1924,-1226
Yun-hyeon Jang,2580,1350,-1230
James Ivory,17465,16235,-1230
Adrián Saba,1605,375,-1230
Fendou Liu,1561,329,-1232
Philippe Calderon,2480,1247,-1233
Edoardo Margheriti,1675,441,-1234
Avid Liongoren,2865,1630,-1235
Alison Maclean,2820,1580,-1240
Jamshed Usmonov,2340,1100,-1240
Sabu,4525,3285,-1240
Kevin Tenney,3195,1955,-1240
Rizal Mantovani,2105,863,-1242
Carl Bessai,1644,402,-1242
Samir Seif,1338,95,-1243
Andreas Gruber,1625,380,-1245
Carlo Gustaff,2455,1206,-1249
Paolo Franchi,2500,1250,-1250
Stephen Low,2040,789,-1251
Aash Aaron,2715,1464,-1251
Yu-Hsien Lin,1653,400,-1253
Henry Jaglom,1610,356,-1254
Maja Weiss,1803,547,-1256
Jörn Donner,1663,407,-1256
Johannes Holzhausen,1741,484,-1257
Claus Bjerre,1766,509,-1257
Miguel Ángel Lamata,3333,2075,-1258
Alejandro Chomski,1750,490,-1260
Lyndon Chubbuck,9035,7775,-1260
Claude Duty,2380,1117,-1263
Bruno Oliviero,1530,266,-1264
Nat Christian,1755,491,-1264
Karen Lam,2614,1348,-1266
Fred Peabody,2830,1564,-1266
Marco Martins,11810,10540,-1270
Bill Crain,2240,970,-1270
Michael Adante,1750,480,-1270
John Williams,1350,79,-1271
Giulio Manfredonia,3980,2708,-1272
Lotte Svendsen,1632,360,-1272
Kôji Shiraishi,2073,800,-1273
Miguel Coyula,1535,262,-1273
Dmitriy Fiks,1765,490,-1275
Gary Walkow,2275,1000,-1275
Jean-Claude Brisseau,3035,1760,-1275
Erica Dunton,1491,215,-1276
Ruslan Baltzer,1925,647,-1278
Marilou Berry,3915,2637,-1278
Claude Fournier,1989,711,-1278
Todd Morris,2690,1410,-1280
Hiroshi Takahashi,1738,458,-1280
Sean Cain,2927,1646,-1281
Giada Colagrande,1820,538,-1282
Alberto Rodriguez,2879,1595,-1284
Manuel Lombardero,2085,801,-1284
Theodore Thomas,5475,4191,-1284
Rapeepimol Chaiyasena,1655,371,-1284
Jazmín López,1505,220,-1285
Sam de Jong,7340,6055,-1285
Harry Bhatti,1580,295,-1285
Jomon,1811,526,-1285
Ken Ochiai,2759,1471,-1288
A.K. Lohithadas,2211,922,-1289
Rudolf van den Berg,4230,2940,-1290
Jonas Elmer,2601,1310,-1291
Phil Grabsky,1460,169,-1291
Brad Twigg,1716,424,-1292
Philip Chidel,4890,3595,-1295
Shay Kanot,2170,873,-1297
Ralf Westhoff,6725,5427,-1298
Luo Luo,2085,785,-1300
Scott Boswell,2680,1380,-1300
Johannes Naber,3605,2305,-1300
Massimo Venier,19700,18395,-1305
Joe Eckardt,2088,780,-1308
Dan Chisu,3662,2354,-1308
John Ridley,5500,4190,-1310
Amy Goldstein,2125,815,-1310
Kwon-tae Ahn,3350,2038,-1312
Saji Surendran,2031,718,-1313
Giorgia Farina,2913,1600,-1313
Chris Bould,1535,220,-1315
Filip Maciejewicz,2281,965,-1316
Siegfried,1487,168,-1319
Alex De Rakoff,23935,22615,-1320
Chuen-Yee Cha,1395,74,-1321
Todd Tjersland,1825,503,-1322
Chandran Rutnam,2854,1530,-1324
John Stewart Muller,7100,5775,-1325
Emmet Cummins,2075,750,-1325
Drew Casson,12155,10830,-1325
Helena Taberna,2015,689,-1326
Kaizô Hayashi,1550,223,-1327
David Del Rio,3895,2565,-1330
Robert Mullan,1736,405,-1331
Simon Sprackling,7100,5767,-1333
Aubrey Powell,6875,5542,-1333
David Hickson,3575,2241,-1334
Paul Poet,1680,345,-1335
Rafal Zielinski,1600,265,-1335
Didier Bourdon,5238,3902,-1336
Bryce Clark,2410,1070,-1340
Marc Rothemund,4685,3345,-1340
Dragomir Sholev,1865,524,-1341
Bill Zebub,1470,127,-1343
Kim Tai-sik,1500,155,-1345
Tom Stout,2525,1177,-1348
Parkman Wong,1995,647,-1348
Benedek Fliegauf,2193,845,-1348
Mikael Salomon,19120,17770,-1350
Dennis Bots,1890,540,-1350
Juan Solanas,2100,750,-1350
Ann Hu,4070,2718,-1352
Laurence Ferreira Barbosa,1740,387,-1353
Kuba Czekaj,2130,775,-1355
Melissa Painter,2850,1495,-1355
Michael Mazo,5730,4375,-1355
Ahmed Khaled,6726,5370,-1356
Daniel Zirilli,2452,1095,-1357
Ignas Miskinis,2437,1077,-1360
Troy Escamilla,2798,1438,-1360
Carlos Bolado,2405,1043,-1362
Inari Niemi,3898,2535,-1363
Caroline Link,18379,17015,-1364
Mamoru Oshii,2244,880,-1364
Toni Myers,8755,7390,-1365
Florian Baxmeyer,7745,6380,-1365
Vitaliy Versace,1623,255,-1368
Thomas Dunn,4434,3065,-1369
Thomas Shapiro,2135,765,-1370
Valeria Bruni Tedeschi,4505,3135,-1370
Edgardo Castro,1675,300,-1375
Jorge Ramírez Suárez,2303,926,-1377
Andrew Hulme,2935,1555,-1380
Robert Sarkies,5815,4435,-1380
Paco Arango,4100,2715,-1385
Marek Benes,1670,285,-1385
Liming Li,2421,1035,-1386
Mark Rappaport,2630,1241,-1389
Yûji Nakae,1480,90,-1390
Dmitriy Suvorov,1890,499,-1391
Pyotr Todorovskiy,1700,307,-1393
Pascal Rabaté,1855,461,-1394
Josh Sternfeld,7365,5970,-1395
Pierre Richard,2000,605,-1395
Ghyslaine Côté,3187,1791,-1396
Ryûichi Inomata,1645,248,-1397
Luis Ara,2474,1076,-1398
Phan Quang Binh Nguyen,1695,293,-1402
Hansol Shin,3605,2202,-1403
Max Allan Collins,2200,794,-1406
Eva Dahr,2382,975,-1407
Igor Ivanov Izi,2075,668,-1407
Robert Rundle,2085,675,-1410
Alek Gearhart,1950,540,-1410
Zhangke Jia,4046,2635,-1411
Eric Louzil,2766,1355,-1411
Kô Matsuo,3535,2123,-1412
Kôtarô Terauchi,1685,273,-1412
Antonin Svoboda,2071,658,-1413
Negar Azarbayjani,3220,1807,-1413
Marja Pyykkö,6905,5490,-1415
Eric DelaBarre,3585,2170,-1415
Krissanapong Rachata,2510,1094,-1416
Gurvinder Singh,1558,142,-1416
Dong-Eun Lee,1745,326,-1419
Manoel de Oliveira,4920,3500,-1420
Andrey Khrzhanovskiy,2850,1430,-1420
Pakphum Wongjinda,1750,329,-1421
Hsiao-Ming Hsu,2290,868,-1422
Su Friedrich,1572,148,-1424
Sôichi Umezawa,2470,1045,-1425
Josh Eisenstadt,2409,980,-1429
Mia Hansen-Løve,4905,3475,-1430
Pablo José Meza,1770,340,-1430
Urmas E. Liiv,3053,1619,-1434
Ari Alexander Ergis Magnússon,2315,880,-1435
Kristijan Milic,5025,3589,-1436
Brent Hodge,2526,1090,-1436
Irena Skoric,2357,921,-1436
Qunshu Gao,1882,445,-1437
Hirohisa Sasaki,1497,58,-1439
Gorcin Stojanovic,10935,9495,-1440
Eric Werthman,1990,550,-1440
Aman Chang,1522,80,-1442
Shuqin Huang,1989,546,-1443
Paul Etheredge,13660,12215,-1445
Stephen Biro,4075,2630,-1445
Craig Goldstein,2740,1295,-1445
Donna Deitch,2515,1066,-1449
Hunter Johnson,1943,493,-1450
Jonathan Meyers,3480,2030,-1450
Juanma Bajo Ulloa,4545,3095,-1450
Dale Heslip,2165,715,-1450
Rudi Van Den Bossche,2280,828,-1452
Florian Gaag,4417,2965,-1452
Darren Ashton,4492,3040,-1452
Ki-Seon Hong,2264,810,-1454
Adam Christian Clark,4730,3275,-1455
Michael Fischa,2150,695,-1455
Ali Samadi Ahadi,2565,1105,-1460
David Stubbs,3565,2105,-1460
Gerardo Naranjo,5761,4300,-1461
Scott Marshall,6787,5320,-1467
Manuela Burló Moreno,4983,3515,-1468
Robert Kubilos,5130,3660,-1470
Rainer Kaufmann,2333,861,-1472
Ernesto Alemany,1901,429,-1472
Brigitte Berman,1570,98,-1472
Gô Ohara,3972,2498,-1474
Karl Zwicky,4155,2680,-1475
Christopher Kublan,2410,934,-1476
Thomas Durchschlag,3615,2139,-1476
Temístocles López,2470,994,-1476
Ackyl Anwari,1970,491,-1479
Christiaan Olwagen,2324,845,-1479
Puri Jagannadh,3230,1750,-1480
Michel Boujenah,3790,2310,-1480
Serge Frydman,3070,1590,-1480
Joe Menendez,3530,2045,-1485
Mike Marvin,2980,1495,-1485
Yang Zhang,1645,160,-1485
Bertram Verhaag,1562,76,-1486
Antonio Padovan,4850,3362,-1488
Steven Lovy,5065,3575,-1490
Hrafn Gunnlaugsson,2300,810,-1490
Ruxandra Zenide,2600,1105,-1495
Maximilian Hult,1865,370,-1495
Jonathan Holbrook,2483,985,-1498
Oleg Novkovic,2455,957,-1498
J. Stephen Maunder,3595,2095,-1500
Steven Pressman,2215,715,-1500
Meir Sharony,2060,560,-1500
Richard Parry,1742,241,-1501
Anne Le Ny,3155,1652,-1503
Garth Maxwell,3315,1810,-1505
Eugène Green,1977,470,-1507
Karan Razdan,1776,262,-1514
Hideki Takeuchi,5775,4260,-1515
Yuriy Bykov,11300,9785,-1515
Tusi Tamasese,2250,735,-1515
Aleksey Fedorchenko,4035,2519,-1516
John Appel,1790,271,-1519
Jamie Weston,3075,1555,-1520
Anjan Dutt,2302,781,-1521
Maggie Greenwald,8900,7375,-1525
Takahiko Kyôgoku,3260,1735,-1525
Richard W. Munchkin,2181,655,-1526
Donald G. Jackson,2530,1002,-1528
Gee-woong Nam,1579,50,-1529
Mårten Klingberg,12774,11245,-1529
Kim A. Snyder,3752,2223,-1529
Albert Nerenberg,1645,115,-1530
Aik Karapetian,2410,880,-1530
Yasuichirô Yamamoto,11595,10065,-1530
Gigi Gaston,2819,1285,-1534
Kamlah Abu-Zikri,2954,1420,-1534
Robert Lee,3310,1775,-1535
Gilles Legrand,3405,1870,-1535
Keiko Tsuruoka,2461,923,-1538
Kim Seong-soo,4340,2801,-1539
Pablo Parés,3039,1500,-1539
Mohammad Hossein Mahdavian,12826,11285,-1541
Sergio Rezende,3652,2108,-1544
Michèle Laroque,3480,1935,-1545
Patricia Mazuy,3530,1985,-1545
Robert Morin,2255,708,-1547
Gabriela Ledesma,2615,1067,-1548
Timothy Wayne Folsome,3585,2037,-1548
Tomás Vorel,2509,960,-1549
Toon Wang,1910,361,-1549
Tucky Williams,1905,355,-1550
Mo-young Jin,3975,2423,-1552
Oles Yanchuk,2125,571,-1554
Danny Buday,2444,890,-1554
Garrett Brawith,12115,10560,-1555
Philip Gelatt,9030,7475,-1555
Tor Iben,3490,1931,-1559
Michael Hjorth,6700,5140,-1560
Hoon Ryoo,2065,505,-1560
Pernille Rose Grønkjær,2255,695,-1560
David Sieveking,2788,1226,-1562
Gail Harvey,2070,505,-1565
Ted Post,2730,1164,-1566
Artyom Aksenenko,2761,1193,-1568
Marc Fitoussi,5661,4090,-1571
John Daly,5105,3533,-1572
Eric Hendershot,2210,638,-1572
Víctor Gaviria,7477,5904,-1573
Vinci Vogue Anzlovar,1843,268,-1575
Silvio Muccino,3560,1985,-1575
Alan Smithee,1900,324,-1576
Taweewat Wantha,3986,2410,-1576
Robert Wilson,4300,2724,-1576
Mario Azzopardi,3213,1635,-1578
Fernando Franco,6730,5150,-1580
Frank E. Johnson,4060,2480,-1580
Michael Chapman,3195,1611,-1584
Iulia Rugina,3625,2040,-1585
Jamshid Mahmoudi,3590,2005,-1585
Christian Merret-Palmair,4210,2625,-1585
Mark Bessenger,2306,720,-1586
Tyler Graham Pavey,2685,1096,-1589
Daniel Junge,2900,1310,-1590
Jacques Fansten,1740,144,-1596
Till Schauder,2953,1357,-1596
Ebrahim Forouzesh,1840,243,-1597
Larry Wade Carrell,4525,2927,-1598
Richard Friedman,2360,760,-1600
Nicolas Saada,5655,4055,-1600
Thomas Mignone,8050,6449,-1601
Andrejs Ekis,2494,892,-1602
Sook-Yin Lee,3335,1730,-1605
Davide Ferrario,1984,378,-1606
Stephen Eckelberry,2330,722,-1608
Jeff Stephenson,4527,2918,-1609
Amr Salama,18535,16925,-1610
Radek Bajgar,4040,2430,-1610
Ágnes Kocsis,2690,1075,-1615
René Manzor,7965,6350,-1615
Andrew Drazek,5105,3490,-1615
María Luisa Bemberg,3610,1995,-1615
Christos Georgiou,2030,410,-1620
John Penney,5815,4195,-1620
Paul Lynch,3779,2155,-1624
Michael J. Sarna,1715,90,-1625
Darin Scott,5535,3910,-1625
Fereydoun Jeyrani,5191,3563,-1628
John Webster,1815,186,-1629
Stuart Samuels,8230,6600,-1630
Robin Dunne,2160,530,-1630
Arnaud Viard,3850,2220,-1630
Mahesh Narayanan,35575,33940,-1635
Tae-Yun Kim,4327,2690,-1637
Mahi v Raghav,21132,19490,-1642
Joe D'Amato,2283,640,-1643
Damon Packard,2471,827,-1644
Eric Bilitch,4635,2991,-1644
Rajeev Virani,3315,1670,-1645
Matej Minac,2915,1267,-1648
Adam Bhala Lough,5325,3677,-1648
Cyril Morin,2033,384,-1649
Jim Donovan,1810,158,-1652
Ryan Brookhart,2905,1252,-1653
Agustín Díaz Yanes,11085,9430,-1655
Louis Myles,3222,1567,-1655
Indranil Roychowdhury,2131,475,-1656
Gabriel Retes,1769,111,-1658
Jan Cvitkovic,2335,675,-1660
Tomaz Gorkic,2790,1130,-1660
Yuriy Ozerov,2495,831,-1664
Brian Skeet,3295,1630,-1665
Matthiew Klinck,5054,3383,-1671
Mohamed Rachid Benhadj,1810,137,-1673
Eric Schwab,2525,850,-1675
Paul Ziller,3155,1480,-1675
Henry Bedwell,3095,1419,-1676
Paul Turner,1878,201,-1677
Vijay Milton,5965,4287,-1678
Jan Hrebejk,2275,597,-1678
Jakov Sedlar,1839,159,-1680
Ilaria Borrelli,1935,251,-1684
Naoyuki Tomomatsu,1846,161,-1685
Kit Hung,3620,1935,-1685
Wilson Chin,2520,834,-1686
Sinan Çetin,7340,5651,-1689
Sameh Abdulaziz,2972,1279,-1693
Jimmy Henderson,3293,1600,-1693
Michael Spence,2345,650,-1695
Eric Mendelsohn,5480,3785,-1695
Charles de Lauzirika,4197,2502,-1695
Ben Rekhi,3905,2209,-1696
Robert Edwards,19495,17795,-1700
Glenn Withrow,5700,4000,-1700
Hallvard Bræin,15593,13890,-1703
Tony Wash,3138,1435,-1703
Titus Muntean,3470,1766,-1704
Emre Sahin,9915,8211,-1704
Vít Olmer,2124,420,-1704
Jon Holmberg,4080,2375,-1705
Carlos César Arbeláez,8810,7104,-1706
Nigel Bach,2902,1196,-1706
Christopher Scott Cherot,5660,3950,-1710
Samad Davis,4485,2775,-1710
Lazar Ristovski,5245,3535,-1710
Aida Begic,5760,4050,-1710
Hiroshi Shimizu,2070,360,-1710
Joseph A. Elmore Jr.,2035,322,-1713
Mahesh Kothare,2086,373,-1713
Deborah Kampmeier,3035,1320,-1715
Naoyoshi Shiotani,6720,5005,-1715
James Bickert,9080,7365,-1715
Oskari Sipola,4065,2349,-1716
Davis Doi,2615,898,-1717
Sergio Esquenazi,1990,271,-1719
Michael Lindsay-Hogg,11510,9790,-1720
Rick Sloane,2955,1234,-1721
Samuthirakani,2943,1218,-1725
Hubert Charuel,8680,6951,-1729
Brillante Mendoza,2820,1091,-1729
Bob Keen,6120,4388,-1732
Esmé Lammers,6330,4596,-1734
Prakash,4011,2275,-1736
J.J. Alani,4026,2290,-1736
Alexandru Solomon,2430,690,-1740
Gorman Bechard,2706,962,-1744
Aurelio Grimaldi,2100,356,-1744
Gary Lundgren,3620,1875,-1745
Mimmo Calopresti,3195,1450,-1745
Ugo Giorgetti,1908,161,-1747
Suri,4641,2892,-1749
Stefan C. Schaefer,2340,590,-1750
Jake Kennedy,7760,6010,-1750
Kazuki Akane,5070,3318,-1752
Robert Malenfant,3440,1686,-1754
Zaza Buadze,3888,2134,-1754
Murray Lerner,2000,246,-1754
Ben Rivers,2676,919,-1757
Martin Davidson,3520,1760,-1760
Dick Carruthers,6102,4341,-1761
Tsutomu Hanabusa,2825,1064,-1761
Marcos Bernstein,4985,3222,-1763
Stratos Markidis,3356,1593,-1763
Janusz Zaorski,2517,753,-1764
José Enrique Pintor,1902,138,-1764
Maroun Bagdadi,2565,795,-1770
Rick Ostermann,2270,497,-1773
Stephen Shimek,6780,5005,-1775
Peter Gilbert,4800,3024,-1776
Yilmaz Erdogan,83010,81230,-1780
Jaco Smit,4160,2380,-1780
Hayato Kawai,3229,1447,-1782
Milos 'Misa' Radivojevic,3660,1875,-1785
Walter Doehner,2705,918,-1787
Vardis Marinakis,3565,1777,-1788
Li Jun,3440,1652,-1788
René Eram,3475,1685,-1790
Courtney Daniels,2380,590,-1790
Coke Daniels,2184,391,-1793
Gert Fredholm,3380,1585,-1795
Jan Balej,2180,383,-1797
Jinglei Xu,2643,845,-1798
Dennis Berry,2070,271,-1799
Solange Cicurel,2665,865,-1800
A.J. Edwards,7340,5540,-1800
Annalisa Piras,2006,205,-1801
Domiziano Cristopharo,1970,166,-1804
Angelina Jolie,104430,102625,-1805
James Erskine,6490,4685,-1805
Theeratorn Siriphunvaraporn,1893,82,-1811
Micael Preysler,2092,280,-1812
Rima Das,4134,2320,-1814
Carlos Gerbase,2186,369,-1817
Jason Wan Lim,2340,520,-1820
James Redford,2715,894,-1821
Oliver Rihs,3207,1385,-1822
Mitsuru Hongô,2953,1130,-1823
Enrico Oldoini,3387,1560,-1827
Im Kyung-soo,2259,430,-1829
Jeff Hare,3114,1285,-1829
Ricardo Larraín,2555,726,-1829
Adam Ripp,5665,3835,-1830
Simon Verhoeven,16568,14735,-1833
Gabriele Salvatores,5230,3394,-1836
Wiktor Grodecki,2630,793,-1837
Ed Radtke,2447,610,-1837
Sameer Thahir,18444,16605,-1839
Sudheer Varma,5674,3835,-1839
Fabienne Godet,2065,225,-1840
Tiwa Moeithaisong,2697,857,-1840
Maryanne Zéhil,3160,1315,-1845
Jan Schomburg,3785,1940,-1845
Frédéric D'Amours,2740,892,-1848
Gabriel Nesci,5870,4020,-1850
Dale Trevillion,3080,1230,-1850
Baz Taylor,2291,439,-1852
Milagros Mumenthaler,3485,1633,-1852
Bashar Shbib,1975,122,-1853
Banjong Pisanthanakun,15725,13870,-1855
Ricardo Trogi,8050,6195,-1855
Peter Rowe,3165,1305,-1860
Jay Kanzler,3260,1400,-1860
Arindam Sil,5650,3784,-1866
Mher Mkrtchyan,2425,554,-1871
Andreas Schnaas,3525,1648,-1877
Vimukthi Jayasundara,2370,493,-1877
Renat Davletyarov,3708,1830,-1878
Samuel Vartek,4932,3050,-1882
François Dupeyron,3035,1150,-1885
Michael A. Goorjian,1991,106,-1885
Philippe Leclerc,4020,2135,-1885
Leonardo Ricagni,5825,3939,-1886
Han Sang-hee,1998,110,-1888
Adam Sigal,2718,830,-1888
Bahman Farmanara,3655,1765,-1890
Hyun-seung Lee,9571,7680,-1891
Jaime Humberto Hermosillo,1982,91,-1891
Anne Giafferi,3616,1725,-1891
Ranjith Sankar,3419,1526,-1893
Vera Storozheva,2300,404,-1896
Gen Takahashi,2629,730,-1899
Nick Wickham,2816,917,-1899
Ali Vazirian,2193,293,-1900
Dalei Zhang,1975,75,-1900
Michael Collins,2980,1076,-1904
Tizuka Yamasaki,3387,1481,-1906
Liisa Helminen,2589,671,-1918
Raj N. Sippy,2376,457,-1919
Noël Mitrani,2021,102,-1919
Juan Schnitman,2620,700,-1920
Torben Skjødt Jensen,2079,156,-1923
Claudio Fäh,7955,6030,-1925
Louise Archambault,4782,2856,-1926
Mike Eschmann,3665,1737,-1928
Michael Landon Jr.,10250,8320,-1930
Minoru Kawasaki,2385,455,-1930
Alison Bagnall,4077,2147,-1930
Rodrigo Triana,3258,1317,-1941
Taisuke Kawamura,5806,3860,-1946
Philippe Aractingi,3185,1238,-1947
Bryn Higgins,3875,1928,-1947
Jorge Gaggero,4970,3022,-1948
Duncan Roy,5070,3121,-1949
Michelle Danner,3162,1210,-1952
Alan Zweig,2095,143,-1952
Yuthlert Sippapak,2784,830,-1954
Aditya Vikram Sengupta,6380,4426,-1954
Salim Ahmed,5255,3300,-1955
Victoria Hochberg,10005,8050,-1955
Martin Gates,2920,965,-1955
Ben Hopkins,3095,1139,-1956
Djamel Bensalah,4725,2768,-1957
Shugo Fujii,2252,295,-1957
Raam Shetty,5896,3938,-1958
Seong-Tae Lee,4275,2315,-1960
Tova Magnusson,9210,7245,-1965
Richard LeMay,4240,2270,-1970
Don Argott,6685,4710,-1975
Marc Fusco,2900,924,-1976
Damjan Kozole,2683,705,-1978
Brian Jordan Alvarez,3065,1087,-1978
Giedre Beinoriute,2408,429,-1979
Claudia Sparrow,2745,765,-1980
Tenney Fairchild,3310,1327,-1983
John Carl Buechler,4030,2045,-1985
Yoav Shamir,2750,765,-1985
Hendrik Hölzemann,10110,8122,-1988
Mo Ogrodnik,5600,3608,-1992
Mika Kaurismäki,2810,815,-1995
Mikhail Red,3959,1960,-1999
Jefferson Moore,2368,367,-2001
Alexandru Maftei,6953,4950,-2003
Mania Akbari,2445,439,-2006
Jorge Algora,3149,1140,-2009
Shin'ya Tsukamoto,8635,6625,-2010
Álvaro Díaz Lorenzo,3846,1835,-2011
Leanne Pooley,3065,1053,-2012
Jean Rollin,2714,702,-2012
Oren Rudavsky,4598,2585,-2013
Jong-chan Yun,4985,2970,-2015
Júlia Murat,4745,2730,-2015
Johan Kramer,2367,349,-2018
Marshall Curry,10585,8565,-2020
Carl Lindbergh,3008,988,-2020
Philippe Bérenger,2580,560,-2020
Peter Spirer,3700,1677,-2023
Isamu Nakae,2490,465,-2025
Jerry Ciccoritti,2735,710,-2025
Derek Sieg,3075,1050,-2025
Nana Neul,2385,360,-2025
Liz Marshall,2746,720,-2026
William Webb,5275,3245,-2030
Sharunas Bartas,3790,1760,-2030
Louis Bélanger,3371,1341,-2030
Kieran Evans,4172,2139,-2033
Erik Bloomquist,6110,4075,-2035
Nasser Taghvai,2301,264,-2037
Abdellatif Kechiche,4640,2600,-2040
Manuel Pradal,3050,1005,-2045
Takaharu Ozaki,10285,8240,-2045
Johnny Ma,3040,995,-2045
Pawel Sala,2440,395,-2045
Darnell Martin,9275,7230,-2045
Stuart Paul,2596,547,-2049
Jirí Strach,4610,2556,-2054
Dan Neira,2315,260,-2055
Sean Patrick O'Reilly,8745,6690,-2055
Sean McGinly,3201,1143,-2058
Erdem Tepegöz,4036,1975,-2061
Toomas Hussar,6200,4136,-2064
Steven Woodcock,3810,1743,-2067
Alain Fresnot,2441,373,-2068
Jiang Xiao,5350,3280,-2070
Oi-Wah Lam,2560,487,-2073
Sarah Moshman,2818,744,-2074
Havana Marking,5085,3010,-2075
Todd Verow,3680,1605,-2075
Philipp Eichholtz,2867,791,-2076
Connie Walter,2600,523,-2077
Pierre Deschamps,3910,1813,-2097
Iftakar Chowdhury,2599,496,-2103
Paula Markovitch,2165,59,-2106
Kalle Max Hofmann,2775,669,-2106
Omar,9882,7774,-2108
Suzuki Matsuo,2329,215,-2114
Lex Ortega,5085,2970,-2115
Maruthi Dasari,8720,6600,-2120
Jho Kwang-soo Kim,2590,470,-2120
Zabou Breitman,7105,4984,-2121
Ivo Trajkov,2724,600,-2124
Jerry P. Jacobs,2700,575,-2125
Gary Burns,3125,1000,-2125
Frank Rainone,3210,1084,-2126
Thomas Carter,86950,84820,-2130
Dustin Nguyen,2275,144,-2131
Stephan Brenninkmeijer,4276,2143,-2133
Laura Muscardin,2330,197,-2133
Janis Nords,2894,760,-2134
Okihiro Yoneda,7645,5510,-2135
Ettore Scola,5920,3785,-2135
Jesse James Miller,4575,2440,-2135
Thomas Borch Nielsen,5850,3714,-2136
Willy Bogner,5515,3377,-2138
Bouli Lanners,7488,5350,-2138
Sebastian Dehnhardt,14610,12468,-2142
Francis Leclerc,3273,1130,-2143
Asshu Trikha,4954,2810,-2144
Wei-Hao Cheng,10410,8266,-2144
Hussein Erkenov,2400,256,-2144
Yuri Zeltser,2365,220,-2145
Justin Hardy,2705,558,-2147
Handan Ipekçi,7374,5224,-2150
Ana Piterbarg,10795,8645,-2150
Yoriyasu Kogawa,2900,740,-2160
Nancy Kelly,3685,1525,-2160
Jay Craven,2790,630,-2160
Ngai Choi Lam,5425,3265,-2160
Martín Rejtman,5646,3485,-2161
Patrick Desmarattes,2533,370,-2163
Maria Speth,2850,685,-2165
Gabriel Sabloff,6185,4020,-2165
Stefan Faldbakken,9075,6910,-2165
Kenji Kamiyama,5044,2878,-2166
Enrique Buchichio,5760,3594,-2166
Enzo D'Alò,3080,912,-2168
Robert Heydon,9575,7405,-2170
Gustavo Mosquera R.,10910,8740,-2170
Lavinia Currier,4610,2435,-2175
Rene Daalder,3586,1410,-2176
Chris Jaymes,3903,1725,-2178
Ka-Yan Leung,2255,71,-2184
Bettina Blümner,3180,995,-2185
Joseph Novoa,2345,159,-2186
Ted Kotcheff,14125,11935,-2190
Anna Kazejak,4760,2570,-2190
Ivan-Goran Vitez,3575,1380,-2195
Kazushi Watanabe,2875,680,-2195
Neil Berkeley,7405,5210,-2195
Paul Murphy,3297,1100,-2197
Paz Encina,2715,515,-2200
Erik Richter Strand,7575,5370,-2205
M. Rajesh,9395,7185,-2210
Tudor Cristian Jurgiu,3040,828,-2212
Donnie Yen,3795,1581,-2214
Raphaël Jacoulot,3009,795,-2214
Hiroki Shibata,11295,9080,-2215
Max Fischer,2535,320,-2215
Maciej Bochniak,5627,3410,-2217
Kôbun Shizuno,2400,181,-2219
Won Shin-yeon,6785,4565,-2220
Petr Nikolaev,3145,923,-2222
Penelope Buitenhuis,3320,1096,-2224
Nejc Gazvoda,4545,2320,-2225
Eiji Okuda,2730,504,-2226
Ute Wieland,5627,3400,-2227
Ping He,3060,831,-2229
Adam Spinks,6490,4260,-2230
Mina Shum,5142,2910,-2232
Bernard-Henri Lévy,5875,3643,-2232
Spiros Stathoulopoulos,5790,3555,-2235
Alan Badoev,5775,3539,-2236
Alex Galvin,2712,475,-2237
Clare Peploe,10415,8175,-2240
Piotr Trzaskalski,6932,4690,-2242
Theodore Boborol,3035,792,-2243
Carolina Hellsgård,3085,840,-2245
Fei Xie,2780,530,-2250
Valérie Guignabodet,3740,1489,-2251
Vishal Mahadkar,5915,3663,-2252
Max Croci,5675,3419,-2256
Levan Tutberidze,2991,735,-2256
Danièle Thompson,9370,7110,-2260
Robbie Bryan,6885,4625,-2260
Attila Szász,9990,7725,-2265
Lauri Nurkse,4640,2369,-2271
Michael Knowles,3364,1085,-2279
Christian Klandt,3613,1333,-2280
Jean-Gabriel Périot,2750,470,-2280
Carlo Lavagna,3730,1445,-2285
Peter Yates,8930,6645,-2285
Michael Baumgarten,3971,1685,-2286
Daniel Raim,3942,1651,-2291
Peter Lichtefeld,6215,3923,-2292
Sterlin Harjo,2784,488,-2296
Ulrik Imtiaz Rolfsen,11385,9088,-2297
Janchivdorj Sengedorj,2724,426,-2298
Scud,3860,1560,-2300
Christopher-Lee dos Santos,4195,1895,-2300
Kimo Stamboel,13443,11136,-2307
Volfango De Biasi,4446,2139,-2307
Russell Holt,6000,3691,-2309
Perry Bhandal,54205,51895,-2310
Vicente Amorim,6110,3795,-2315
Hitoshi Ône,5970,3655,-2315
Bill Plympton,5425,3108,-2317
Rohin Venkatesan,4574,2255,-2319
Sam Karmann,3690,1363,-2327
Andrew Huculiak,4535,2207,-2328
Hriday Shetty,2418,90,-2328
Yuri Kanchiku,11955,9624,-2331
Katsuo Fukuzawa,6176,3845,-2331
Jack Neo,2795,463,-2332
Krsto Papic,2955,621,-2334
Martin Witz,3404,1068,-2336
Sergey Solovyov,2763,426,-2337
Rory Kennedy,4505,2163,-2342
Gor Kirakosian,2847,505,-2342
Steve Balderson,2480,136,-2344
Johan Brisinger,7795,5450,-2345
Tomas Portella,6299,3953,-2346
Jan Vardoen,2540,190,-2350
Damon Santostefano,3825,1475,-2350
Joshua Sinclair,3305,953,-2352
Djibril Diop Mambéty,6745,4390,-2355
Jean-Marc Minéo,3875,1520,-2355
Shafi,3707,1350,-2357
Barry Tubb,4130,1770,-2360
Tetsuo Yajima,15005,12645,-2360
Ranjit Jeyakodi,5735,3375,-2360
David Lai,3355,990,-2365
Daniel Lusko,4823,2457,-2366
Arild Andresen,4430,2060,-2370
Grace Lee,3993,1622,-2371
Jim Doyle,2818,447,-2371
Satish Vegesna,4622,2250,-2372
Nick Mead,2635,259,-2376
Alyona Zvantsova,2921,545,-2376
Arunas Matelis,5895,3515,-2380
Mélissa Drigeard,4185,1805,-2380
Greydon Clark,4691,2311,-2380
Mark Noonan,4095,1713,-2382
Samuel Benchetrit,4535,2150,-2385
Mark Webber,4330,1945,-2385
Kenneth Bi,3515,1130,-2385
Kazuya Shiraishi,3811,1425,-2386
Karel Janák,3192,805,-2387
Tom Fernández,4700,2310,-2390
Marie Losier,3450,1060,-2390
Shaun Wilson,11077,8686,-2391
Carlos Marcovich,2945,550,-2395
Mark Wu,6420,4018,-2402
Matan Yair,4195,1792,-2403
Fabrice Gobert,5870,3465,-2405
Andrew Thomas Hunt,11020,8615,-2405
Hisonni Mustafa,4006,1595,-2411
Mikhail Raskhodnikov,2874,462,-2412
Harley Cokeliss,4525,2113,-2412
António-Pedro Vasconcelos,6205,3790,-2415
Marc Pierschel,3806,1390,-2416
Guddu Dhanoa,4779,2360,-2419
Jørgen Lerdam,4135,1715,-2420
Christian Ryltenius,3785,1365,-2420
Ermek Tursynov,2807,385,-2422
Óskar Jónasson,5765,3341,-2424
Tony Cookson,3490,1065,-2425
Martin Makariev,6705,4279,-2426
Andrucha Waddington,3418,991,-2427
Aureliano Amadei,4090,1662,-2428
Danny A. Abeckaser,3185,755,-2430
Shimon Dotan,3785,1355,-2430
Rocky Costanzo,3368,930,-2438
Steven de Jong,3688,1248,-2440
Minh Nguyen-Vo,3070,625,-2445
Olias Barco,3535,1085,-2450
Kevin Knoblock,2936,485,-2451
Kenny Golde,5390,2936,-2454
Anne Émond,4450,1995,-2455
Aleksi Salmenperä,6610,4155,-2455
Pekka Karjalainen,2991,535,-2456
Ji-eun Kang,4540,2083,-2457
Brian Sloan,8375,5917,-2458
Jacek Borcuch,5844,3385,-2459
H.P. Mendoza,5902,3443,-2459
Colin Offland,3260,800,-2460
Romain Lévy,7285,4825,-2460
Patrick Keiller,3435,971,-2464
Jorge Olguín,3759,1295,-2464
Bill Clark,6260,3795,-2465
Han Sang-Ho,4390,1925,-2465
Michael Winner,7860,5395,-2465
David Jackson,4050,1585,-2465
Iura Luncasu,5345,2880,-2465
Will Bakke,3988,1520,-2468
Tom Seidman,4330,1858,-2472
Alex Holmes,15430,12955,-2475
Jim McKay,4070,1595,-2475
Alix Delaporte,5105,2630,-2475
Paul Shoulberg,4261,1785,-2476
Thomas L. Callaway,2796,320,-2476
James Marquand,3275,798,-2477
Yong Hou,4350,1872,-2478
Julio Medem,19700,17220,-2480
Walter Salles,3865,1385,-2480
Jeffrey Reiner,4430,1949,-2481
Anders Lennberg,3010,525,-2485
Olivier Jean-Marie,8195,5710,-2485
John Huckert,2680,195,-2485
Aziz Jindani,3900,1415,-2485
Tom Morris,4065,1575,-2490
Matt Mitchell,4015,1524,-2491
Rodolfo Ledo,3660,1166,-2494
Matt Berman,3444,950,-2494
Youssef Chahine,5670,3175,-2495
Ethan Wiley,3915,1419,-2496
Yukiko Mishima,3830,1330,-2500
Levan Koguashvili,3910,1410,-2500
Viktor Sergeev,2818,318,-2500
Antonio Dorado,2710,209,-2501
Brian Kelly,3655,1150,-2505
Douglas Jackson,3375,870,-2505
Ernest Prakasa,9308,6800,-2508
Neung-han Song,3640,1128,-2512
Christin Baker,3871,1355,-2516
Cho Jung-Rae,2865,347,-2518
Aditya Assarat,4680,2160,-2520
Fritz Kiersch,4910,2390,-2520
Joshua Leonard,3651,1125,-2526
Jeong-won Shin,4100,1570,-2530
Huai-En Chen,2592,60,-2532
Brad T. Gottfred,4135,1601,-2534
Olivier Gruner,4510,1975,-2535
Jason Dallas,2870,334,-2536
Nacer Khemir,2720,171,-2549
Chanoch Ze'evi,2644,95,-2549
Mustafa Altioklar,15480,12928,-2552
Laurent Bouzereau,5113,2561,-2552
Jake West,8195,5641,-2554
Paul Spurrier,4187,1630,-2557
Rob Williams,4830,2273,-2557
Yûichi Satô,4454,1888,-2566
Daniel Schweizer,2663,95,-2568
Tracy Trost,4460,1890,-2570
Tadas Vidmantas,5979,3405,-2574
Izô Hashimoto,4360,1786,-2574
Isabelle Doval,5355,2776,-2579
Gavin Millar,4655,2070,-2585
Anna Novion,3275,690,-2585
Luu Huynh,2955,367,-2588
Nick Quested,13065,10472,-2593
Vladyslav Klimchuk,4275,1680,-2595
Nietzchka Keene,13020,10424,-2596
María Novaro,3450,850,-2600
Xian Feng Zhang,3595,995,-2600
Richard Ledes,4036,1430,-2606
Kurando Mitsutake,3340,730,-2610
Gareth Maxwell Roberts,3897,1285,-2612
Curtis Crawford,3614,1000,-2614
Paul Morrison,7325,4710,-2615
Nick Gaitatjis,5515,2896,-2619
Nia Di Nata,2968,345,-2623
Jimmy ScreamerClauz,4389,1765,-2624
Jamie Luk,2768,140,-2628
Jason Banker,7240,4610,-2630
John R. Walker,3935,1303,-2632
Natalia Smirnoff,3445,810,-2635
Tom Sands,8980,6344,-2636
Karen Shakhnazarov,4880,2240,-2640
Masaharu Take,2895,253,-2642
Randolph Kret,4740,2097,-2643
Savage Steve Holland,7720,5070,-2650
Ari Taub,2884,233,-2651
Aviva Kempner,3287,635,-2652
Petri Kotwica,4872,2220,-2652
David Raynr,7105,4451,-2654
Stephen Amis,3684,1030,-2654
Susanna Styron,6750,4092,-2658
Thomas Gilou,10564,7905,-2659
Khairy Beshara,4853,2194,-2659
Dennis Dimster,16485,13820,-2665
Stéphane Kazandjian,3845,1179,-2666
Pål Øie,29075,26408,-2667
Arun Kumar,4773,2100,-2673
Marco Ferreri,3408,730,-2678
Ricardo Maldonado,3102,424,-2678
Peter Lynch,3330,652,-2678
Ognjen Svilicic,3654,975,-2679
Charlie Vaughn,3255,575,-2680
Paul Matthews,5940,3260,-2680
Anthony Chan,2979,296,-2683
Andrew Stevens,4050,1367,-2683
Coke Sams,14735,12049,-2686
Glen Goei,3120,415,-2705
Jaroslaw Zamojda,3438,733,-2705
Erik de Bruyn,4390,1681,-2709
Kevin Downes,7980,5270,-2710
Blackie Shou-Liang Ko,3206,488,-2718
Tania Hermida,4115,1395,-2720
Gokul,8264,5540,-2724
Isaac Julien,3160,435,-2725
Terra Shin,5960,3235,-2725
Nick Moran,9710,6985,-2725
Pawan Wadeyar,10044,7315,-2729
Nonzee Nimibutr,4724,1995,-2729
Joseph F. Lovett,4660,1930,-2730
Arthur Allan Seidelman,4550,1820,-2730
Assi Dayan,3275,543,-2732
Bob Balaban,25185,22450,-2735
Yee-sum Luk,2805,70,-2735
Corinna Belz,3865,1125,-2740
Jag Mundhra,3855,1110,-2745
Man-dae Bong,3290,545,-2745
Steven Vidler,5885,3140,-2745
Vasilis Myrianthopoulos,5847,3101,-2746
Isabel Coixet,7950,5200,-2750
Mischa Kamp,6430,3680,-2750
Mez Tharatorn,12755,10000,-2755
Ted Nicolaou,3365,606,-2759
Luca Bercovici,6225,3465,-2760
Cheryl Dunn,4670,1910,-2760
Robert Delamere,3616,850,-2766
Andrew Putschoegl,3305,530,-2775
Jason Wulfsohn,14185,11408,-2777
Mark Edwin Robinson,8045,5265,-2780
Chae Gil Byoung,3220,439,-2781
Gustavo Graef Marino,3315,530,-2785
Thanh Son Le,6035,3250,-2785
Sze Yu Lau,3162,375,-2787
Roger Ross Williams,6285,3495,-2790
David Oelhoffen,17998,15200,-2798
Riri Riza,5145,2345,-2800
Roy Hin Yeung Chow,3475,670,-2805
Fernando Kalife,3775,968,-2807
Thomas Whelan,8126,5319,-2807
Zdenek Troska,3264,450,-2814
Neal Sundstrom,3467,653,-2814
Fredrik Hiller,5920,3105,-2815
Pedro Amorim,5259,2443,-2816
Dennis Todorovic,7385,4567,-2818
A. Venkatesh,3019,199,-2820
Ray Brady,3740,917,-2823
Hanro Smitsman,4350,1526,-2824
Mehdi Avaz,7495,4670,-2825
Masayuki Suô,5040,2215,-2825
Oren Jacoby,3526,700,-2826
Thadd Turner,4598,1770,-2828
David Burton Morris,8905,6077,-2828
Jean van de Velde,5550,2720,-2830
Hans-Christian Schmid,7840,5010,-2830
Miguel Faria Jr.,5085,2246,-2839
Daniel Filho,3935,1090,-2845
André Téchiné,7155,4310,-2845
Amberdeep Singh,6500,3654,-2846
Dejan Zecevic,3861,1013,-2848
Alain Resnais,9690,6840,-2850
Jorge Fons,10240,7385,-2855
Tariq Nasheed,3732,874,-2858
Carl Colpaert,3835,976,-2859
ObliviousHD,5625,2763,-2862
Wei Tung,3765,900,-2865
Deepak S. Shivdasani,4463,1598,-2865
Zeresenay Mehari,6890,4025,-2865
Zoe Berriatúa,5590,2725,-2865
Hüseyin Karabey,4385,1515,-2870
Daniele Ciprì,6670,3796,-2874
James Mottern,17985,15110,-2875
Evgeniy Shelyakin,4466,1590,-2876
Javier Balaguer,3305,429,-2876
Daihachi Yoshida,4630,1753,-2877
Paul Raschid,4897,2020,-2877
Jacob Tierney,7035,4155,-2880
Josiane Balasko,4360,1480,-2880
Christopher Doyle,3590,705,-2885
Gwyneth Gibby,3410,525,-2885
Sophie Huber,6018,3130,-2888
Thomas Bohn,3715,826,-2889
Martin Kitrosser,3905,1015,-2890
Daying Ye,3740,849,-2891
Ravi Jadhav,7699,4806,-2893
Delphine Gleize,3720,825,-2895
Paul Wright,6285,3384,-2901
Meher Ramesh,6062,3160,-2902
Paul Saltzman,3335,430,-2905
Zornitsa Sophia,6345,3438,-2907
Nancy Buirski,4151,1234,-2917
Alexey Nuzhny,10159,7241,-2918
Max Makowski,6099,3180,-2919
Tao Ruspoli,3819,897,-2922
Damian Pettigrew,4940,2016,-2924
Maya Zinshtein,4225,1300,-2925
Paul Lazarus,7650,4725,-2925
Candida Brady,3510,585,-2925
Iginio Straffi,7315,4390,-2925
Idrissa Ouedraogo,3355,427,-2928
Marcelo Piñeyro,8825,5895,-2930
Stellan Olsson,3565,635,-2930
Dev Anand,3670,736,-2934
Kome Kongkiat Komesiri,3930,995,-2935
Patrick Wang,4895,1960,-2935
Alan Rudolph,7445,4508,-2937
Michael Lessac,14775,11834,-2941
Brian T. Jaynes,4639,1695,-2944
Mark Pirro,3221,275,-2946
Danny Draven,4605,1659,-2946
Alex van Warmerdam,16910,13962,-2948
Ranjith,5684,2735,-2949
Nik Kacevski,3380,430,-2950
Ham Tran,4710,1756,-2954
Asim Raza,7620,4665,-2955
Jan Tománek,3930,975,-2955
Dominique Othenin-Girard,3905,947,-2958
Jacques-Rémy Girerd,5160,2200,-2960
Chloé Robichaud,5105,2145,-2960
Avi Lewis,6135,3170,-2965
Daniel Bergman,4450,1482,-2968
Pil-sung Yim,10660,7680,-2980
Imanol Uribe,4370,1390,-2980
Marie-Castille Mention-Schaar,4369,1385,-2984
Kai S. Pieck,3230,240,-2990
Jean-Pierre Limosin,7135,4141,-2994
Stephen Wallace,4820,1825,-2995
Steven Luke,5880,2885,-2995
Humayun Ahmed,10041,7039,-3002
Navaniat Singh,3692,690,-3002
Angelina Nikonova,4510,1505,-3005
Willem Baptist,5775,2760,-3015
Egor Konchalovskiy,3688,672,-3016
Nicolás Echevarría,6010,2992,-3018
Ben Mole,14091,11067,-3024
Yun-su Chong,4505,1480,-3025
James Chankin,5105,2080,-3025
Pierre Schoendoerffer,5415,2388,-3027
Jeff Daniels,8278,5245,-3033
Pavel Khvaleev,5749,2715,-3034
Colin Nutley,9305,6270,-3035
Baldvin Zophoníasson,8235,5200,-3035
Farzad Motamen,4633,1597,-3036
Ricky Umberger,5230,2194,-3036
Francis Megahy,3415,377,-3038
Ali Abdel-Khalek,3385,344,-3041
Gerald McCullouch,3476,432,-3044
Marçal Forés,5005,1960,-3045
Umut Dag,4200,1155,-3045
Mark Dornford-May,3715,669,-3046
Jan Bucquoy,3250,203,-3047
Jukka-Pekka Siili,9525,6466,-3059
Corbin Bernsen,5461,2400,-3061
Hasan Fathi,3465,402,-3063
Pelle Berglund,6220,3155,-3065
Sara Johnsen,4761,1695,-3066
Ryôtarô Makihara,10075,7005,-3070
Konstantin Feoktistov,6145,3073,-3072
Jessica Cameron,4280,1208,-3072
Hank Orion,9776,6704,-3072
Valeria Golino,10115,7040,-3075
Nanette Burstein,21145,18070,-3075
Sikander Bharti,4053,975,-3078
C.J. Wallis,3361,275,-3086
Dalibor Matanic,4490,1400,-3090
Mads Matthiesen,24040,20950,-3090
Yahoo Serious,9080,5990,-3090
Chadd Harbold,8275,5180,-3095
Paul Chart,7875,4779,-3096
John Tatoulis,6315,3215,-3100
Michael Oswald,3365,265,-3100
Alex Merkin,23870,20765,-3105
Daniel Anker,3315,202,-3113
Audrey Dana,11710,8595,-3115
Angelina Maccarone,4495,1379,-3116
Antonio Trashorras,5060,1940,-3120
Kim Dae-seung,7095,3970,-3125
Braden King,4875,1750,-3125
John Terlesky,4655,1520,-3135
Leon Lopez,5680,2542,-3138
Casper Andreas,4507,1366,-3141
David Ryan Keith,6107,2965,-3142
Only Now Existing,6085,2940,-3145
Vanessa Lapa,3610,465,-3145
Rebecca Cammisa,6000,2855,-3145
Peter Keglevic,4515,1365,-3150
Howard R. Cohen,5445,2292,-3153
Simon Cellan Jones,7030,3875,-3155
Minh Collins,4255,1100,-3155
Mehul Kumar,4811,1656,-3155
Randall Lobb,6020,2865,-3155
David Trueba,3980,823,-3157
Erwin van den Eshof,3964,802,-3162
Robert Quinn,5450,2288,-3162
Satoshi Miki,4175,1011,-3164
Michael Melski,8045,4880,-3165
Ruth Platt,8025,4857,-3168
Sergio Arau,16140,12968,-3172
Guillermo Amoedo,9561,6380,-3181
Hiroaki Andô,5565,2383,-3182
Naoto Kumazawa,4680,1494,-3186
Boban Samuel,4154,966,-3188
Nicolas Bary,5565,2375,-3190
Mikael Buch,3545,350,-3195
Jordan F. Ghanma,3815,618,-3197
Craig Freimond,3614,414,-3200
David Fairhead,8485,5285,-3200
Charles Burmeister,10466,7260,-3206
Lucas Lowe,8203,4989,-3214
Duncan Christie,4135,920,-3215
Daniel Fridell,3598,368,-3230
Tom Cairns,6220,2983,-3237
Leon Ichaso,24400,21161,-3239
Douglas Keeve,5940,2700,-3240
Nicolae Constantin Tanase,5065,1817,-3248
Richard Day,8010,4760,-3250
Jimi Jones,16835,13575,-3260
Christopher Duddy,17960,14695,-3265
Wladyslaw Pasikowski,10696,7430,-3266
James Crow,7910,4640,-3270
Matthew Barney,3890,620,-3270
Simon Staho,3745,475,-3270
Julian Doyle,8445,5175,-3270
Yûichi Fukuda,5862,2591,-3271
Iglika Triffonova,3940,662,-3278
Lisa Immordino Vreeland,4380,1090,-3290
Delphine Lehericey,5730,2435,-3295
Pim van Hoeve,5416,2120,-3296
Richard Dale,3670,371,-3299
Joseph B. Vasquez,3507,207,-3300
Tom Chaney,4180,875,-3305
Christoph Schlingensief,4480,1173,-3307
Claire Devers,4030,723,-3307
Hiroaki Matsuyama,6091,2784,-3307
Andrés Waissbluth,3687,379,-3308
Johanna Hald,7780,4470,-3310
Arne Lindtner Næss,3705,395,-3310
Alexi Tan,6085,2773,-3312
Peter Bogdanovich,15290,11975,-3315
Diego Rafecas,4055,737,-3318
Sacha Jenkins,4955,1626,-3329
Josué Méndez,5230,1900,-3330
Hiroshi Ando,3540,210,-3330
Emir Baigazin,5095,1760,-3335
Zak Knutson,5250,1915,-3335
Jakob Lass,5073,1735,-3338
James Huth,7635,4285,-3350
Patrick Alessandrin,4870,1515,-3355
Juanita Wilson,6655,3291,-3364
Paolo Costella,4774,1400,-3374
Clay Glen,6010,2635,-3375
Andrey Kavun,9520,6145,-3375
Jon Jost,3559,179,-3380
Jeroen Berkvens,3765,381,-3384
David Charhon,4625,1240,-3385
Émile Gaudreault,8688,5290,-3398
Shimako Sato,3960,561,-3399
Chip Hale,17110,13710,-3400
Trinh Dinh Le Minh,5485,2077,-3408
Ville Jankeri,6860,3450,-3410
Te-Sheng Wei,22325,18910,-3415
Brian Grant,3855,436,-3419
Sarah Watt,12347,8925,-3422
Christopher Munch,4090,660,-3430
Richard Pearce,24375,20945,-3430
Shahram Assadi,3540,107,-3433
Mahmoud Sabbagh,9515,6081,-3434
Gillian Greene,8990,5550,-3440
James Cummins,8675,5231,-3444
John Greyson,3730,280,-3450
Steve Rudzinski,4425,965,-3460
Percy Adlon,3790,330,-3460
Joel Potrykus,9776,6315,-3461
Theodoros Angelopoulos,13815,10350,-3465
Xiaogang Feng,5380,1905,-3475
Srdan Golubovic,18770,15295,-3475
Matt Walsh,9085,5607,-3478
Rolfe Kanefsky,12670,9185,-3485
Kamaleswar Mukherjee,5090,1605,-3485
James Mark,8600,5115,-3485
Jazz Boon,8090,4600,-3490
Johan Kling,7700,4210,-3490
Noah Stern,3665,172,-3493
Kim Jun Ok,3774,278,-3496
Malcolm Ingram,4265,766,-3499
Charles Winkler,9470,5970,-3500
Phetthai Vongkumlao,3720,217,-3503
Janet Tobias,4990,1485,-3505
Carlos Sedes,8435,4930,-3505
Jon Blair,6780,3261,-3519
Josh Becker,4075,550,-3525
Amanda Micheli,5367,1840,-3527
Ben Gregor,5940,2412,-3528
Christian de Chalonge,4000,470,-3530
Peter Svatek,4430,899,-3531
James Longley,4032,500,-3532
Shaky González,4475,938,-3537
Billy Hin-Shing Tang,3580,43,-3537
Timothy P. Mahoney,3925,379,-3546
Douglas Langway,4808,1255,-3553
Henk Handloegten,6865,3310,-3555
Joo-Ho Kim,4840,1285,-3555
Jason Kohn,6015,2460,-3555
Quinton Peeples,9185,5629,-3556
Laura Gabbert,4452,895,-3557
Kei Ishikawa,5885,2325,-3560
Hugo Rodríguez,3908,348,-3560
Kiyotaka Tsurisaki,3900,322,-3578
Ali Aydin,5040,1460,-3580
Rosser Goodman,7340,3755,-3585
Peter Cohn,6035,2447,-3588
Daniel Patrick Carbone,9185,5597,-3588
Goran Paskaljevic,4405,805,-3600
Lise Birk Pedersen,3815,210,-3605
Paul Mones,4455,848,-3607
Charlie Nguyen,4908,1298,-3610
R. Michael Givens,5290,1677,-3613
Matt Zettell,6375,2757,-3618
Michael Schoemann,4775,1155,-3620
Jirí Vejdelek,5260,1640,-3620
Matt Tyrnauer,9705,6080,-3625
Radu Muntean,5735,2110,-3625
Jorge Colón,5080,1448,-3632
Mariya Saakyan,4075,442,-3633
Gary Dean Orona,4080,445,-3635
Phillip Baribeau,7905,4269,-3636
Mark Freed,6450,2808,-3642
Dean Jones,5550,1905,-3645
Timothy Armstrong,7187,3540,-3647
Alex Ranarivelo,8899,5250,-3649
Andrzej Jakimowski,4840,1190,-3650
Sebastian Niemann,10845,7190,-3655
Mark Pellington,10830,7175,-3655
Hadi Mohammadian,7805,4150,-3655
Isshin Inudô,4734,1078,-3656
Antoine de Caunes,7315,3655,-3660
Mike Young,7215,3555,-3660
William Dickerson,5135,1471,-3664
Katsuya Matsumura,4155,490,-3665
Martin Munthe,6839,3168,-3671
Behrouz Shoaybi,8142,4459,-3683
Erik Gandini,6093,2409,-3684
Samuli Valkama,5305,1610,-3695
Hee-il Leesong,10645,6945,-3700
Gérard Oury,5435,1731,-3704
Stewart Wade,7039,3325,-3714
Damian Lee,12020,8305,-3715
Guy Pigden,6290,2570,-3720
Marian Crisan,4698,970,-3728
Jonas Mekas,4637,902,-3735
Peter Grönlund,9120,5385,-3735
Lucrecia Martel,39605,35870,-3735
Arash Moayerian,4298,558,-3740
Chi-Leung Law,5490,1750,-3740
Diane Kurys,4590,845,-3745
Marc Forby,9575,5829,-3746
Vikram Jayanti,4746,998,-3748
Marc Carreté,6245,2495,-3750
Ricky Tognazzi,4780,1026,-3754
Ben Sombogaart,6110,2347,-3763
Ola Solum,4620,855,-3765
Stéphane Giusti,4370,605,-3765
Gaël Morel,4415,646,-3769
Madhur Bhandarkar,11212,7443,-3769
Eric-Emmanuel Schmitt,11860,8090,-3770
Thomas Makowski,4410,638,-3772
Ram Gopal Varma,5662,1890,-3772
Steve Bannon,4939,1163,-3776
David Carreras,7510,3733,-3777
Royston Tan,4130,350,-3780
Gilles Marchand,7080,3300,-3780
Lewis Gilbert,6210,2425,-3785
Susumu Kudô,8000,4215,-3785
Pinchas Perry,5081,1295,-3786
Svetozar Ristovski,4747,960,-3787
Jonathan Hock,4058,268,-3790
David Hewlett,18865,15075,-3790
Charlotte Sachs Bostrup,7435,3640,-3795
Christjan Wegner,8620,4822,-3798
Paul Andrew Williams,43730,39925,-3805
Georgiy Daneliya,5484,1677,-3807
Mladen Maticevic,4842,1033,-3809
V.Z. Dhorai,5369,1559,-3810
Jörg Buttgereit,14300,10487,-3813
Brett Thompson,6230,2415,-3815
Michael D. Sellers,7990,4175,-3815
Fernando E. Solanas,4150,330,-3820
Dragan Marinkovic,4924,1101,-3823
Paris Leonti,9950,6125,-3825
Anna Elizabeth James,5335,1510,-3825
Ricardo de Montreuil,17565,13735,-3830
Yukiyo Teramoto,9955,6120,-3835
You-Jeong Jang,7355,3510,-3845
Clément Cogitore,5960,2115,-3845
Adam Collis,9145,5299,-3846
Tomy Wigand,5475,1620,-3855
Darrell Wheat,10000,6124,-3876
Shirley Barrett,8350,4473,-3877
Jack Bennett,4253,375,-3878
Jung-chi Chang,5105,1220,-3885
Werner Boote,6175,2290,-3885
Raja Amari,4450,560,-3890
Matthew Ogens,6825,2935,-3890
Jose Pozo,5010,1118,-3892
Batan Silva,4060,165,-3895
Josh Crook,4235,340,-3895
Haruki Kadokawa,5725,1830,-3895
Nana Dzhordzhadze,4100,200,-3900
Vanessa Parise,6295,2395,-3900
Daoud Abdel Sayed,8556,4647,-3909
Florian Gallenberger,5745,1835,-3910
Atef El-Tayeb,5600,1680,-3920
Mark Peploe,6625,2690,-3935
Milind Ukey,6002,2064,-3938
Saul Rubinek,10315,6371,-3944
Mike Gunther,6145,2200,-3945
Alexis Durand-Brault,5250,1300,-3950
Tamar van den Dop,5660,1705,-3955
Audrey Cummings,10190,6230,-3960
Zachary Weintraub,6730,2765,-3965
Junji Shimizu,14130,10160,-3970
Keita Amemiya,4205,232,-3973
Penny Woolcock,5516,1537,-3979
Lyman Dayton,4715,736,-3979
Juan Pablo Buscarini,4540,560,-3980
Alex Cox,4730,744,-3986
Umberto Riccioni Carteni,5385,1395,-3990
Gábor Herendi,26125,22131,-3994
Bruce McDonald,7425,3430,-3995
Onir,6660,2665,-3995
Ivan I. Tverdovskiy,6080,2085,-3995
Toshiaki Toyoda,5700,1700,-4000
Mamoru Hoshi,5455,1455,-4000
Chema de la Peña,4488,480,-4008
Sandrine Veysset,4450,441,-4009
David Serrano,15115,11105,-4010
Robert M. Young,4975,961,-4014
Sven Methling,6405,2378,-4027
Enrique Piñeyro,7550,3523,-4027
Johnpaul George,12325,8295,-4030
Marc-André Lavoie,14550,10514,-4036
György Fehér,5115,1075,-4040
Pearry Reginald Teo,14390,10350,-4040
Hagar Ben-Asher,4690,649,-4041
Lorenzo Vigas,20330,16285,-4045
Pitipol Ybarra,8483,4432,-4051
Paul Leyden,26520,22460,-4060
Vlad Yudin,4740,677,-4063
Michael Martin,12110,8044,-4066
Chris Walas,10220,6154,-4066
Heo In-moo,5315,1240,-4075
Takeshi Furusawa,4590,515,-4075
Isaac H. Eaton,4675,597,-4078
Ivaylo Hristov,6514,2430,-4084
Alejandro Jodorowsky,7620,3535,-4085
Yoon Ga-eun,5410,1325,-4085
Peter Raymont,5440,1348,-4092
Kevin R. Hershberger,4203,111,-4092
Stanley Nelson,11517,7420,-4097
Eeshwar Nivas,19465,15365,-4100
Zack Bernbaum,4695,595,-4100
Florian Gottschick,6650,2549,-4101
Thomas J. Churchill,5709,1607,-4102
Luc Picard,5799,1695,-4104
Margaret Brown,7100,2985,-4115
Hyun-Sung Moon,6615,2500,-4115
Jean-Marc Piché,10445,6329,-4116
Arvin Chen,7320,3190,-4130
Jarmo Lampela,4305,174,-4131
Ben Smallbone,20805,16670,-4135
Mei Hu,4399,260,-4139
Alexandra Leclère,9310,5170,-4140
Helvecio Ratton,5125,980,-4145
Matt Drummond,10585,6440,-4145
Michael Stokes,5565,1417,-4148
Juliusz Machulski,7720,3568,-4152
Rajiv Rai,7510,3358,-4152
Farogh Siddique,4515,358,-4157
Rodrigo Moreno,4745,587,-4158
Juan Taratuto,12415,8245,-4170
Chihiro Amano,4330,156,-4174
David Gleeson,13000,8825,-4175
Keith Samples,7660,3484,-4176
Duncan Ward,20950,16774,-4176
Archie Lopez,4368,191,-4177
Antonin Peretjatko,6045,1865,-4180
Julian Grant,5085,903,-4182
Pieter Kramer,8145,3961,-4184
David Keating,9845,5655,-4190
Adam Goldberg,8113,3920,-4193
Leslye Headland,244695,240500,-4195
Lisa Siwe,9825,5622,-4203
Daniel Alfredson,6560,2354,-4206
Heitor Dhalia,5015,807,-4208
Craig Ross Jr.,4788,578,-4210
Krzysztof Krauze,8580,4365,-4215
Robert Shaye,6405,2190,-4215
Eldar Ryazanov,5090,875,-4215
Michael D. Akers,12350,8130,-4220
Michel Leclerc,9260,5035,-4225
Manijeh Hekmat,5010,780,-4230
John Stimpson,8120,3890,-4230
Gert Embrechts,4355,124,-4231
Richard Schickel,5881,1650,-4231
Özcan Deniz,16473,12240,-4233
Christian Carion,12000,7755,-4245
Matthew Irmas,5815,1570,-4245
Evgeny Afineevsky,4930,685,-4245
Susanne Regina Meures,4840,590,-4250
Ida Panahandeh,8102,3849,-4253
Peter Timm,6237,1981,-4256
Martine Dugowson,5310,1043,-4267
Sung Hyung Cho,5460,1185,-4275
Mohamed Ben Attia,6635,2355,-4280
Iván Noel,4815,530,-4285
Scott J. Gill,13495,9209,-4286
Julia Rezende,7643,3355,-4288
Petr Zelenka,5713,1420,-4293
Wojciech Marczewski,5975,1677,-4298
Vitali Kanevsky,4680,380,-4300
Frédéric Tellier,14130,9820,-4310
Gustaf Åkerblom,5950,1640,-4310
Jorge Hernandez Aldana,8430,4119,-4311
Maciej Pieprzyca,7176,2860,-4316
Angela Pope,10098,5780,-4318
Jianqi Huo,5432,1109,-4323
Leif Lindblom,10080,5756,-4324
Keith Gordon,49135,44800,-4335
Srijit Mukherji,16191,11855,-4336
Gábor Koltay,5810,1469,-4341
Werner Schroeter,6085,1740,-4345
Mohamad Reza Honarmand,6258,1911,-4347
Megumi Sasaki,4455,108,-4347
Alessandro De Gaetano,6170,1815,-4355
Emma-Kate Croghan,10375,6019,-4356
Benoît Mariage,6725,2365,-4360
Aleksandr Melnik,10365,6000,-4365
Tuukka Temonen,6025,1650,-4375
Marko Mäkilaakso,13985,9610,-4375
Yorgos Noussias,9475,5095,-4380
Aparna Sen,5888,1507,-4381
Ömer Kavur,6280,1899,-4381
Stephane Gauger,4845,462,-4383
Jeremy Kagan,8620,4217,-4403
Mabel Cheung,5920,1515,-4405
Ka-Fai Wai,6460,2055,-4405
Paul Tanter,5076,670,-4406
Seong-gang Lee,4560,150,-4410
Bertrand Blier,6870,2455,-4415
Eric Small,8615,4200,-4415
Jessica Yu,9025,4605,-4420
Kôji Kawano,4585,164,-4421
Vasanth,5772,1350,-4422
Hank Braxtan,6160,1735,-4425
Mikel Rueda,6105,1680,-4425
Franziska Meyer Price,7340,2915,-4425
Maris Martinsons,4723,297,-4426
Michael Kang,6242,1805,-4437
Cybil Richards,4690,250,-4440
Paul Sapiano,16787,12334,-4453
Reinout Oerlemans,27610,23150,-4460
Cosimo Alemà,7050,2588,-4462
Nicolás López,7600,3126,-4474
Stuart Urban,6880,2390,-4490
Zeki Demirkubuz,17505,13010,-4495
Dan Garcia,4886,384,-4502
Andrew Rossi,13919,9405,-4514
Shoojit Sircar,94465,89945,-4520
Rodman Flender,8110,3590,-4520
Rajiv Menon,11297,6775,-4522
Jeremy Berg,6120,1590,-4530
Julien Rappeneau,6760,2220,-4540
Steve Hoover,8320,3780,-4540
Robert Clouse,7415,2870,-4545
Eben McGarr,5555,1010,-4545
Peter Gersina,5386,837,-4549
Andrew Van Slee,4810,260,-4550
Gulshat Omarova,5290,737,-4553
Tom Löwe,6615,2060,-4555
LeVar Burton,6215,1655,-4560
Jesse O'Brien,11410,6845,-4565
Alain Robak,11660,7088,-4572
Alberto Sciamma,6695,2120,-4575
Geoff Anderson,6280,1705,-4575
Oliver Robins,5295,715,-4580
Nik Fackler,11905,7325,-4580
Lutz Hachmeister,5105,520,-4585
Ben Demaree,11435,6845,-4590
Gary Sherman,11705,7113,-4592
Kurt Hale,6933,2341,-4592
Neri Parenti,8154,3555,-4599
Frank van Mechelen,7630,3023,-4607
Roberto Castón,4925,315,-4610
Pascal Bourdiaux,14600,9990,-4610
Michael D. Olmos,7040,2428,-4612
Erik Nelson,6437,1821,-4616
Charles Finch,5430,800,-4630
Antony J. Bowman,11775,7133,-4642
Caryn Waechter,11260,6615,-4645
Gilbert Chan,5150,505,-4645
Mladen Djordjevic,11825,7177,-4648
Joe Dante,62215,57565,-4650
Mark Jonathan Harris,6370,1695,-4675
Vera Chytilová,5342,665,-4677
Marco Polo Constandse,8487,3795,-4692
Byeong-ki Ahn,5010,316,-4694
Kenta Fukasaku,4945,251,-4694
Claude Zidi,11145,6450,-4695
Josh Aronson,5325,628,-4697
Gabriel Cowan,14536,9817,-4719
Nadeem Baig,13524,8805,-4719
Pierre Godeau,9802,5080,-4722
Sanne Vogel,9717,4985,-4732
John Pilger,8465,3722,-4743
Vladimir Toropchin,10810,6062,-4748
Jai-hong Juhn,5210,457,-4753
Gus Krieger,5475,720,-4755
Wang Bing,6670,1915,-4755
Debs Paterson,7695,2930,-4765
K. King,14080,9315,-4765
Toe Yuen,6300,1534,-4766
Bruce McCulloch,11700,6925,-4775
Niki Iliev,9095,4318,-4777
Jim Strouse,48565,43785,-4780
Jérôme Le Gris,7065,2285,-4780
Amit Saxena,11695,6900,-4795
Kuku Kohli,7401,2602,-4799
Robert Patton-Spruill,5223,422,-4801
Cess Silvera,24100,19298,-4802
Dennis Law,5502,697,-4805
Will Wernick,69780,64975,-4805
Sam Friedlander,7845,3035,-4810
Raimund Huber,5140,325,-4815
Radu Jude,8500,3680,-4820
Yony Leyser,6210,1380,-4830
Noémie Saglio,7575,2745,-4830
Jonathan Wacks,16790,11960,-4830
Glenn Triggs,5276,445,-4831
Matthew Bate,5441,605,-4836
Jun'ichi Yamamoto,4936,95,-4841
Brad Mirman,28330,23485,-4845
Andy Palmer,8572,3725,-4847
Christos Dimas,7354,2505,-4849
C.M. Talkington,24350,19494,-4856
Buddy Giovinazzo,8755,3896,-4859
Eric Forsberg,7355,2490,-4865
Valeriya Gay Germanika,5403,538,-4865
Sang-hoon Ahn,9320,4451,-4869
Fábio Barreto,6244,1371,-4873
Steve Latshaw,6516,1636,-4880
Coline Serreau,7350,2464,-4886
Anders Morgenthaler,14230,9340,-4890
Khaled Marei,18105,13209,-4896
Toshikazu Nagae,5541,645,-4896
Anil Devgan,8119,3217,-4902
Roberto Girault,6115,1210,-4905
Ilyssa Goodman,5755,840,-4915
Dipendra K. Khanal,5240,324,-4916
Mahmut Fazil Coskun,13795,8875,-4920
Siu-Tung Ching,19995,15075,-4920
Martin Barnewitz,8245,3320,-4925
Yûji Shimomura,9510,4575,-4935
Kyeong-hyeong Kim,12790,7852,-4938
John Ruane,7260,2320,-4940
Marc Esposito,7549,2605,-4944
Matthew Berkowitz,10210,5261,-4949
Bill Milling,6380,1428,-4952
Boudewijn Koole,7481,2520,-4961
Katrin Gebbe,10715,5750,-4965
Lik-Chi Lee,5770,795,-4975
Tom Gilroy,7505,2525,-4980
Equan Choi,8580,3599,-4981
Jung-hwan Kim,5675,690,-4985
Justin Krook,5816,830,-4986
Moufida Tlatli,5560,574,-4986
Cedric Sundstrom,21903,16916,-4987
Cristi Puiu,11805,6815,-4990
Olaf Ittenbach,6295,1298,-4997
Susan Streitfeld,13230,8226,-5004
Marcelo Briem Stamm,6891,1885,-5006
Mark Rosman,6845,1830,-5015
Jane Magnusson,5355,335,-5020
Deborah Scranton,6585,1565,-5020
Danny Green,5585,562,-5023
Mark Joffe,11080,6055,-5025
Josh Stewart,7685,2655,-5030
Karoline Herfurth,10770,5735,-5035
Paul Quinn,9175,4127,-5048
István Szabó,7115,2065,-5050
Erik Greenberg Anjou,6760,1705,-5055
Thierry Notz,6585,1525,-5060
Carlos Iglesias,6099,1032,-5067
Alfred Lot,9255,4187,-5068
Tunç Basaran,8185,3102,-5083
Ernesto Díaz Espinoza,9364,4280,-5084
Ryan Barton-Grimley,6320,1210,-5110
Johannes Pinter,6625,1515,-5110
Pascal-Alex Vincent,6795,1683,-5112
Wiebke von Carolsfeld,7145,2032,-5113
Paul Fenech,7721,2603,-5118
Arjun Sablok,13959,8835,-5124
Gary Wheeler,8920,3790,-5130
Franziska Buch,6255,1125,-5130
Lee Davis,6980,1849,-5131
Francis Veber,10270,5135,-5135
Timothy Bond,6023,887,-5136
Danny Roth,7830,2690,-5140
In-chun Oh,5655,515,-5140
Renpei Tsukamoto,7327,2185,-5142
Christopher N. Rowley,11504,6355,-5149
Elio Quiroga,8120,2952,-5168
Mort Ransen,5623,449,-5174
Hwan-kyung Lee,6925,1750,-5175
AJ Schnack,13068,7891,-5177
Kareem Mortimer,5622,445,-5177
María Lidón,14490,9310,-5180
Jesse Baget,6810,1630,-5180
H. Vinoth,58335,53155,-5180
Fellipe Barbosa,12533,7350,-5183
Gabriel Bartalos,9660,4473,-5187
Ryszard Bugajski,6910,1710,-5200
Sam Henry Kass,9290,4088,-5202
Tony Markes,9160,3938,-5222
Kohl Glass,9955,4730,-5225
R.S. Durai Senthilkumar,14582,9355,-5227
Eon-hie Lee,11425,6185,-5240
Marc Wiese,5820,565,-5255
Nacho G. Velilla,11215,5955,-5260
Changwei Gu,5630,368,-5262
Dale Fabrigar,6732,1465,-5267
Richard Spence,10205,4935,-5270
Kevin Carraway,13608,8335,-5273
Mario Andreacchio,10275,4995,-5280
Andrej Kosak,6180,890,-5290
Bart Layton,252865,247570,-5295
Jérôme Cohen-Olivar,42348,37045,-5303
Sondra Locke,7500,2195,-5305
Da Peng,7065,1746,-5319
Filipp Yankovskiy,8136,2814,-5322
David J. Espinosa,8825,3500,-5325
Piotr J. Lewandowski,5890,560,-5330
Jay Lowi,13230,7895,-5335
Spencer McCall,7050,1714,-5336
Mariana Chenillo,5795,450,-5345
Wallace Wolodarsky,20475,15125,-5350
Fabian Wullenweber,6040,675,-5365
Vito Trabucco,7203,1821,-5382
Éric Tessier,6605,1220,-5385
Almut Getto,6020,632,-5388
Ivan Vyrypaev,6660,1266,-5394
Jun-hee Han,11120,5720,-5400
Andy Lauer,7495,2090,-5405
Arild Østin Ommundsen,6839,1431,-5408
Karim Traïdia,7130,1719,-5411
Doze Niu,9851,4435,-5416
Antonio Cuadri,6685,1265,-5420
Anika Decker,12280,6860,-5420
Gakuryû Ishii,6600,1160,-5440
Salvador Litvak,7745,2295,-5450
Nadia Tass,7385,1930,-5455
Mike Testin,7985,2521,-5464
Sergio Machado,9170,3705,-5465
Inon Shampanier,14795,9325,-5470
Mikhail Khleborodov,9824,4328,-5496
Hitoshi Matsumoto,20010,14510,-5500
Aleksi Mäkelä,8162,2660,-5502
Rodney Evans,6320,815,-5505
Castille Landon,8075,2555,-5520
Paul Marcus,10725,5200,-5525
Patryk Vega,10390,4851,-5539
Brian O'Malley,53865,48325,-5540
Korhan Bozkurt,18109,12564,-5545
Stuart Connelly,7660,2110,-5550
Julien Seri,12540,6965,-5575
Mohamed Amin,8580,2999,-5581
Peter Duncan,12140,6555,-5585
Tommy Reid,5755,168,-5587
Blayne Weaver,10337,4747,-5590
Michaël Youn,12305,6695,-5610
Sean Cisterna,9225,3615,-5610
Tanit Jitnukul,6299,668,-5631
Miguel Ángel Vivas,34114,28480,-5634
Emile Edwin Smith,17300,11655,-5645
Rakeysh Omprakash Mehra,9135,3490,-5645
Michael Oblowitz,6665,1020,-5645
Richard Colton,6773,1110,-5663
Magdalena Piekorz,6710,1045,-5665
George Ovashvili,6725,1055,-5670
Sean Tretta,11020,5350,-5670
Christopher Ray,7465,1795,-5670
Marc Fouchard,6390,710,-5680
Celso R. García,9050,3365,-5685
Weijun Chen,5922,235,-5687
Takao Nakano,5816,123,-5693
Alexandre Franchi,10110,4404,-5706
Babis Makridis,6856,1150,-5706
Simon Hung,10325,4616,-5709
Ana Kokkinos,9624,3915,-5709
Henrik Georgsson,7296,1585,-5711
Shamim Sarif,23485,17770,-5715
Vladimir Blazevski,6345,625,-5720
Konstantin Bojanov,6642,920,-5722
Xawery Zulawski,8405,2680,-5725
Orson Oblowitz,6476,735,-5741
Jan Egleson,29370,23625,-5745
Eduardo Rodriguez,8896,3145,-5751
Pavel Lungin,10010,4259,-5751
Stig Svendsen,14858,9104,-5754
Natalia Meta,11620,5865,-5755
Cristiano Bortone,6391,630,-5761
Jake Clennell,7375,1611,-5764
Hiroki Yamaguchi,5940,165,-5775
Luciano Ligabue,12510,6730,-5780
Alan Wade,8190,2402,-5788
Mandeep Kumar,9154,3366,-5788
Robert Greenwald,6840,1051,-5789
Gonzalo Arijon,7410,1616,-5794
Sangeeth Sivan,14360,8562,-5798
Simone Godano,10725,4925,-5800
Matt Dillon,29130,23321,-5809
Tony Randel,6500,670,-5830
Casper Van Dien,7083,1250,-5833
Kevin Ko,6645,800,-5845
Bosco Lam,5990,143,-5847
Ryszard Zatorski,7868,2020,-5848
Andrew O'Connor,29550,23701,-5849
Yoshihiro Ueda,35035,29180,-5855
Rahul Ravindran,10025,4170,-5855
Andrew Black,13975,8120,-5855
Serban Marinescu,7518,1658,-5860
Fredrik Edfeldt,8115,2245,-5870
Evan Tramel,5960,88,-5872
Jean-Pierre Denis,6590,716,-5874
Satoshi Nishimura,29530,23648,-5882
Jill Sprecher,32890,27005,-5885
Enzo Barboni,6885,1000,-5885
Heinrich Breloer,7850,1960,-5890
Matthew Saville,13815,7903,-5912
Martin Schmidt,6560,648,-5912
J.F. Lawton,17515,11598,-5917
Sibi Malayil,6270,351,-5919
Shaji N. Karun,6240,312,-5928
Gérard Jugnot,7020,1079,-5941
Carlos Moreno,9250,3305,-5945
R. Madhesh,7144,1196,-5948
Sanjay Jadhav,6499,551,-5948
Marco Bechis,8753,2804,-5949
M.A. Taylor,7015,1065,-5950
Ömer Ugur,9374,3413,-5961
Yongyoot Thongkongtoon,7360,1376,-5984
Mike Nawrocki,15470,9480,-5990
Suresh Krishna,6614,621,-5993
Francesco Laudadio,6175,150,-6025
Sabiha Sumar,6175,145,-6030
Mike Slee,6810,765,-6045
Jerzy Hoffman,16543,10495,-6048
David France,21800,15750,-6050
Hernán Zin,6572,520,-6052
Tatsuyuki Nagai,13895,7835,-6060
Auraeus Solito,6606,539,-6067
Nicholas DiBella,11258,5190,-6068
Barbara Stepansky,8365,2295,-6070
Peter Mervis,6895,825,-6070
Brett Piper,8955,2881,-6074
David Lewis,8340,2257,-6083
Michel Ocelot,12105,6020,-6085
Jane Weinstock,8880,2785,-6095
Joe Gayton,10715,4619,-6096
Helena Bergström,11120,5017,-6103
Jonas Quastel,10255,4135,-6120
Nicolas Vanier,7227,1105,-6122
Sidney J. Furie,6900,772,-6128
Michael Bartlett,11646,5502,-6144
Will Koopman,11025,4880,-6145
Kae-Byeok Lee,8838,2690,-6148
George Bessudo,19185,13035,-6150
Benedict Andrews,58035,51875,-6160
Friðrik Þór Friðriksson,8015,1816,-6199
Dzhanik Fayziev,19279,13070,-6209
Jerry Calà,7120,901,-6219
Aleksandr Voytinskiy,6320,90,-6230
Atsushi Takahashi,12615,6360,-6255
Yûdai Yamaguchi,7615,1357,-6258
Clay Tweel,12868,6599,-6269
T.J. Scott,7840,1561,-6279
Carlos Portugal,8365,2085,-6280
Dean Matthew Ronalds,7275,990,-6285
Jo Dong-oh,10170,3875,-6295
Peter Mackie Burns,10935,4630,-6305
Hamid Nematollah,13111,6801,-6310
Zero Chou,6652,315,-6337
Timothy A. Chey,9670,3330,-6340
Darrell Roodt,7179,835,-6344
Masakazu Hashimoto,7970,1620,-6350
Hal Salwen,7090,740,-6350
Severin Eskeland,7525,1170,-6355
Yôhei Fukuda,6870,510,-6360
Norihiro Koizumi,9775,3415,-6360
Luc Dionne,8470,2109,-6361
Glenn Miller,9615,3245,-6370
David Gregory,7443,1070,-6373
Pascal Morelli,7275,890,-6385
Michael Radford,17940,11535,-6405
Alexandre Moors,30265,23850,-6415
Ari Gold,9950,3535,-6415
Mark Rydell,30405,23985,-6420
Marzieh Makhmalbaf,9960,3535,-6425
Tôya Satô,8879,2420,-6459
Rachel Ward,12470,6005,-6465
Katsuhito Ishii,9257,2790,-6467
Nick Cannon,8856,2385,-6471
Jacob Thuesen,10172,3700,-6472
Friedrich Moser,6675,200,-6475
Jim Hanon,17538,11060,-6478
Martin Walz,17000,10516,-6484
Boaz Davidson,8255,1770,-6485
Matthew A. Brown,9195,2707,-6488
Jonathan Parker,11090,4600,-6490
Chun-Liang Chen,6745,247,-6498
Jaime Osorio Marquez,8665,2157,-6508
Renzil D'Silva,27575,21050,-6525
Fuminori Kizaki,8265,1740,-6525
Amin Matalqa,8780,2243,-6537
Antti-Jussi Annila,20240,13700,-6540
Vikraman,7191,647,-6544
Neil Mackay,6835,285,-6550
Éléonore Faucher,7730,1175,-6555
Sonny Mallhi,11850,5295,-6555
Philippe Muyl,9970,3405,-6565
Dylan K. Narang,7095,520,-6575
Asia Argento,13790,7210,-6580
Marshall Lewy,12265,5665,-6600
Neil Breen,17255,10654,-6601
Igor Lopatonok,21200,14590,-6610
Oskar Santos,10000,3390,-6610
Kim Rossi Stuart,13380,6756,-6624
Bruce Leddy,10125,3485,-6640
Tim Hunter,14150,7495,-6655
Eugene Brady,7385,725,-6660
Hasan Karacadag,19739,13077,-6662
Sampath Nandi,11687,5025,-6662
Richard Jobson,8725,2061,-6664
Michael Barnett,8850,2183,-6667
Gustavo Cova,7695,1016,-6679
Mariusz Palej,7505,825,-6680
Maciej Slesicki,9506,2823,-6683
Tomas Villum Jensen,14625,7928,-6697
Joona Tena,11595,4890,-6705
James Plumb,7750,1044,-6706
Rezo Gigineishvili,7620,910,-6710
Francesco Bruni,8660,1935,-6725
Robert Adetuyi,6995,266,-6729
Peter Schønau Fog,12495,5760,-6735
Manish Jha,11315,4567,-6748
Ralf Huettner,7556,780,-6776
Yvan Attal,18740,11960,-6780
Tae-kyeong Kim,10360,3575,-6785
Andrea Segre,7873,1085,-6788
Eddie Martin,11611,4813,-6798
Sarann,7067,267,-6800
Sophie Barthes,51215,44405,-6810
Valerio Zanoli,38355,31526,-6829
Joydip Mukherjee,10341,3511,-6830
Venita Ozols-Graham,8635,1791,-6844
Greg Harrison,22680,15830,-6850
Joachim Masannek,9695,2825,-6870
Josh Appignanesi,21275,14399,-6876
André Singer,17290,10394,-6896
Brad J. Silverman,8858,1960,-6898
Saeed Hamed,10703,3804,-6899
Pablo Berger,20325,13415,-6910
Betty Kaplan,12040,5113,-6927
Fred Gallo,7705,757,-6948
Gavin Michael Booth,9488,2525,-6963
Alex Lehmann,84196,77230,-6966
Srikanth Addala,22328,15349,-6979
Özgür Yildirim,19115,12130,-6985
Ignas Jonynas,8585,1570,-7015
Chandra Prakash Dwivedi,15025,7955,-7070
Marian Dora,7565,490,-7075
Tareque Masud,17042,9962,-7080
Matia Karrell,8320,1225,-7095
Jesse Vaughan,35590,28488,-7102
Danilo Beckovic,13525,6420,-7105
Glenn Gaylord,13260,6155,-7105
Albert Ter Heerdt,14130,7023,-7107
Hyeong-jun Bae,9860,2750,-7110
Les Mahoney,10190,3080,-7110
Ilinca Calugareanu,12300,5175,-7125
Alessandro Siani,9375,2240,-7135
Andrew Morgan,29229,22065,-7164
Shûichi Okita,7760,595,-7165
Ho-Cheung Pang,8515,1345,-7170
Hwi Kim,8610,1440,-7170
Lisa France,8560,1375,-7185
John De Bello,8540,1355,-7185
Ask Hasselbalch,12145,4925,-7220
Adoor Gopalakrishnan,7873,640,-7233
Steve Miner,29490,22230,-7260
Shozin Fukui,11700,4434,-7266
Adolfo Aristarain,13995,6725,-7270
Stevan Mena,18985,11715,-7270
Gabriel Axel,12365,5087,-7278
Michel Blanc,10120,2840,-7280
David Lambert,8045,763,-7282
Barnaby Southcombe,11630,4330,-7300
Takashi Yamazaki,23725,16404,-7321
Chris Moukarbel,11575,4250,-7325
Louis Saia,9175,1830,-7345
Krishnadev Yagnik,10536,3187,-7349
Jeffrey Walker,20063,12711,-7352
Pieter Van Hees,8936,1575,-7361
Stephen Nomura Schible,9985,2613,-7372
Péter Tímár,9722,2345,-7377
Amr Arafa,13209,5830,-7379
Harald Hamrell,9755,2365,-7390
Derek Hui,9255,1865,-7390
John Borowski,9595,2191,-7404
Barry Shils,11030,3610,-7420
Theo Love,11294,3870,-7424
Andy De Emmony,16365,8940,-7425
Maria Giese,12735,5301,-7434
Eva Ionesco,9455,2010,-7445
Tony Bui,16515,9060,-7455
Dave Schultz,7685,225,-7460
Julie Bertuccelli,13210,5740,-7470
Krisztina Goda,16330,8856,-7474
Mihály Schwechtje,12630,5139,-7491
Dan Cohen,9040,1543,-7497
Ryan Nicholson,8265,738,-7527
Rajiv Anchal,7697,160,-7537
Dong-bin Kim,9789,2249,-7540
Scott Graham,8840,1300,-7540
Umur Turagay,23493,15945,-7548
Samuel Maoz,47924,40360,-7564
Piotr Domalewski,14785,7200,-7585
Paul Oremland,8975,1370,-7605
Martti Helde,8550,920,-7630
Robert Krause,8245,615,-7630
Michael Rapaport,20395,12765,-7630
Jasmin Dizdar,12855,5220,-7635
Jack Heller,63480,55845,-7635
Kang Hyeong-cheol,21990,14345,-7645
Dae-wung Lim,13125,5475,-7650
Keren Yedaya,8070,405,-7665
Jonny Owen,9620,1955,-7665
Patrice Pooyard,8855,1185,-7670
Scott Wheeler,14970,7296,-7674
David Parker,8095,410,-7685
Laurits Munch-Petersen,8255,565,-7690
George Bamber,10495,2780,-7715
Joan Micklin Silver,10580,2860,-7720
Marshall Cook,9250,1520,-7730
Henri Verneuil,18195,10405,-7790
James D. Stern,9725,1935,-7790
A.L. Vijay,9814,2022,-7792
Kôki Mitani,10530,2737,-7793
Veiko Õunpuu,10590,2795,-7795
Klaus Menzel,7980,180,-7800
Gabriela Pichler,11455,3650,-7805
Adam Deyoe,16030,8221,-7809
Peter Andrikidis,13480,5665,-7815
Jon Keeyes,9121,1304,-7817
Karim Hussain,10460,2625,-7835
Oliver Irving,19940,12100,-7840
Róbert Koltai,10010,2150,-7860
Vijay Chandar,10175,2315,-7860
Astra Taylor,8879,1010,-7869
Yung Chang,9735,1860,-7875
Benny Chan,8850,960,-7890
Stephen Kay,12245,4338,-7907
Thom Andersen,13730,5812,-7918
Corneliu Porumboiu,40650,32720,-7930
Granaz Moussavi,8570,640,-7930
Åke Sandgren,11055,3125,-7930
Santiago Amigorena,9350,1407,-7943
Venu Isc,14802,6855,-7947
Hee-chan Ra,10855,2907,-7948
Perttu Leppä,13485,5526,-7959
Pablo Giorgelli,12280,4305,-7975
Mika Ninagawa,10745,2768,-7977
Borys Lankosz,11525,3530,-7995
Toshiyuki Kubooka,67011,59010,-8001
Nicolas Cuche,10821,2810,-8011
Kevin O'Neill,10145,2125,-8020
Josh Evans,8232,200,-8032
Gary Jones,14605,6565,-8040
Kenneth Bowser,15485,7439,-8046
Lenka Hellstedt,9655,1598,-8057
Warren P. Sonoda,8726,650,-8076
Benjamin Ross,19130,11035,-8095
David Freyne,47105,39010,-8095
José Henrique Fonseca,15590,7480,-8110
Andrey Zaytsev,8749,635,-8114
Tomasz Konecki,9221,1090,-8131
Philippe Grandrieux,9470,1325,-8145
Jeremy Kasten,9585,1420,-8165
Kim Jin Young,9720,1550,-8170
Tauquir Ahmed,10911,2738,-8173
Lisa Aschan,12040,3860,-8180
Lieven Debrauwer,9150,948,-8202
Marcus Warren,10905,2699,-8206
Joseph J. Lawson,12955,4735,-8220
Harry Bromley Davenport,9355,1110,-8245
Antony Cordier,12250,4005,-8245
Jourdan McClure,10095,1837,-8258
Klaus Härö,9675,1410,-8265
Emmett Malloy,12505,4233,-8272
Kevin Hamedani,21445,13169,-8276
Wael Ihsan,9271,990,-8281
Laurie Lynd,9916,1635,-8281
Jim Wynorski,8734,450,-8284
Jean Becker,10960,2675,-8285
Erik Kristopher Myers,16484,8180,-8304
Vishal Bhardwaj,30959,22645,-8314
Avi Nesher,10415,2095,-8320
Alberto Mar,9720,1400,-8320
Brian Trenchard-Smith,32635,24295,-8340
Sacha Bennett,9543,1195,-8348
Marko Nabersnik,9130,781,-8349
Veit Helmer,14075,5725,-8350
Joe Otting,10695,2330,-8365
Meltem Bozoflu,18078,9710,-8368
Shyam Madiraju,16170,7802,-8368
Diederik Ebbinge,9650,1280,-8370
Andrea Blaugrund Nevins,10340,1965,-8375
René Sampaio,16185,7810,-8375
Romuald Karmakar,9441,1065,-8376
Anthony Marciano,17050,8665,-8385
Tommy Bertelsen,13555,5150,-8405
Justin MacGregor,13890,5480,-8410
David Giancola,17700,9285,-8415
Peter Schrøder,11560,3120,-8440
Gabriela Amaral,9455,990,-8465
Masaaki Taniguchi,8615,141,-8474
Hadi Hajaig,43103,34590,-8513
Corey Grant,9876,1360,-8516
Mary Harron,35635,27115,-8520
Fran Strine,8993,425,-8568
Riad Sattouf,22055,13465,-8590
Mark Hammond,8820,230,-8590
Kim Ki-duk,9270,665,-8605
Roman Kachanov,9719,1112,-8607
Byung-woo Kim,16195,7585,-8610
Andrew Wagner,13847,5230,-8617
Mostofa Sarwar Farooki,10787,2130,-8657
Skott Snider,9635,975,-8660
Toshio Lee,13395,4725,-8670
Andrey Kravchuk,16705,8035,-8670
Dheeraj Akolkar,8900,185,-8715
Shana Betz,12470,3750,-8720
Anant Mahadevan,8820,94,-8726
Adrian Grunberg,558745,550015,-8730
Hector Echavarria,9585,849,-8736
Suseenthiran,9508,770,-8738
Lian Lunson,11695,2929,-8766
Malcolm Mowbray,16355,7581,-8774
Angus MacLachlan,12565,3785,-8780
Pat Kiely,11285,2490,-8795
Alain Chabat,23935,15130,-8805
Sarah Kelly,14590,5778,-8812
Brent Ryan Green,12055,3239,-8816
Rick Stevenson,10600,1783,-8817
Jeong-kwon Kim,11205,2377,-8828
Svetlana Baskova,9699,851,-8848
Lucio Fulci,15456,6585,-8871
Keith Hartman,9475,604,-8871
Vineeth Sreenivasan,14538,5645,-8893
Michael Haneke,93905,85010,-8895
Kôjirô Hashimoto,9915,1010,-8905
Jose Prendes,10116,1208,-8908
Pierre-Paul Renders,10245,1330,-8915
Soundarya Rajinikanth Vishagan,24565,15645,-8920
Patrick Garcia,15385,6463,-8922
Roko Belic,9144,220,-8924
Rishab Shetty,23675,14750,-8925
Nabeel Qureshi,14016,5085,-8931
James Glickenhaus,11380,2440,-8940
Ray Müller,15285,6342,-8943
Kheiron,13510,4560,-8950
Massimiliano Bruno,17045,8080,-8965
Renos Haralambidis,13070,4091,-8979
Gábor Reisz,23205,14220,-8985
Duane Adler,13548,4560,-8988
Ali Idris,10593,1599,-8994
Stephen Gyllenhaal,12320,3325,-8995
Louis C.K.,32459,23450,-9009
Ash Mayfair,11560,2544,-9016
Sarasawadee Wongsompetch,10485,1460,-9025
Marvin Kren,29655,20625,-9030
Daniel Lind Lagerlöf,11605,2556,-9049
Daniel Schmidt,11625,2572,-9053
Yves Angelo,10395,1340,-9055
Don Hahn,16390,7335,-9055
Ben Rock,27319,18256,-9063
Férid Boughedir,10375,1284,-9091
Del Shores,17635,8535,-9100
Gary Hardwick,25420,16320,-9100
Xavier Koller,11275,2175,-9100
Rory Kelly,14115,4975,-9140
Rocco Papaleo,11380,2222,-9158
Tony Vitale,10590,1425,-9165
Venky Atluri,17690,8515,-9175
George Butler,11015,1819,-9196
Vincent Bal,11326,2110,-9216
Christoph Schrewe,12305,3085,-9220
Michael Crum,10360,1138,-9222
Nina Paley,24835,15561,-9274
Errol Morris,14158,4880,-9278
Don Tjernagel,18575,9285,-9290
Dictynna Hood,15830,6527,-9303
Jannik Johansen,15780,6469,-9311
Jack N. Green,11605,2290,-9315
Leonardo Pieraccioni,13362,4030,-9332
Sophon Sakdaphisit,15720,6380,-9340
Takayuki Hirao,10550,1200,-9350
Bhushan Patel,11275,1925,-9350
Hannah Fidell,27165,17815,-9350
Trent Harris,10035,676,-9359
Jim Hosking,42740,33380,-9360
Roger Nygard,11045,1685,-9360
Theo Avgerinos,14230,4866,-9364
Biyi Bandele,10780,1415,-9365
Dusan Milic,11225,1849,-9376
Amit Gupta,9800,415,-9385
Boris Quercia,13405,4020,-9385
Susan Lacy,13415,4015,-9400
Nick Willing,14275,4863,-9412
Craig Shapiro,25870,16430,-9440
Ken Scott,52283,42810,-9473
Murat Aslan,27733,18252,-9481
David G. Evans,16380,6885,-9495
Donal Lardner Ward,12730,3234,-9496
Julio DePietro,48870,39368,-9502
Robert Jan Westdijk,12975,3470,-9505
Atalay Tasdiken,10535,1018,-9517
Sandy Tung,13645,4121,-9524
Cláudio Assis,12265,2729,-9536
Yong-ki Jeong,10455,886,-9569
Ismaël Ferroukhi,12865,3293,-9572
Gabriel Range,21135,11530,-9605
Cam Archer,11440,1830,-9610
Ray Burdis,11026,1395,-9631
Ahmed El Gendy,17712,8071,-9641
Adrián Biniez,10945,1302,-9643
Nir Bergman,12465,2820,-9645
Rajesh Pillai,20888,11236,-9652
Bernt Amadeus Capra,16265,6611,-9654
Alan Yuen,15230,5570,-9660
Mark Young,12258,2585,-9673
Don Roos,108900,99220,-9680
Álvaro Longoria,9998,315,-9683
Sam Kadi,16740,7047,-9693
Carlos Reygadas,20005,10295,-9710
John Glen,15992,6265,-9727
Clay Borris,10540,810,-9730
Jun-Soo Park,20885,11150,-9735
Marco Petry,17760,8000,-9760
Pjer Zalica,11610,1837,-9773
Jesse Thomas Cook,13105,3310,-9795
Marcos Prado,12530,2735,-9795
Lance W. Dreesen,14070,4270,-9800
Marco Ponti,11840,2035,-9805
Ryûta Miyake,12785,2965,-9820
Safi Yazdanian,12920,3095,-9825
Jonas Alexander Arnby,20240,10405,-9835
Carlos Coelho da Silva,13235,3353,-9882
Harald Sicheritz,11105,1221,-9884
Maria de Medeiros,10308,400,-9908
Søren Kragh-Jacobsen,11455,1535,-9920
Mehdi Ben Attia,11135,1205,-9930
Keith Arem,16635,6702,-9933
Thomas Riedelsheimer,12370,2425,-9945
Nathaniel Kahn,16625,6680,-9945
Storm Ashwood,11760,1805,-9955
Claudia Sainte-Luce,10460,500,-9960
Pascale Pouzadoux,11614,1645,-9969
Martyn Burke,50380,40397,-9983
Attila Árpa,20630,10635,-9995
Cindy Meehl,17175,7173,-10002
Lawrence Gough,11065,1060,-10005
Paul Warner,10270,256,-10014
Jing Wong,11693,1670,-10023
Djordje Milosavljevic,13865,3840,-10025
Barbara Kopple,11465,1435,-10030
Lee Demarbre,23115,13069,-10046
Niels Nørløv Hansen,11162,1115,-10047
In-ho Hwang,18505,8450,-10055
Arun Gopy,12805,2745,-10060
Simerjit Singh,12329,2268,-10061
Yoon-Chul Jung,12510,2435,-10075
Dagen Merrill,22180,12100,-10080
Smeep Kang,11305,1211,-10094
Tim Oliehoek,14311,4210,-10101
Bozidar 'Bota' Nikolic,11345,1241,-10104
Shana Feste,47460,37340,-10120
Gabriel Julien-Laferrière,12750,2595,-10155
Greg A. Sager,11985,1825,-10160
Jonathan Kesselman,25470,15305,-10165
Steve Stone,11925,1754,-10171
Andrew Renzi,21086,10914,-10172
David A. Weiner,18870,8690,-10180
Bedran Güzel,29445,19260,-10185
Yang Li,14610,4416,-10194
Chris Kraus,15598,5400,-10198
Andrew Fleming,68450,58225,-10225
Phillip Rhee,12455,2225,-10230
Ursula Meier,25190,14943,-10247
Megan Griffiths,19902,9652,-10250
Alyn Darnay,11265,1005,-10260
Josh Boone,460545,450250,-10295
Tom Noonan,11450,1139,-10311
Richard Levine,18005,7685,-10320
Kirill Kuzin,14240,3906,-10334
Sakichi Sato,10550,207,-10343
Darko Bajic,11748,1402,-10346
John Sayles,13655,3305,-10350
Pete Jones,14460,4100,-10360
Corey Pearson,25025,14618,-10407
Ilya Khrzhanovskiy,11300,890,-10410
Ademir Kenovic,12060,1650,-10410
Doug Pray,14672,4245,-10427
Riccardo Paoletti,12095,1660,-10435
Dominic James,13655,3155,-10500
Iraj Tahmasb,15021,4517,-10504
Carsten Myllerup,14500,3996,-10504
Ryû Murakami,18030,7518,-10512
Patrik Syversen,22200,11678,-10522
Ned Farr,11365,820,-10545
Tetsurô Araki,18700,8155,-10545
Ajmal Zaheer Ahmad,14648,4090,-10558
Anthony Baxter,11545,976,-10569
Samira Makhmalbaf,13800,3225,-10575
Johanna Vuoksenmaa,14595,4015,-10580
Jorge Torregrossa,19045,8465,-10580
Harley Wallen,14741,4148,-10593
Todd Louiso,43170,32570,-10600
Jae-yeon Yun,16580,5972,-10608
Rok Bicek,11430,820,-10610
Katarzyna Roslaniec,12195,1545,-10650
Sameer Malkan,26429,15777,-10652
Kunal Deshmukh,36555,25820,-10735
Jeff Kanew,27565,16825,-10740
Daniel J. Clark,53760,43019,-10741
Jean-Xavier de Lestrade,22610,11865,-10745
Miguel Ferrari,11300,550,-10750
Josh Klausner,27990,17226,-10764
Anne Sewitsky,16290,5520,-10770
Jason Trost,11595,815,-10780
Johnny Depp,54340,43552,-10788
Vinko Bresan,14650,3860,-10790
Bora Dagtekin,47320,36520,-10800
Antonio Serrano,15545,4715,-10830
Marcelo Gomes,15315,4485,-10830
Radha Bharadwaj,15305,4474,-10831
Edet Belzberg,12285,1410,-10875
Wagner de Assis,18010,7108,-10902
Mehmet Tanrisever,11152,241,-10911
Billy Corben,15394,4460,-10934
Shaad Ali,38985,28050,-10935
Lucy Walker,13515,2575,-10940
Bill Duke,11805,859,-10946
Fen-fen Cheng,13731,2780,-10951
Ivan Ayr,15075,4095,-10980
Igor Zaytsev,17485,6485,-11000
Haifaa Al-Mansour,21664,10635,-11029
Lixin Fan,18590,7541,-11049
Keiichirô Kawaguchi,13945,2884,-11061
Zhora Kryzhovnikov,15635,4565,-11070
Sang Man Kim,11820,740,-11080
Vincent Ward,17185,6101,-11084
Tarek Boudali,20695,9610,-11085
Olly Blackburn,57925,46830,-11095
Michael Schorr,18850,7747,-11103
Chaitanya Tamhane,26475,15370,-11105
Donatas Ulvydas,15340,4216,-11124
Nikos Nikolaidis,13970,2837,-11133
Alexandra Dean,21595,10460,-11135
Çagan Irmak,22821,11673,-11148
Lionel Delplanque,14145,2995,-11150
Nick Wernham,12260,1090,-11170
Erwin Wagenhofer,12395,1221,-11174
Christopher Hampton,28930,17755,-11175
Lee Su-jin,13690,2495,-11195
Sergio Cabrera,14095,2877,-11218
Nicholas Verso,17287,6065,-11222
Kevin Jordan,13685,2445,-11240
Janusz Kaminski,56985,45719,-11266
Khalid Rahman,19953,8670,-11283
S.U. Arun Kumar,13650,2345,-11305
Kaare Andrews,53160,41840,-11320
Sergio Stivaletti,12425,1090,-11335
Adrian Shergold,28520,17178,-11342
Anders Banke,21070,9725,-11345
Singeetam Srinivasa Rao,12000,654,-11346
Aziz Mirza,41690,30325,-11365
Rick King,13900,2530,-11370
Ole Endresen,12405,1025,-11380
Zübeyr Sasmaz,22698,11274,-11424
Cosima Dannoritzer,11600,175,-11425
Dileesh Pothan,52035,40610,-11425
Luis Ismael,11876,435,-11441
Benito Zambrano,19435,7975,-11460
Keith Bearden,12680,1200,-11480
Dick Maas,25530,14030,-11500
Marialy Rivas,15285,3753,-11532
Suneel Darshan,12357,815,-11542
Rob Walker,11795,236,-11559
Alain Corneau,39785,28225,-11560
Charles Band,12590,1023,-11567
Paul Soter,33465,21890,-11575
Rob Margolies,12098,521,-11577
Noble Jones,11945,365,-11580
Frédéric Fonteyne,17358,5760,-11598
Jerry Rees,31150,19542,-11608
A. Karunakaran,15238,3622,-11616
Sarik Andreasyan,18527,6875,-11652
Nicolo Donato,16975,5320,-11655
Daniel Auteuil,21205,9550,-11655
Hiroshi Nishitani,12656,985,-11671
Ki-hyeong Park,17560,5865,-11695
Mani Ratnam,46199,34500,-11699
J.C. Khoury,19970,8265,-11705
Jan Sverák,16200,4495,-11705
Joe Nussbaum,90370,78655,-11715
Michael Rowe,14050,2325,-11725
Vikram K. Kumar,34273,22535,-11738
Dennis Wise,31325,19555,-11770
David Morley,21335,9535,-11800
Michael Madsen,15590,3775,-11815
Aleksey Krasovskiy,13610,1794,-11816
John Jeffcoat,48856,37013,-11843
Jérôme Salle,42870,31005,-11865
David A.R. White,15062,3190,-11872
Juan Piquer Simón,13920,2032,-11888
Keva Rosenfeld,20930,9026,-11904
Alexandre Jardin,15370,3408,-11962
Reha Erdem,18850,6870,-11980
Sarah Rotella,15770,3778,-11992
Allison Anders,22085,10091,-11994
Javier Fesser,21680,9645,-12035
Selton Mello,22388,10350,-12038
Dean Francis,19950,7905,-12045
Hervé Palud,14188,2130,-12058
Sue Brooks,14127,2045,-12082
Frédéric Forestier,14510,2395,-12115
Balasekaran,12702,556,-12146
Xiaolu Xue,13825,1650,-12175
Onur Bilgetay,38300,26125,-12175
Bala,13941,1711,-12230
Ken Russell,21750,9497,-12253
Hans Åke Gabrielsson,13895,1639,-12256
Debbie Isitt,16275,4005,-12270
Michele Soavi,16940,4640,-12300
Rama Burshtein,19995,7690,-12305
Sunny Deol,18788,6465,-12323
Robert Vince,13785,1447,-12338
Andrea Molaioli,19470,7090,-12380
Abhishek Sharma,31219,18805,-12414
Marina Rice Bader,13760,1345,-12415
Jeff Probst,16655,4207,-12448
Jae-eun Jeong,12990,530,-12460
Rudy Soedjarwo,12674,204,-12470
Jon Knautz,33335,20835,-12500
Patrick Read Johnson,19745,7185,-12560
Dana Brown,13925,1357,-12568
Lee Galea,12693,122,-12571
George Clooney,460760,448180,-12580
Young-jun Kim,13870,1285,-12585
Venkatesh Maha,40415,27827,-12588
Bård Breien,18685,6069,-12616
Prawaal Raman,16345,3725,-12620
Lodge Kerrigan,30230,17587,-12643
Isabelle Mergault,15650,2980,-12670
Frédéric Tcheng,20255,7580,-12675
James Melkonian,26740,14050,-12690
Joel Soisson,13182,475,-12707
Bhadran,14731,2002,-12729
Peter Dalle,17960,5228,-12732
Lee Woo-cheol,13895,1160,-12735
Colin Hanks,17820,5065,-12755
Tigmanshu Dhulia,15680,2915,-12765
Turner Clay,15845,3070,-12775
Dharmesh Darshan,17843,4990,-12853
Maryam Keshavarz,16164,3295,-12869
Gérard Lauzier,14555,1665,-12890
Alper Mestçi,21482,8590,-12892
Anjelica Huston,24110,11175,-12935
Maria Maggenti,25490,12530,-12960
Jennifer Siebel Newsom,19350,6322,-13028
Martín Rosete,15660,2615,-13045
Konrad Niewolski,15180,2111,-13069
Barnet Kellman,20010,6940,-13070
Barbara Topsøe-Rothenborg,16140,3060,-13080
Atom Egoyan,18865,5770,-13095
Dan Bush,18442,5345,-13097
Gani Müjde,37529,24413,-13116
Rintarô,14110,965,-13145
Jay Bulger,18095,4910,-13185
Viktor Chouchkov,14507,1315,-13192
Christopher Ashley,33890,20690,-13200
Caveh Zahedi,13583,372,-13211
Staffan Lindberg,19177,5960,-13217
Tom Roberts,13380,151,-13229
Kônosuke Uda,13855,580,-13275
Jordan Roberts,22405,9115,-13290
Roland Joffé,28185,14875,-13310
Julie Dash,16530,3215,-13315
Daniel G. Karslake,22615,9296,-13319
Daniel Rezende,28825,15497,-13328
Hiroyuki Nakano,13810,460,-13350
Nikita Mikhalkov,19260,5900,-13360
Maurice Pialat,16595,3225,-13370
Wisit Sasanatieng,14595,1224,-13371
Michael Philip,13910,535,-13375
Donato Rotunno,13750,371,-13379
John Butler,22490,9105,-13385
Gerard Johnson,18015,4620,-13395
Stanley Kwan,13670,250,-13420
Martin Bell,18130,4706,-13424
Jeff Renfroe,17250,3815,-13435
Des McAnuff,14215,772,-13443
Michael Verhoeven,13800,348,-13452
Matthew Kohnen,17590,4118,-13472
Pedro González-Rubio,13570,86,-13484
Jack Sholder,15835,2350,-13485
Éva Gárdos,23020,9530,-13490
Murat Saraçoglu,16805,3289,-13516
Kevin Sorbo,16225,2690,-13535
Takashi Shimizu,20425,6880,-13545
Christopher Sun,14750,1204,-13546
Shimit Amin,123843,110290,-13553
K. Asher Levin,18427,4867,-13560
Kenji Nagasaki,62990,49410,-13580
Jake Scott,52350,38755,-13595
Mo Ali,21435,7770,-13665
Anne-Grethe Bjarup Riis,15365,1675,-13690
Bruno Dumont,17635,3930,-13705
Marcus Adams,30165,16450,-13715
Andrew Lancaster,14015,275,-13740
Karl Markovics,15150,1385,-13765
Peter Landesman,87640,73830,-13810
Jonathan English,15507,1690,-13817
Dario Argento,40460,26635,-13825
Sebastián Silva,20066,6232,-13834
Pierre Coré,15490,1645,-13845
Ulf Malmros,18581,4710,-13871
Charles Burnett,14615,693,-13922
Cherien Dabis,18460,4520,-13940
Rasmus Heide,21580,7528,-14052
Stijn Coninx,22015,7921,-14094
Lowell Dean,15915,1780,-14135
Gus Holwerda,33935,19785,-14150
Pat Holden,40860,26700,-14160
Paul Harather,15490,1308,-14182
Granz Henman,16360,2165,-14195
Steve Anderson,21495,7295,-14200
Roger Christian,15715,1505,-14210
Tudor Giurgiu,16245,2000,-14245
Anthony Waller,33980,19730,-14250
Bigas Luna,21405,7110,-14295
Tom Hanks,369055,354760,-14295
Charles Philip Moore,16425,2120,-14305
Sam Pillsbury,21005,6675,-14330
Teresa Fabik,24705,10370,-14335
Ondrej Trojan,15202,850,-14352
Ben Coccio,24075,9723,-14352
Franck Mancuso,18835,4480,-14355
Abrid Shine,16207,1805,-14402
Yograj Bhat,15688,1266,-14422
Ugur Yücel,32930,18487,-14443
Victor Nunez,16375,1931,-14444
Billy Kent,26106,11655,-14451
Pierre Morel,370135,355675,-14460
Ketche,27080,12528,-14552
Soham Shah,29900,15320,-14580
Jérôme Enrico,30529,15909,-14620
Tian-Ming Wu,17380,2746,-14634
Cory Finley,232755,218075,-14680
John Duigan,32115,17412,-14703
Bejoy Nambiar,44775,30045,-14730
Ron Fricke,205330,190595,-14735
Hector Babenco,17745,2970,-14775
Zheng Xu,19485,4690,-14795
Wen Jiang,27760,12950,-14810
Kamen Kalev,15980,1165,-14815
Yôichi Fujita,15445,620,-14825
Mark Tarlov,74705,59855,-14850
Jess Bond,19680,4830,-14850
Cãtãlin Mitulescu,16160,1302,-14858
Konstantin Bronzit,17480,2595,-14885
K.V. Anand,46371,31465,-14906
Alexandre Rockwell,21965,7055,-14910
Steven Bernstein,16590,1675,-14915
Vijay K. Bhaskar,16355,1438,-14917
Hong-Seung Yoon,15910,990,-14920
Pernilla August,22070,7140,-14930
Yann Moix,22165,7213,-14952
Lucian Pintilie,19200,4230,-14970
Andrew Wakefield,25835,10856,-14979
Lasse Åberg,24840,9855,-14985
Mikkel Brænne Sandemose,22975,7935,-15040
P.S. Mithran,27420,12365,-15055
Anthony Fabian,18640,3581,-15059
J.C. Calciano,16955,1895,-15060
Daisy von Scherler Mayer,34110,19040,-15070
Laurent Firode,19745,4673,-15072
Federico Moccia,21858,6777,-15081
Yen-Ping Chu,15778,660,-15118
Byambasuren Davaa,17700,2500,-15200
Dale Launer,76190,60986,-15204
Matt Aselton,49800,34580,-15220
Ron Scalpello,24455,9215,-15240
Alonso Mayo,16465,1225,-15240
Brian Herzlinger,17690,2450,-15240
Irene Taylor,16748,1490,-15258
Étienne Chatiliez,18670,3390,-15280
William Gazecki,18685,3391,-15294
Emilis Velyvis,21935,6632,-15303
Cesc Gay,31620,16205,-15415
Marco Berger,22690,7240,-15450
Nick Powell,71670,56220,-15450
S.J. Suryah,22138,6685,-15453
Radha Krishna Jagarlamudi,23343,7864,-15479
Ana Lily Amirpour,193715,178230,-15485
Jayme Monjardim,18310,2768,-15542
Robert Lieberman,28025,12460,-15565
Dmitriy Kiselev,40565,24989,-15576
Jeff Balsmeyer,26220,10625,-15595
Mark Steven Johnson,111215,95620,-15595
Grant Gee,17667,2035,-15632
Kudret Sabanci,19230,3589,-15641
Michal Siewierski,16245,595,-15650
Sophie Fiennes,22140,6470,-15670
Michael David Pate,28357,12681,-15676
Vicente Aranda,17230,1542,-15688
Tom Holland,18150,2450,-15700
Hella Joof,18975,3215,-15760
Steven Kastrissios,27035,11255,-15780
Gregor Schnitzler,18795,3004,-15791
David Wnendt,28630,12835,-15795
Mike Mitchell,400770,384970,-15800
Scott Dow,17745,1925,-15820
Martin Bourboulon,24160,8335,-15825
Charles Nemes,17323,1450,-15873
James Nunn,24375,8455,-15920
Alison Eastwood,21370,5450,-15920
Steven Sheil,32440,16495,-15945
John Stalberg Jr.,39490,23510,-15980
Jin-gyu Cho,17530,1545,-15985
Lawrence Guterman,313420,297415,-16005
Rémi Chayé,19630,3595,-16035
Naresh Malhotra,23830,7663,-16167
David Grieco,17745,1524,-16221
Michael Cimino,42425,26145,-16280
Patrick Creadon,18920,2638,-16282
Carlos Saura,16725,433,-16292
Oksana Bychkova,18465,2170,-16295
Helmut Dietl,20175,3854,-16321
Lee Joon-ik,18592,2220,-16372
Nila Madhab Panda,24485,8075,-16410
Luca Lucini,18130,1680,-16450
Müfit Can Saçinti,21931,5446,-16485
Sam Mraovich,41325,24835,-16490
Lynne Stopkewich,19985,3471,-16514
Michael Paul Stephenson,42655,26130,-16525
Christian Frei,17243,715,-16528
Joon-Hwan Jang,43675,27145,-16530
Takehiko Shinjô,18030,1500,-16530
Rigoberto Castañeda,17915,1370,-16545
Khyentse Norbu,17045,485,-16560
Zakariya,25020,8450,-16570
Vincent Grashaw,22105,5510,-16595
Lisa James Larsson,18275,1645,-16630
Hayao Miyazaki,513295,496650,-16645
György Pálfi,19450,2800,-16650
John Roberts,18476,1735,-16741
Matthew Warchus,18600,1835,-16765
Afonso Poyart,27355,10575,-16780
Michael Walker,18285,1480,-16805
Marjane Satrapi,126102,109285,-16817
Larry Blamire,20727,3876,-16851
Dover Koshashvili,17775,905,-16870
Onur Ünlü,25494,8586,-16908
Zdravko Sotra,25415,8446,-16969
Navdeep Singh,43765,26780,-16985
Marcus H. Rosenmüller,18463,1465,-16998
Michael Gottlieb,51125,34075,-17050
Andy Cadiff,22825,5775,-17050
Chookiat Sakveerakul,19824,2752,-17072
Josh C. Waller,22798,5690,-17108
Rajiv Mehra,35115,17977,-17138
Mark Penney,17275,120,-17155
Régis Roinsard,63670,46490,-17180
Jafar Panahi,41320,24130,-17190
Chris Crow,23026,5805,-17221
Jeff Baena,119635,102345,-17290
Adam Simon,27300,9960,-17340
Hae-sung Song,19076,1700,-17376
M.J. Bassett,66455,49025,-17430
Paul Auster,21075,3640,-17435
Trent Cooper,62465,45030,-17435
Anthony Chen,25030,7540,-17490
Sung-ho Kim,18115,625,-17490
Hur Jin-ho,19650,2130,-17520
Gary Entin,31355,13811,-17544
Jean-Patrick Benes,22480,4920,-17560
Justin Kelly,29520,11910,-17610
Velraj,42095,24482,-17613
Mark Piznarski,44505,26855,-17650
Daniel Lee,25280,7620,-17660
Paul Fox,27995,10325,-17670
Kentarô Hagiwara,19585,1910,-17675
Higuchinsky,45165,27435,-17730
Shi-Zheng Chen,18330,600,-17730
Biray Dalkiran,18321,583,-17738
Steve Bendelack,29690,11940,-17750
Edoardo Maria Falcone,22360,4580,-17780
Conor Allyn,24685,6890,-17795
Shôhei Imamura,32080,14280,-17800
Shashank Khaitan,70460,52610,-17850
Terence Hill,21280,3430,-17850
Michael John Warren,21570,3711,-17859
Noriyuki Abe,24395,6520,-17875
Cheryl Dunye,18540,625,-17915
William Lustig,43445,25410,-18035
Bill Forsyth,21360,3250,-18110
Peter Greenaway,33670,15545,-18125
Dennis Gansel,22425,4280,-18145
Nancy Meckler,18370,210,-18160
Álvaro de Armiñán,18265,80,-18185
Hajime Kamegaki,24195,5985,-18210
Dmitriy Dyachenko,19080,845,-18235
Tsai Ming-liang,27835,9590,-18245
Fernando Eimbcke,23190,4940,-18250
Alison Klayman,22645,4315,-18330
Raman Hui,28515,10180,-18335
Sabbir Khan,37845,19440,-18405
Gianni Di Gregorio,21515,3070,-18445
Robert Radler,21802,3348,-18454
Christopher Coppola,18960,489,-18471
Steve Buscemi,88265,69790,-18475
Chris Baugh,43700,25190,-18510
Perarasu,19094,560,-18534
Nobuhiro Doi,25160,6614,-18546
Michael Rissi,19725,1145,-18580
Aleksandr Kott,21258,2590,-18668
Peter Hyams,52105,33405,-18700
Greg Beeman,25980,7260,-18720
Scott Schirmer,20872,2119,-18753
William Friedkin,32115,13335,-18780
Christophe Van Rompaey,21575,2785,-18790
Maria Blom,20950,2155,-18795
Melanie Mayron,31115,12320,-18795
Obeli N. Krishna,19780,983,-18797
Bill Corcoran,22470,3605,-18865
Jan Svankmajer,21535,2620,-18915
Rob Stewart,25200,6260,-18940
Boris Malagurski,22720,3772,-18948
Blessy,20105,1133,-18972
Roeland Kerbosch,24235,5127,-19108
Robert Lee King,33070,13954,-19116
Paul Mazursky,26170,6921,-19249
Mark McQueen,25800,6545,-19255
Jaume Balagueró,38555,19265,-19290
Jordan Brady,21613,2222,-19391
Hirotsugu Kawasaki,25860,6340,-19520
Terry Zwigoff,108230,88680,-19550
William Butler,21076,1450,-19626
Su-chang Kong,29225,9530,-19695
Sebastian Schipper,24500,4750,-19750
Rusty Cundieff,22980,3196,-19784
Brian Knappenberger,41716,21930,-19786
Anthony C. Ferrante,26930,7110,-19820
Olaf Lubaszenko,23958,3964,-19994
Miroslav Momcilovic,24460,4460,-20000
Aram Rappaport,25466,5465,-20001
Huck Botko,26760,6734,-20026
C.V. Kumar,20985,930,-20055
Carlos Marques-Marcet,24535,4475,-20060
Mark Waters,44225,24160,-20065
Jordan Melamed,50275,30189,-20086
Norman Jewison,47920,27810,-20110
Damien O'Donnell,100360,80245,-20115
Eliseo Subiela,20650,412,-20238
Ludovic Bernard,26320,6075,-20245
Daniel Sánchez Arévalo,43055,22795,-20260
Emer Reynolds,22975,2710,-20265
Takeshi Kitano,37640,17360,-20280
Martha Coolidge,27340,7010,-20330
Éric Rohmer,28970,8610,-20360
Chih-yen Yee,21970,1581,-20389
Heywood Gould,22745,2335,-20410
Young-Tak Kim,24030,3620,-20410
Matt Kugelman,33515,13095,-20420
Eric Valette,22740,2290,-20450
Kevin Willmott,25815,5330,-20485
Anne Goursaud,34815,14321,-20494
Christian Alvart,27617,7085,-20532
Ali Hatami,21634,1093,-20541
Tobi Baumann,25730,5160,-20570
Henry Miller,29522,8940,-20582
Ami Canaan Mann,44226,23625,-20601
Zoe R. Cassavetes,35600,14897,-20703
Srdjan Koljevic,28735,8020,-20715
Habib Faisal,34552,13836,-20716
Julie Gavras,26050,5320,-20730
Erick Zonca,38885,18150,-20735
Lauro David Chartrand-Del Valle,23620,2880,-20740
Laís Bodanzky,32035,11275,-20760
Christian Molina,24704,3890,-20814
Talya Lavie,22660,1810,-20850
Mark Levinson,22811,1930,-20881
Antoinette Beumer,32300,11365,-20935
Bill Guttentag,25815,4699,-21116
Stian Kristiansen,25205,4055,-21150
Anna Odell,25695,4530,-21165
Eric Meza,28165,6990,-21175
Jim Loach,29585,8365,-21220
Roman Karimov,24910,3673,-21237
Bill Fishman,22760,1380,-21380
Mitch Davis,23700,2310,-21390
James Lapine,27665,6260,-21405
Vincent Masciale,28415,7005,-21410
Sean Penn,49140,27705,-21435
Dariush Mehrjui,22993,1542,-21451
Caradog W. James,96341,74825,-21516
Frédéric Beigbeder,25405,3840,-21565
Dror Moreh,23639,1945,-21694
Michael Goi,47403,25615,-21788
Phil Davis,37500,15651,-21849
Carlos Sorin,27000,5140,-21860
Richard Eyre,95820,73950,-21870
Gregory Read,27645,5769,-21876
Takashi Koizumi,22460,550,-21910
Mrighdeep Lamba,54066,32145,-21921
Juha Wuolijoki,23515,1542,-21973
Ari Folman,121650,99670,-21980
Desmond Nakano,25985,3880,-22105
Matt Thompson,24080,1935,-22145
John Geddes,23460,1270,-22190
Philippe Lacheau,50265,28035,-22230
Stephan Apelgren,25410,3169,-22241
Stephan Lacant,68123,45841,-22282
Bahman Ghobadi,44710,22376,-22334
Mahsun Kirmizigül,37070,14730,-22340
Ferzan Özpetek,36175,13805,-22370
Jason Connery,29300,6910,-22390
Kevin Asch,26305,3855,-22450
Rodrigo Plá,28435,5840,-22595
Robert Townsend,24580,1915,-22665
Nick Szostakiwskyj,24932,2185,-22747
Jorge Michel Grau,25515,2722,-22793
André Pellenz,29305,6509,-22796
Koldo Serra,29180,6380,-22800
Alejandro Lozano,28870,6010,-22860
Olivier Van Hoofstadt,28175,5305,-22870
Blake Edwards,52695,29665,-23030
Jason Wise,25015,1830,-23185
John Henderson,24360,1156,-23204
Doug McHenry,23520,280,-23240
Dan Rosen,32030,8785,-23245
Paul Solet,41175,17925,-23250
Ezio Greggio,30225,6825,-23400
John Bailey,23876,455,-23421
Philip Adrian Booth,26785,3325,-23460
Kevin James Dobson,24955,1470,-23485
Ezel Akay,63290,39765,-23525
John Herzfeld,108960,85430,-23530
Markus Schleinzer,25640,2055,-23585
Jan Harlan,61065,37477,-23588
John Stephenson,27550,3955,-23595
Jayson Thiessen,39965,16121,-23844
Casey La Scala,67085,43180,-23905
Michael Tolkin,30230,6320,-23910
Raj Kanwar,37330,13391,-23939
Kirsten Sheridan,26170,2230,-23940
Jeffrey G. Hunt,35545,11555,-23990
James Dearden,29795,5715,-24080
Feo Aladag,27825,3470,-24355
Salim Akil,57735,33325,-24410
Marek Kanievska,32100,7655,-24445
Yoshiaki Kawajiri,204315,179870,-24445
Chandoo Mondeti,32895,8410,-24485
Ezhil,26273,1774,-24499
Alexandre Castagnetti,26485,1945,-24540
Seren Yüce,30755,6140,-24615
Tomohiko Itô,45045,20345,-24700
Christopher Erskin,42130,17344,-24786
Johnny Martin,47293,22395,-24898
M. Manikandan,38665,13738,-24927
Christopher Cain,26975,2030,-24945
Fausto Brizzi,26945,1999,-24946
Enrique Gato,45645,20660,-24985
Florin Serban,26251,1253,-24998
Emily Ting,31135,6100,-25035
Simon Moore,25480,430,-25050
Trevor White,31795,6730,-25065
Shane Abbess,71395,46285,-25110
Sven Unterwaldt Jr.,26130,990,-25140
Özcan Alper,34330,9180,-25150
Scott Glosserman,127545,102345,-25200
Ljubisa Samardzic,25575,347,-25228
Jason Stone,46140,20910,-25230
Maya Forbes,85330,60065,-25265
Bill Couturié,27084,1808,-25276
Urszula Antoniak,26925,1640,-25285
Jean-François Pouliot,27385,2053,-25332
Godfrey Reggio,31280,5890,-25390
Arne Glimcher,29860,4461,-25399
Tim Skousen,25860,370,-25490
Josh Reed,32180,6612,-25568
Leslie Small,29120,3500,-25620
Mars Callahan,33323,7665,-25658
Jeff Feuerzeig,32220,6320,-25900
Vic Armstrong,31310,5410,-25900
David Jacobson,35172,9200,-25972
Laurie Collyer,36445,10350,-26095
Yu Shan Chen,30420,4305,-26115
Aaron Norris,40855,14705,-26150
R.J. Cutler,40035,13845,-26190
Prasanth Varma,29690,3435,-26255
Dragan Bjelogrlic,65190,38875,-26315
Jamin Winans,46233,19905,-26328
Rick Rowley,46995,20652,-26343
Damian Harris,39890,13445,-26445
Q. Allan Brocka,31985,5460,-26525
Tarsem Singh,546970,520430,-26540
Pavel Chukhray,28210,1490,-26720
Tom Gustafson,29470,2645,-26825
Zacharias Kunuk,34365,7453,-26912
James Moll,28985,1951,-27034
Daniel Grou,35414,8250,-27164
Luis Llosa,31746,4455,-27291
Hwang Dong-hyuk,44303,17010,-27293
Masoud Dehnamaki,29648,2144,-27504
Hart Bochner,43681,16065,-27616
Daryn Tufts,29995,2365,-27630
Kent Jones,36005,8320,-27685
Ondi Timoner,33525,5731,-27794
Charles S. Dutton,37215,9251,-27964
Claude Sautet,53380,25395,-27985
Peter Markle,31050,3039,-28011
Matthew Cooke,34135,6080,-28055
William H. Macy,97510,69446,-28064
Barry W. Blaustein,47435,19270,-28165
Michael J. Gallagher,39161,10967,-28194
Chris Sparling,46780,18565,-28215
Shinji Aramaki,92785,64530,-28255
Wolfgang Büld,29290,1029,-28261
Nicole Kassell,177185,148705,-28480
Clayton Jacobson,36485,7940,-28545
Marina de Van,28710,130,-28580
Brett Harvey,35085,6465,-28620
Yves Robert,31162,2524,-28638
Neil Armfield,95731,67025,-28706
Tim Fywell,39995,11260,-28735
Sandra Nettelbeck,42905,14132,-28773
Gautham Vasudev Menon,39070,10245,-28825
John Hindman,36560,7660,-28900
Chakri Toleti,30835,1916,-28919
Helen Hunt,51200,22260,-28940
Joe Lynch,107880,78910,-28970
Balaji Tharaneetharan,31720,2712,-29008
Bobby Roe,52980,23875,-29105
Nuri Bilge Ceylan,33175,4015,-29160
Gianluca Jodice,32400,3200,-29200
Mike Leigh,56640,27400,-29240
Bryce Wagoner,40585,11313,-29272
Derek Savage,31295,1980,-29315
Charles Robert Carner,32815,3490,-29325
Woody Allen,77095,47765,-29330
Lawrence D'Souza,30049,544,-29505
Ho-joon Kim,29725,180,-29545
Breno Silveira,31410,1649,-29761
Ilksen Basarir,35595,5729,-29866
Oliver Parker,50970,21030,-29940
Jim Wilson,41245,11295,-29950
Christopher MacBride,65785,35825,-29960
Sacha Gervasi,84365,54295,-30070
Goran Markovic,30730,635,-30095
Sermiyan Midyat,34669,4505,-30164
Stewart Raffill,34475,4300,-30175
Tommy Lee Jones,209645,179425,-30220
Kunal Kohli,31505,1240,-30265
Vondie Curtis-Hall,83130,52750,-30380
Charlie McDowell,218270,187830,-30440
David A. Armstrong,37210,6740,-30470
Baillie Walsh,38945,8420,-30525
Gerhard Hahn,41930,11344,-30586
Martha Fiennes,41640,10965,-30675
Rohit Dhawan,74955,44240,-30715
Vaughn Stein,127365,96605,-30760
Martyn Pick,31375,615,-30760
Fred Schepisi,87930,57165,-30765
Antonio Banderas,37065,6270,-30795
Woo-seok Yang,38255,7230,-31025
Anthony Mandler,33360,2320,-31040
Rowdy Herrington,51750,20605,-31145
Tobias Lindholm,87285,56135,-31150
Clovis Cornillac,35745,4550,-31195
Eric Amadio,43015,11683,-31332
Haneef Adeni,39705,8345,-31360
Chris Robinson,61420,29995,-31425
David Moreton,35610,4019,-31591
Jason Todd Ipson,41450,9855,-31595
Todd Berger,35438,3835,-31603
John Dahl,126625,94945,-31680
J.P. Dutta,37564,5865,-31699
Dennis Hopper,67900,36175,-31725
Kevin Allen,32145,409,-31736
Jonathan Caouette,33555,1819,-31736
Fen Tian,40010,8122,-31888
Al Pacino,42875,10975,-31900
Luiso Berdejo,80815,48707,-32108
Alexandra-Therese Keining,36176,4035,-32141
Pyotr Buslov,39260,7095,-32165
Frank D'Angelo,36766,4441,-32325
Amole Gupte,38180,5850,-32330
Ashish R. Mohan,39200,6765,-32435
Daisuke Nishio,40411,7967,-32444
Gabe Polsky,36110,3665,-32445
Michael Mazzola,43700,11135,-32565
Daniel Petrie,33495,920,-32575
Kit Ryan,33355,770,-32585
Haim Tabakman,32890,285,-32605
Pif,44500,11790,-32710
Pawan Kumar,54014,21215,-32799
Stephen Elliott,54905,22101,-32804
Lloyd Kaufman,34400,1440,-32960
James Toback,43605,10515,-33090
Grant Harvey,46513,13420,-33093
Achero Mañas,34945,1839,-33106
Gustavo Hernández,40155,7035,-33120
Peter Medak,36293,3020,-33273
Horatiu Malaele,35180,1858,-33322
Michael Ritchie,40525,7180,-33345
James Kent,152850,119465,-33385
Sunu Gonera,34545,1115,-33430
Kike Maíllo,52225,18600,-33625
Christian Charles,36560,2865,-33695
Franc. Reyes,39565,5836,-33729
Javier Fuentes-León,36060,2330,-33730
Leander Haußmann,36345,2615,-33730
Dani de la Torre,55630,21690,-33940
Amanda Kernell,41535,7580,-33955
Jorge Furtado,35477,1222,-34255
Adam Gierasch,36840,2500,-34340
Mark Brown,36920,2380,-34540
Sergio Castellitto,42605,8045,-34560
Carl Franklin,42559,7985,-34574
Joe Chappelle,42815,8080,-34735
Tony Mitchell,35835,980,-34855
Julien Temple,44935,10025,-34910
David Green,36065,995,-35070
Mukul Anand,47350,12084,-35266
Levent Semerci,177390,142109,-35281
Larry Ferguson,38970,3620,-35350
Julian Pölsler,35835,350,-35485
Sajid Khan,79500,43995,-35505
Lawrence Kasanoff,59635,23986,-35649
Colin Minihan,83985,48260,-35725
Lucía Puenzo,74720,38965,-35755
Andy Tennant,124780,89005,-35775
Clive Barker,132485,96625,-35860
Matty Beckerman,44360,8490,-35870
John R. Leonetti,291340,255005,-36335
William Dear,38580,2235,-36345
Marcus Baldini,40095,3565,-36530
Marianna Palka,41310,4715,-36595
Dennis Lee,68135,31530,-36605
Harris Goldberg,43920,7290,-36630
Harvey Glazer,37045,167,-36878
Lili Fini Zanuck,49605,12710,-36895
John R. Cherry III,50555,13520,-37035
James D.R. Hickox,41995,4935,-37060
Lee Kirk,53705,16635,-37070
Yoshihiro Nishimura,38527,1377,-37150
Justin Kurzel,103435,66155,-37280
Kwang-Hyun Park,37775,320,-37455
Siddiq Barmak,47705,10221,-37484
Alex Turner,55765,18265,-37500
Patrice Leconte,51905,14400,-37505
Daniel Myrick,39081,1560,-37521
Katherine Brooks,40926,3359,-37567
Alexandros Avranas,40255,2595,-37660
Bommarillu Baskar,43925,6184,-37741
Víctor Garcia,49765,11945,-37820
Gary Hustwit,40890,3030,-37860
Lance Mungia,40000,1960,-38040
Guillaume Gallienne,40315,2240,-38075
Chad Crawford Kinkle,39895,1580,-38315
Christian Zübert,47875,9478,-38397
Marcos Jorge,41150,2750,-38400
Peter Thorwarth,54225,15822,-38403
Charles Herman-Wurmfeld,69847,31420,-38427
Craig Monahan,43905,5465,-38440
Jannicke Systad Jacobsen,38943,435,-38508
Sharat Katariya,84732,46110,-38622
Brian Gilbert,73980,35063,-38917
Luis Mandoki,44785,5595,-39190
Bernardo Bertolucci,68825,29465,-39360
Caroline Thompson,53500,14135,-39365
Makoto Shinkai,320295,280855,-39440
Wolfgang Petersen,57295,17625,-39670
Josh Fox,44461,4604,-39857
Annette Haywood-Carter,48825,8875,-39950
Mark Illsley,51520,11560,-39960
Károly Ujj Mészáros,48165,8120,-40045
Perry Blackshear,43475,3430,-40045
Norman René,42690,2600,-40090
Michael Berry,42235,2130,-40105
Adam Rapp,44585,4430,-40155
John Woo,58465,18310,-40155
Kim Chapiron,47765,7510,-40255
Lionel C. Martin,46070,5750,-40320
Jenée LaMarque,51735,11345,-40390
Arthur Hiller,46560,6020,-40540
Steve Barker,89685,49140,-40545
Oriol Paulo,363615,322990,-40625
Edward Burns,41030,190,-40840
Donato Carrisi,65305,24430,-40875
Carl Schenkel,45915,5018,-40897
Menno Meyjes,44000,3035,-40965
Nalan Kumarasamy,59120,18040,-41080
Jay Chou,46700,5580,-41120
Nabwana I.G.G.,43624,2285,-41339
Mark L. Lester,43430,2015,-41415
Peter Joseph,93730,52185,-41545
Pradeep Sarkar,48060,6410,-41650
Charles Ferguson,43185,1410,-41775
Richard Loncraine,77990,36175,-41815
Herbert Ross,112825,70985,-41840
Bob Logan,49720,7853,-41867
Mark Mylod,480405,438525,-41880
Srdjan Dragojevic,47430,5480,-41950
Robert Siegel,49385,7355,-42030
David Evans,58675,16491,-42184
Casey Affleck,119695,77500,-42195
Matt Osterman,45901,3395,-42506
Dan Fogelman,166765,123975,-42790
Babak Anvari,151050,108250,-42800
Dan Harris,50205,7330,-42875
Ilmar Raag,47761,4835,-42926
Jaume Collet-Serra,671970,628855,-43115
Jacques Rivette,47065,3855,-43210
Anh Hung Tran,50270,7040,-43230
Crystal Moselle,67685,24385,-43300
Agnieszka Smoczynska,49215,5830,-43385
Kjell Sundvall,47255,3580,-43675
Frank Henenlotter,44401,606,-43795
Jim Kouf,50235,6385,-43850
Deran Sarafian,104340,60483,-43857
Fernando Trueba,57095,13180,-43915
Ali Bilgin,62360,18305,-44055
Noel Clarke,65850,21620,-44230
Adam Bernstein,52485,8245,-44240
Alain Berliner,45190,870,-44320
Bavo Defurne,50170,5845,-44325
Michael Karbelnikoff,48620,4225,-44395
Hyeong-Joon Kim,47490,2990,-44500
Max Mayer,72102,27570,-44532
Mona Achache,48945,4320,-44625
Shoaib Mansoor,48010,3380,-44630
Sarah Polley,115550,70695,-44855
Wim Wenders,56895,11920,-44975
Carlos Cuarón,46660,1445,-45215
Edward James Olmos,52405,7175,-45230
Tom Vaughan,125685,80250,-45435
David Seltzer,53865,8425,-45440
Mark Pavia,60360,14710,-45650
Nnegest Likké,47135,1430,-45705
Agnès Jaoui,51960,6130,-45830
Mikkel Nørgaard,58450,12605,-45845
Seiji Mizushima,60650,14798,-45852
Cyrus Nowrasteh,65468,19500,-45968
Ryan Little,64573,18265,-46308
Andreas Öhman,50945,4050,-46895
Eleanor Coppola,48965,2065,-46900
Raj Kumar Gupta,58837,11895,-46942
Jody Hill,68340,21305,-47035
Volker Schlöndorff,53855,6815,-47040
Don McKellar,50785,3700,-47085
Damon Gameau,54395,7055,-47340
Nancy Savoca,50690,2990,-47700
Marc Abraham,89205,41415,-47790
Erik White,57880,9815,-48065
Yann Arthus-Bertrand,92343,44215,-48128
Gisaburô Sugii,49695,1555,-48140
Ruben Alves,53240,4915,-48325
Craig R. Baxley,69875,21305,-48570
Nick Love,71020,22385,-48635
Chris Bell,69135,20419,-48716
Demian Lichtenstein,49514,585,-48929
Joann Sfar,51605,2675,-48930
Alain Berbérian,52350,3240,-49110
Norio Tsuruta,49710,585,-49125
Hans Canosa,52564,3420,-49144
Douglas Aarniokoski,106735,57450,-49285
Reinhard Klooss,65280,15900,-49380
Giddens Ko,58040,8555,-49485
Milorad Milinkovic,50755,1265,-49490
Tim Robbins,78270,28697,-49573
Raja Menon,62887,13180,-49707
David Moreau,58515,8765,-49750
Rodrigo Sorogoyen,61650,11795,-49855
Abhishek Varman,135505,85120,-50385
Mike van Diem,56620,6225,-50395
Luca Miniero,51650,1250,-50400
Tyler Shields,84270,33846,-50424
Kevin Phillips,128405,77331,-51074
Richard Benjamin,78579,27490,-51089
Til Schweiger,56100,4980,-51120
Jeff Pollack,85720,34590,-51130
Tom Green,313455,261992,-51463
Amy Berg,54240,2699,-51541
Arlene Sanford,58975,7330,-51645
Bronwen Hughes,55495,3835,-51660
Richard Franklin,58825,7005,-51820
Ravi Chopra,70224,18065,-52159
Koen Mortier,54985,2605,-52380
Shigeyasu Yamauchi,60010,7515,-52495
Paul Hyett,55465,2825,-52640
Rob Cohen,164730,111845,-52885
Kasra Farahani,91395,38487,-52908
Régis Wargnier,54865,1900,-52965
Stacy Peralta,66870,13846,-53024
Enzo Zelocchi,217945,164841,-53104
Tinu Suresh Desai,116189,63057,-53132
Wash Westmoreland,132445,79205,-53240
Alan Shapiro,111975,58485,-53490
Tim Sullivan,94510,40880,-53630
Holly Goldberg Sloan,55065,1367,-53698
Tassos Boulmetis,59737,6030,-53707
Makoto Kamiya,166255,112365,-53890
James Orr,66510,12365,-54145
Hal Hartley,61775,7459,-54316
Dervis Zaim,55560,1241,-54319
Mick Jackson,172490,117950,-54540
Vipul Amrutlal Shah,69855,14995,-54860
Kamal Haasan,69163,14280,-54883
Robert Duvall,74635,19705,-54930
Robin Swicord,145540,90535,-55005
Courtney Solomon,181615,126490,-55125
Lorene Scafaria,594740,539455,-55285
Galt Niederhoffer,62710,7400,-55310
John Harrison,97125,41640,-55485
Chris Paine,63840,8345,-55495
Eric Steel,61200,5600,-55600
Stella Meghie,86776,31135,-55641
John Schlesinger,114285,58585,-55700
Josef Fares,73555,17545,-56010
Nathan Frankowski,60995,4965,-56030
Anjali Menon,70176,14035,-56141
Bob Dolman,86735,30305,-56430
Ed Bye,72845,16410,-56435
Stephen S. Campanelli,84875,28410,-56465
Thor Freudenthal,125465,68470,-56995
Omung Kumar,57220,95,-57125
Orlando von Einsiedel,61385,4245,-57140
Keishi Otomo,58453,1221,-57232
Bob Hathcock,143680,86302,-57378
Shin'ichirô Ueda,60094,2445,-57649
Chris Eyre,63230,5550,-57680
E.L. Katz,102505,44715,-57790
Mahesh Manjrekar,59269,1332,-57937
Charles Stone III,136873,78935,-57938
Stephanie Soechtig,61870,3835,-58035
Neeraj Vora,61995,3913,-58082
Robert Mandel,137325,78860,-58465
Ethan Spaulding,156545,98045,-58500
Lawrence Kasdan,77970,19235,-58735
Santiago Segura,68045,9220,-58825
Anthony DiBlasi,64945,5590,-59355
Jay Baruchel,74855,15100,-59755
Reginald Hudlin,83825,24015,-59810
Jerry Zaks,150500,90650,-59850
Andrey Zvyagintsev,238100,178220,-59880
Ken Marino,87925,27740,-60185
Mike Disa,69955,9730,-60225
Cheol-soo Jang,85625,25360,-60265
Can Evrenol,62545,2160,-60385
Neil LaBute,71585,10915,-60670
Albert Pyun,61445,355,-61090
Francis Lee,179230,117580,-61650
Brett Simon,81850,20030,-61820
Michel Hazanavicius,70034,7955,-62079
Yunsung Kang,64130,1810,-62320
Shree Narayan Singh,93073,30720,-62353
Lewis Teague,90110,27569,-62541
Béla Tarr,63125,375,-62750
Fabrice du Welz,69245,6480,-62765
Roy Andersson,102020,39070,-62950
Derick Martini,73140,10155,-62985
Kevin Bray,78385,15280,-63105
Gregor Jordan,68410,5145,-63265
Craig Moss,69527,6035,-63492
Rufus Norris,75210,11035,-64175
George Lucas,4305845,4241660,-64185
Wayne Blair,75965,11750,-64215
John Landis,171800,106875,-64925
Darren Grant,79375,14445,-64930
Roger Donaldson,78630,13595,-65035
Karan Malhotra,134710,69570,-65140
Adam MacDonald,121505,56210,-65295
Serdar Akar,68148,2760,-65388
Adam Green,101132,35380,-65752
Ray Lawrence,101210,35405,-65805
Arie Posin,95950,29815,-66135
Özer Kiziltan,68655,2325,-66330
Mansoor Khan,121680,55260,-66420
Brett Sullivan,80444,13751,-66693
Christopher Kenneally,68610,1675,-66935
Burak Aksak,76355,9351,-67004
Sankalp Reddy,73470,6325,-67145
Harmony Korine,191915,124670,-67245
Aaron Harvey,89560,22175,-67385
Alex Gibney,80656,12760,-67896
James Yukich,69250,860,-68390
Simon Shore,73475,4850,-68625
Eran Kolirin,70915,1725,-69190
Mick Garris,123230,54020,-69210
David Cronenberg,284235,214690,-69545
Morgan Matthews,91628,22025,-69603
Boaz Yakin,73125,2720,-70405
Andrew Traucki,104935,34215,-70720
Michael Lembeck,319925,249150,-70775
Kenny Ortega,113230,42180,-71050
Liam O'Donnell,117600,46195,-71405
Agnieszka Holland,87605,16140,-71465
Claudio Fragasso,72157,616,-71541
Liz W. Garcia,76125,4165,-71960
Wych Kaosayananda,84352,11834,-72518
Mike Hodges,117880,45020,-72860
Erik Skjoldbjærg,78205,5235,-72970
Kiah Roache-Turner,92050,19060,-72990
Matthias Hoene,101540,28470,-73070
Jeb Stuart,76515,3225,-73290
Greg McLean,393170,319405,-73765
Shaun Monson,79376,5185,-74191
Milcho Manchevski,79510,5235,-74275
Jan-Ole Gerster,87830,13030,-74800
Hakan Algül,82856,7095,-75761
Karthick Naren,84695,8785,-75910
Miranda July,187435,110835,-76600
Risa Bramon Garcia,81880,5005,-76875
Troy Miller,204960,127594,-77366
Fernando Meirelles,744180,666430,-77750
Prachya Pinkaew,78404,605,-77799
Gustavo Taretto,80135,2225,-77910
Fedor Bondarchuk,108580,30415,-78165
Rob Sitch,87735,8890,-78845
Ramaa Mosley,85395,6385,-79010
Brian Gibson,123510,44430,-79080
Stephen Belber,92015,12930,-79085
Sally Potter,93885,14545,-79340
Michel Gondry,94980,15405,-79575
Rodney Ascher,115725,36015,-79710
Don Michael Paul,83855,3535,-80320
Wayne Kramer,142278,60780,-81498
Tony Maylam,83575,1861,-81714
Guel Arraes,85050,3095,-81955
Brian Yuzna,88270,5920,-82350
Phil Morrison,117250,34775,-82475
Davis Guggenheim,88025,5020,-83005
Bryan Gordon,87570,4510,-83060
Phil Joanou,124390,40990,-83400
Takeshi Koike,86615,2580,-84035
Steven Zaillian,212395,128210,-84185
Nigel Cole,96760,12515,-84245
Hark Tsui,99760,15255,-84505
Ole Bornedal,90875,6330,-84545
C. Jay Cox,93100,8415,-84685
Yann Demange,301600,216830,-84770
Jean-Jacques Annaud,117810,31205,-86605
Kay Pollak,91500,4650,-86850
Farhan Akhtar,379765,292490,-87275
Phil Traill,222430,134970,-87460
Steve Trenbirth,90020,2470,-87550
Mert Baykal,97360,9595,-87765
Géla Babluani,90250,2320,-87930
Nimród Antal,135575,46985,-88590
Jordan Rubin,102830,14140,-88690
Roger Avary,107250,17845,-89405
Nate Parker,109295,19540,-89755
Patrice Chéreau,95190,5395,-89795
Albert Brooks,106935,17120,-89815
Masahiro Andô,91755,1587,-90168
Jan Kounen,94015,3465,-90550
Rupert Goold,365455,274725,-90730
Matthew Heineman,94200,3400,-90800
Wayne Wang,91925,974,-90951
Dito Montiel,134330,43345,-90985
Timo Tjahjanto,98031,7030,-91001
Leon Gast,95875,4815,-91060
Selçuk Aydemir,109341,18095,-91246
Ted Geoghegan,99770,8505,-91265
Menhaj Huda,99035,7625,-91410
Barbet Schroeder,94645,3190,-91455
Jason Zada,228910,137362,-91548
George Huang,125285,33275,-92010
Gaspar Noé,129365,37265,-92100
Nic Balthazar,96955,4654,-92301
Jay Chandrasekhar,234622,142115,-92507
Kundan Shah,97430,4691,-92739
Michaël R. Roskam,121685,28715,-92970
Laetitia Colombani,97785,4475,-93310
Alfonso Arau,94380,805,-93575
Jeff Burr,97220,2718,-94502
Michael Mayer,125160,30592,-94568
Bryan Spicer,150350,55609,-94741
Len Wiseman,1429400,1334375,-95025
Danny Leiner,146782,51485,-95297
Omar Naim,103699,7730,-95969
Ericson Core,377510,280730,-96780
Ate de Jong,105545,8470,-97075
Adrian Lyne,591360,494080,-97280
Andrew Bergman,110440,12790,-97650
Lee Hae-jun,98805,775,-98030
Cal Brunker,134610,36520,-98090
John Pogue,104485,5760,-98725
Stephen Cognetti,125770,26300,-99470
Eli Roth,419580,319588,-99992
Philippe Claudel,103665,3471,-100194
Jacob Estes,167025,66730,-100295
Thom Eberhardt,115005,14695,-100310
Mark Christopher,172970,72623,-100347
Don Mancini,250265,149585,-100680
Brian De Palma,134025,33335,-100690
Rodrigo Cortés,176118,74695,-101423
Jessy Terrero,123175,21584,-101591
Duwayne Dunham,256595,154605,-101990
Abbas Kiarostami,115865,11305,-104560
Abbas Tyrewala,141370,36454,-104916
John Mathew Matthan,135320,29674,-105646
Randal Kleiser,112590,6720,-105870
Franco Zeffirelli,118380,12300,-106080
Julian Jarrold,107630,1430,-106200
Toby Wilkins,205370,98600,-106770
Gillian Robespierre,131825,24610,-107215
Tim Pope,108885,1345,-107540
Richard Bates Jr.,123480,15605,-107875
Roman Polanski,214280,105860,-108420
Neeraj Pandey,412145,303670,-108475
Fraser C. Heston,137940,29155,-108785
Andrew Morahan,110810,456,-110354
Scott Mann,181525,71000,-110525
Brian Levant,118920,8230,-110690
Dwight H. Little,122040,11110,-110930
Justin Simien,132920,21700,-111220
Sean Byrne,221000,109775,-111225
Todd Kessler,187180,75844,-111336
Joseph Vilsmaier,113808,2472,-111336
Xavier Dolan,157250,45795,-111455
Carlo Ledesma,115120,3490,-111630
Anthony Hickox,115377,3672,-111705
Emilio Estevez,134560,22675,-111885
Alexandre Avancini,115600,3550,-112050
Amar Kaushik,192990,80650,-112340
Mike Figgis,113705,1255,-112450
Griffin Dunne,128875,15430,-113445
John Stockwell,128075,14585,-113490
Bob Spiers,123468,9055,-114413
Antti J. Jokinen,118658,4105,-114553
Ömer Vargi,138375,23810,-114565
E. Elias Merhige,221265,106445,-114820
Danis Tanovic,195597,79190,-116407
Joseph Kahn,147650,30685,-116965
Dave McKean,118510,1484,-117026
Hans Weingartner,161990,44620,-117370
Jason Bloom,119355,1755,-117600
Simon Wincer,123290,4305,-118985
Trish Sie,180535,60500,-120035
Daniel Petrie Jr.,125495,4645,-120850
Mimi Leder,313140,192235,-120905
Julie Delpy,128535,7020,-121515
Emile Ardolino,133805,12240,-121565
Derek Cianfrance,423883,301030,-122853
Matthew Bright,159405,36343,-123062
David Hogan,156805,32045,-124760
Jean-Paul Rappeneau,130035,5175,-124860
John Cameron Mitchell,187060,62140,-124920
Steve James,140405,14720,-125685
Thomas Schlamme,214850,89102,-125748
Craig Johnson,224720,97910,-126810
John Flynn,129380,2225,-127155
Ernie Barbarash,213930,86625,-127305
Niels Mueller,130620,2210,-128410
Pascal Chaumeil,138390,9645,-128745
David Schwimmer,349470,220580,-128890
Christopher Guest,154110,24612,-129498
Gia Coppola,156200,26685,-129515
Ben Younger,282870,152865,-130005
Jean-Claude Van Damme,140905,10585,-130320
Todd Solondz,186485,55535,-130950
Peter Lepeniotis,151450,20340,-131110
Taylor Hackford,172050,40375,-131675
Ralph Fiennes,167770,35230,-132540
Justin Kerrigan,136105,3015,-133090
Richard Rich,135650,2560,-133090
Allan Moyle,156215,22170,-134045
Cem Yilmaz,179025,43863,-135162
Rajkumar Hirani,442910,307285,-135625
Oren Moverman,184115,48105,-136010
Sam Weisman,215750,78360,-137390
Peter O'Fallon,146140,8325,-137815
John Patrick Shanley,199405,60965,-138440
Michael Caton-Jones,153090,14260,-138830
Ernest R. Dickerson,152425,12914,-139511
Walt Becker,253614,113535,-140079
Mark Jones,152970,12590,-140380
Chris Stokes,143180,2728,-140452
Antoine Fuqua,152950,12225,-140725
Abhinav Kashyap,171870,30125,-141745
Brandon Camp,170190,27460,-142730
Susanna White,185765,42225,-143540
Simon Wells,243350,99584,-143766
David Bowers,199875,54920,-144955
Paddy Considine,169140,24140,-145000
Marcus Raboy,151400,6158,-145242
Christopher Smith,159145,13815,-145330
Kunihiko Yuyama,184804,37615,-147189
Charles Shyer,422850,275240,-147610
Louie Psihoyos,257535,109430,-148105
Lake Bell,165465,16825,-148640
Bob Saget,151340,2535,-148805
Peter Stebbings,187725,38609,-149116
Clark Gregg,168285,18065,-150220
Ben Palmer,434015,283250,-150765
Greg Marcks,250670,99885,-150785
Lesli Linka Glatter,162670,11830,-150840
Dennis Dugan,165580,14635,-150945
Ron Maxwell,156950,5450,-151500
Gregory Plotkin,153985,2245,-151740
Bruce Malmuth,162315,10120,-152195
Sheldon Lettich,199795,47075,-152720
Robert Redford,328415,175075,-153340
Gus Van Sant,309650,153910,-155740
Simon Brand,157530,1350,-156180
Hideo Nakata,157480,1183,-156297
Vikas Bahl,342160,185850,-156310
Jean-Baptiste Andrea,159295,2700,-156595
Karan Johar,287165,130445,-156720
John Bonito,179595,22225,-157370
Mort Nathan,162055,4045,-158010
Patrick Lussier,182830,24270,-158560
David Slade,841745,682655,-159090
Umesh Shukla,198415,37740,-160675
Scott Stewart,561380,400410,-160970
Vikramaditya Motwane,237345,76125,-161220
Carlos López Estrada,164725,2705,-162020
Yimou Zhang,177245,14335,-162910
Stephen Herek,190915,26585,-164330
Marielle Heller,168180,3835,-164345
Harry Hook,168690,4140,-164550
Les Mayfield,226635,60940,-165695
Thomas Jahn,169105,3010,-166095
Joshua Marston,181155,12825,-168330
Blair Hayes,176760,8105,-168655
Franck Khalfoun,182545,13530,-169015
Brian Dannelly,245285,75765,-169520
Steve Carr,221075,50035,-171040
Sam Taylor-Johnson,195105,21200,-173905
Floria Sigismondi,255120,80965,-174155
Walter Hill,223120,46620,-176500
Alejandro Amenábar,213050,34800,-178250
C. Prem Kumar,186535,8205,-178330
Russell Mulcahy,185534,7020,-178514
Jimmy Hayward,309525,130320,-179205
Adam Marcus,184635,5145,-179490
Lee Tamahori,184715,5160,-179555
Matt Williams,182190,2400,-179790
Andrew Dominik,208080,27715,-180365
Sean Ellis,454645,272305,-182340
Elizabeth Allen Rosenbaum,226435,43440,-182995
P.J. Hogan,209095,26015,-183080
Henry Bean,206175,22635,-183540
Deniz Gamze Ergüven,205035,19260,-185775
Sean Durkin,279565,92920,-186645
Jamie Babbit,208055,20410,-187645
Geoff Murphy,195665,7800,-187865
Adam Shankman,347589,159510,-188079
Amy Heckerling,244540,55845,-188695
Kyle Newman,306565,116755,-189810
Stephen Daldry,717580,526330,-191250
Mario Van Peebles,194805,2495,-192310
Phil Alden Robinson,313305,120355,-192950
Can Ulkay,219645,26610,-193035
Joseph Ruben,326955,133485,-193470
Brett Leonard,195730,82,-195648
Armando Iannucci,308415,112480,-195935
Geoffrey Wright,208355,11395,-196960
Lucky McKee,203230,5390,-197840
Louis Leterrier,756392,557925,-198467
Abel Ferrara,211515,12490,-199025
Brian Henson,353700,152110,-201590
Jonathan King,210775,8985,-201790
Michael Tiddes,250095,47850,-202245
Kevin Hooks,254060,50235,-203825
Douglas McGrath,208595,3145,-205450
Ben Falcone,274905,66250,-208655
Fabián Bielinsky,286495,73915,-212580
David Wain,303205,90040,-213165
James Bobin,388051,174510,-213541
Michael Patrick King,637680,421110,-216570
Richard Ayoade,483355,265505,-217850
Emir Kusturica,228690,10695,-217995
John Badham,240190,20480,-219710
Richard Donner,894695,674705,-219990
Lukas Moodysson,277420,56700,-220720
James Watkins,476510,255285,-221225
William Monahan,252045,27890,-224155
Geoffrey Sax,254550,29295,-225255
Jason Bateman,277515,50230,-227285
Mitchell Lichtenstein,232870,4445,-228425
Robert Eggers,1512240,1283600,-228640
Rachel Talalay,255770,24525,-231245
Jason Winer,265005,33725,-231280
Jack Bender,231920,292,-231628
Bille Woodruff,237615,4530,-233085
Jeff Tremaine,512260,277630,-234630
László Nemes,260325,23020,-237305
Joel Schumacher,468395,228205,-240190
Julie Anne Robinson,463555,220840,-242715
Mark Palansky,332345,89100,-243245
Greg Coolidge,251290,6620,-244670
Colin Trevorrow,393025,147390,-245635
Vincent Gallo,302755,50313,-252442
Akiva Goldsman,284975,32055,-252920
Ron Howard,440725,187213,-253512
Jeremy Leven,266965,11780,-255185
Sam Liu,308370,52965,-255405
Simon Curtis,448325,191990,-256335
Robert Kenner,261395,4975,-256420
John Waters,324760,67895,-256865
Jonathan Mostow,310185,51995,-258190
Kelly Asbury,299135,39285,-259850
Jeremiah S. Chechik,310980,50315,-260665
Stephen Kessler,266125,5311,-260814
Paul Weitz,282675,18825,-263850
Gavin Wiesen,304390,39810,-264580
David Bruckner,603060,338040,-265020
John Pasquin,667920,402165,-265755
David Ayer,343285,77360,-265925
Robert De Niro,810375,543575,-266800
Jesse Dylan,309795,41906,-267889
Nicolas Roeg,273960,5830,-268130
Kevin Munroe,346815,78280,-268535
Sylvain Chomet,285860,16750,-269110
John Lafia,289475,19650,-269825
Warren Beatty,329405,58470,-270935
Robert Rodriguez,357255,86110,-271145
Ritesh Batra,305200,29450,-275750
Ellory Elkayem,301685,24449,-277236
Fred Wolf,317161,39220,-277941
Scott Speer,291290,7505,-283785
Goran Dukic,289070,4825,-284245
John N. Smith,286020,1655,-284365
Joe Johnston,309635,23930,-285705
Gabriela Cowperthwaite,363095,77155,-285940
Richard Attenborough,311755,24385,-287370
William Malone,301310,12960,-288350
Michael Pressman,305690,15848,-289842
Bill Paxton,458415,168005,-290410
James Isaac,308345,13335,-295010
Luc Jacquet,301015,4270,-296745
Peter Cornwell,326305,29180,-297125
Luke Greenfield,319295,21210,-298085
Vadim Perelman,363700,61520,-302180
Dennie Gordon,306030,2685,-303345
RZA,321570,15915,-305655
Anton Corbijn,343265,35656,-307609
Ömer Faruk Sorak,335570,27771,-307799
Neil Marshall,329055,18870,-310185
Nikkhil Advani,378335,62955,-315380
S. Craig Zahler,593270,277270,-316000
Nick Moore,321095,4480,-316615
Chris Nahon,333665,16585,-317080
Dan Scanlon,1174139,853855,-320284
Marcus Dunstan,362375,41935,-320440
Nick Castle,325120,4015,-321105
Nick Murphy,344920,23190,-321730
Patrick Brice,343530,20475,-323055
Steven Knight,551689,227920,-323769
Peter Jackson,517860,192815,-325045
Jamie Blanks,358175,31505,-326670
Christophe Barratier,336565,7475,-329090
Peter Howitt,358180,22610,-335570
Howard Zieff,445975,104830,-341145
David Anspaugh,346145,3260,-342885
Milos Forman,504605,159980,-344625
Terry Gilliam,455850,111205,-344645
Frank Oz,373080,27865,-345215
André Øvredal,398490,52970,-345520
Aditya Chopra,387035,41365,-345670
Tom McCarthy,368125,16905,-351220
Frank Marshall,380290,28235,-352055
Rob Minkoff,747820,390460,-357360
Justin Baldoni,415715,58260,-357455
John Singleton,776870,417355,-359515
Yann Samuell,362585,1800,-360785
Andrzej Bartkowiak,369000,5405,-363595
Jake Szymanski,477185,106730,-370455
Henry Alex Rubin,391125,20235,-370890
Rupert Sanders,1514640,1141775,-372865
John Michael McDonagh,479280,102005,-377275
Rob Zombie,468595,90100,-378495
Jeremy Garelick,401705,22795,-378910
Gil Kenan,694150,306640,-387510
Peter Segal,561125,173110,-388015
Alex Proyas,1023115,631310,-391805
David Soren,556705,162460,-394245
Stephen Chow,447710,51015,-396695
Shane Carruth,572255,175065,-397190
Jon Avnet,420030,18810,-401220
Stephen Surjik,441340,38470,-402870
Peter Hewitt,406215,310,-405905
Christopher Morris,427615,20945,-406670
Benh Zeitlin,425770,18855,-406915
Carter Smith,423055,13830,-409225
David Carson,435935,26325,-409610
Peter Webber,413985,855,-413130
Greta Gerwig,1657195,1238905,-418290
Daniel Barber,457420,37975,-419445
Aneesh Chaganty,902180,482195,-419985
Larry Clark,424395,2670,-421725
Timo Vuorensola,483190,59020,-424170
Nicholaus Goossen,443760,19590,-424170
Gérard Pirès,448290,23760,-424530
Catherine Hardwicke,492070,64335,-427735
Oliver Hirschbiegel,481035,50505,-430530
Stuart Hazeldine,629475,196540,-432935
David McNally,605865,169100,-436765
Hiromasa Yonebayashi,524530,82510,-442020
David Lynch,506335,64195,-442140
Anne Fletcher,635595,188530,-447065
Tom Brady,514415,64375,-450040
Ron Shelton,492980,41960,-451020
Michael Bay,1438190,986600,-451590
Elizabeth Banks,853890,399850,-454040
Chris Wedge,550350,94930,-455420
Joe Cornish,557875,93910,-463965
Dean Devlin,595080,130875,-464205
José Padilha,553565,86640,-466925
Shane Black,1189365,719410,-469955
Billy Bob Thornton,494935,17860,-477075
Ivan Reitman,815595,336895,-478700
John Moore,565725,85005,-480720
Justin Chadwick,600915,114970,-485945
Steve Pink,701175,208845,-492330
Marc Lawrence,630695,135505,-495190
Robert Iscove,520345,9655,-510690
David Mickey Evans,514130,3390,-510740
Chris Noonan,672595,160575,-512020
Steve Barron,525545,5320,-520225
Peter Billingsley,575490,43305,-532185
Etan Cohen,736415,197345,-539070
Morgan Spurlock,568530,27950,-540580
Peter Cattaneo,571555,29885,-541670
Eric Brevig,660580,117440,-543140
Matthijs van Heijningen Jr.,729595,186345,-543250
Joe Wright,1660570,1107445,-553125
Henry Selick,1880085,1324210,-555875
Phillip Noyce,604040,43355,-560685
David Zucker,612975,50575,-562400
Jerry Zucker,1184290,616800,-567490
Scott Kalvert,607070,39275,-567795
Steven Quale,626630,57465,-569165
J.B. Rogers,583022,10845,-572177
Xavier Gens,591833,18050,-573783
Jonathan Frakes,661460,72460,-589000
Tom Dey,677395,87830,-589565
Jonathan Hensleigh,854585,257365,-597220
Kevin Greutert,628200,24530,-603670
Bryan Bertino,725125,114080,-611045
Raja Gosnell,637335,25375,-611960
Jim Field Smith,725150,112560,-612590
Michael Mann,942230,322255,-619975
David Hackl,690095,42045,-648050
Jay Roach,1289030,636380,-652650
Joel Edgerton,864500,211190,-653310
Zach Braff,1117030,459005,-658025
Rawson Marshall Thurber,1339600,673310,-666290
Sofia Coppola,849540,182990,-666550
Joel Zwick,724930,44980,-679950
Nima Nourizadeh,1171315,481075,-690240
John G. Avildsen,754855,53595,-701260
Stephen Hopkins,916085,205470,-710615
David F. Sandberg,713815,1730,-712085
Ron Underwood,755670,43195,-712475
Brad Silberling,736085,17310,-718775
Richard Curtis,2661925,1939290,-722635
McG,983400,256185,-727215
Fede Alvarez,988950,259925,-729025
Marcus Nispel,763505,30600,-732905
Chris Weitz,985440,245505,-739935
Rob Marshall,1219265,477115,-742150
John McTiernan,1076710,333380,-743330
Randall Wallace,896520,143390,-753130
Clark Johnson,771045,16010,-755035
Pete Travis,771030,12480,-758550
Penny Marshall,796760,30770,-765990
Jim Gillespie,792945,19760,-773185
Tom McGrath,1485000,709120,-775880
Barry Sonnenfeld,902720,122030,-780690
Darren Lynn Bousman,831693,36790,-794903
Andy Fickman,881930,81935,-799995
Lexi Alexander,810925,8850,-802075
Gabor Csupo,869730,53143,-816587
Renny Harlin,825751,4935,-820816
Roger Kumble,1028735,193140,-835595
Scott Waugh,894155,42920,-851235
Eli Craig,969955,116535,-853420
Penelope Spheeris,856975,2855,-854120
Terrence Malick,1000265,142255,-858010
Nicholas Stoller,1515465,652055,-863410
Francis Lawrence,1877315,1010610,-866705
Garth Jennings,1043650,165000,-878650
Jason Reitman,1146580,267138,-879442
Kevin Reynolds,1044760,154730,-890030
Jared Hess,1193035,301360,-891675
Marco Brambilla,970195,71380,-898815
Michael Sucsy,1027340,118490,-908850
Vincenzo Natali,1241270,325095,-916175
Troy Duffy,1255920,334935,-920985
Garth Davis,1007550,57980,-949570
Gregory Hoblit,1239605,264735,-974870
Genndy Tartakovsky,1410215,428880,-981335
Steve Oedekerk,1170870,173370,-997500
James Wong,1403015,397560,-1005455
Kevin Smith,1163445,141830,-1021615
Jennifer Kent,1241000,179690,-1061310
Kevin Costner,1458590,391845,-1066745
Adam McKay,1897455,814195,-1083260
Rob Reiner,1183040,43565,-1139475
Alex Garland,2965100,1816510,-1148590
Carlos Saldanha,1486965,319325,-1167640
Ben Affleck,1470050,299560,-1170490
George Nolfi,1353235,180015,-1173220
David Fincher,1601785,414775,-1187010
Mike Judge,1442565,252120,-1190445
Quentin Tarantino,5456455,4263990,-1192465
Oren Peli,1284175,76025,-1208150
Josh Trank,1325645,116115,-1209530
Jean-Pierre Jeunet,1321325,100120,-1221205
Robert Luketic,1247365,17430,-1229935
Jan de Bont,1965360,725570,-1239790
Sharon Maguire,1323020,70115,-1252905
Guy Ritchie,3088845,1796771,-1292074
Jason Moore,1657840,347780,-1310060
Phyllida Lloyd,1377600,23705,-1353895
Andrew Niccol,1620880,244300,-1376580
Thea Sharrock,1444420,67385,-1377035
Joseph Kosinski,1783140,388475,-1394665
Martin Brest,1651465,253975,-1397490
Paul Verhoeven,1778335,356985,-1421350
Jennifer Yuh Nelson,1612030,180850,-1431180
Drew Goddard,2261225,826110,-1435115
Chad Stahelski,3708345,2138880,-1569465
Simon West,1600265,21015,-1579250
Tom Shadyac,1630545,46595,-1583950
Garry Marshall,1823465,200440,-1623025
Duncan Jones,1886540,191195,-1695345
Kurt Wimmer,1738525,20495,-1718030
Spike Jonze,1769990,39725,-1730265
Wes Ball,2560820,824305,-1736515
Jordan Peele,3505690,1714055,-1791635
Gil Junger,1937965,11500,-1926465
Florian Henckel von Donnersmarck,2058195,127430,-1930765
Judd Apatow,2343430,385400,-1958030
Richard Kelly,2556941,477445,-2079496
Ruben Fleischer,3116935,1019000,-2097935
Chuck Russell,2114045,11265,-2102780
Andrew Adamson,2145495,37348,-2108147
Seth MacFarlane,3295765,1173485,-2122280
Francis Ford Coppola,2126210,1000,-2125210
Marc Webb,2801725,654970,-2146755
Robert Zemeckis,2411295,233820,-2177475
Tim Burton,2626665,413695,-2212970
Neill Blomkamp,3591840,1351930,-2239910
Sam Mendes,6067680,3396070,-2671610
Dan Gilroy,3033355,331025,-2702330
Harold Ramis,3435150,519210,-2915940
Chris Columbus,3271545,178825,-3092720
Martin Scorsese,6308875,1738256,-4570619
Andrew Stanton,6019555,1434035,-4585520
Tim Miller,5651210,969390,-4681820
Tony Kaye,5946625,498115,-5448510
James McTeigue,5908855,84210,-5824645
Jonathan Demme,7768965,34104,-7734861
Frank Darabont,14497745,1708640,-12789105
