Director,First Number of Votes,Last Number of Votes,Career Progression Number of Votes
Todd Phillips,2709570,37444900,34735330
George Miller,1293475,27511645,26218170
Bong Joon Ho,259550,24145325,23885775
Ryan Coogler,2150575,20998825,18848250
James Gunn,2227625,19050400,16822775
Scott Derrickson,3509575,20197225,16687650
Rian Johnson,2754625,19422000,16667375
Denis Villeneuve,111825,16731200,16619375
Alejandro G. Iñárritu,6335775,21926375,15590600
Joss Whedon,7653125,23112725,15459600
Gareth Edwards,2445375,17220050,14774675
Baz Luhrmann,736675,14973025,14236350
Mel Gibson,776475,14938225,14161750
Jon Watts,659425,13993600,13334175
Christopher Nolan,2552375,14888350,12335975
James Mangold,551485,11979125,11427640
Taika Waititi,674305,11078225,10403920
Guillermo del Toro,830300,11214775,10384475
Morten Tyldum,1018868,11241575,10222707
Susanne Bier,10417,9695625,9685208
Peyton Reed,2655425,11286450,8631025
Christopher McQuarrie,882375,9484025,8601650
Noah Baumbach,299989,8686800,8386811
Alan Taylor,67485,7328050,7260565
Kenneth Lonergan,786725,7877600,7090875
Matt Reeves,290400,7334600,7044200
M. Night Shyamalan,78700,6892125,6813425
Noam Murro,1173464,7912050,6738586
Jordan Vogt-Roberts,2112600,8752175,6639575
John Krasinski,244370,6867525,6623155
Jake Kasdan,530467,7124850,6594383
Ted Demme,504746,6892200,6387454
James Gray,243220,6530375,6287155
Daniel Espinosa,223477,6370850,6147373
Mark Herman,162520,6195075,6032555
Steven Spielberg,6845350,12216225,5370875
James Cameron,29442550,34748825,5306275
Mike Flanagan,242765,5484200,5241435
Roar Uthaug,491900,5692550,5200650
Zack Snyder,6830675,11988125,5157450
Jon Turteltaub,312768,5208000,4895232
Jon Favreau,1944510,6696250,4751740
Tom Ford,2948475,7640250,4691775
Justin Lin,1784059,6475425,4691366
Jonathan Liebesman,836450,5516925,4680475
Lee Toland Krieger,461928,5108300,4646372
Yorgos Lanthimos,1257939,5873100,4615161
Dexter Fletcher,350540,4890700,4540160
J.A. Bayona,4096300,8634825,4538525
Chloé Zhao,231274,4605200,4373926
Brad Peyton,406375,4651325,4244950
Theodore Melfi,2174665,6408750,4234085
Matthew Vaughn,4901850,9106875,4205025
Matt Ross,1715615,5893775,4178160
David Twohy,289024,4459525,4170501
David F. Sandberg,3569075,7723250,4154175
Park Chan-wook,247001,4347200,4100199
Alex Kurtzman,1105200,5170050,4064850
Edgar Wright,11325628,15366025,4040397
David Gordon Green,240625,4238775,3998150
Gina Prince-Bythewood,628160,4610400,3982240
Trey Parker,552547,4471850,3919303
Stephen Norrington,711988,4607075,3895087
Kinji Fukasaku,980429,4872650,3892221
Kevin Lima,1574900,5444350,3869450
Alfonso Cuarón,395957,4253875,3857918
Stefano Sollima,355449,4196800,3841351
Michael Davis,56930,3880125,3823195
Antonio Campos,100156,3834300,3734144
Tony Scott,1503880,5203950,3700070
Thomas Vinterberg,1238478,4905950,3667472
Nick Cassavetes,103631,3759525,3655894
Sam Raimi,1751050,5362775,3611725
Adam Brooks,761296,4339150,3577854
Nikolaj Arcel,77035,3651725,3574690
Taylor Sheridan,3464601,7038600,3573999
Seth Gordon,1503136,5068700,3565564
Tony Gilroy,4358350,7902475,3544125
Patrick Hughes,2666213,6197225,3531012
Craig Gillespie,2590583,6088775,3498192
Leigh Whannell,2974900,6420200,3445300
Cathy Yan,3210490,6639175,3428685
Corin Hardy,922454,4281150,3358696
Sylvester Stallone,5797225,9135550,3338325
Brett Ratner,784950,4116225,3331275
Wes Craven,994425,4291325,3296900
Niki Caro,707117,3986200,3279083
Patty Jenkins,4058450,7312625,3254175
Bruce A. Evans,723778,3913250,3189472
Sean Baker,92629,3229050,3136421
Kyle Newacheck,1106148,4239875,3133727
Lisa Cholodenko,297385,3363950,3066565
Allen Coulter,900425,3901400,3000975
Nancy Meyers,3886825,6887250,3000425
J Blakeson,690750,3667500,2976750
Martin Campbell,115730,3090250,2974520
Alan Parker,184671,3157425,2972754
Damián Szifron,2456991,5429475,2972484
Alexander Payne,175609,3129725,2954116
Lynne Ramsay,295265,3201525,2906260
Ang Lee,219879,3063075,2843196
Andy Muschietti,4784750,7585775,2801025
Ric Roman Waugh,604161,3389925,2785764
David O. Russell,222328,2965035,2742707
Rob Letterman,1844875,4580850,2735975
S.S. Rajamouli,144245,2867350,2723105
Wes Anderson,2092450,4786650,2694200
Jean-Marc Vallée,144515,2819075,2674560
Gary Winick,11674,2685850,2674176
Gary Ross,3415475,6073225,2657750
Mike Nichols,486075,3127350,2641275
Sidney Lumet,167427,2800050,2632623
Shawn Levy,361119,2981475,2620356
Brad Bird,5713250,8317475,2604225
Michael Dougherty,2619025,5218575,2599550
J.J. Abrams,9790800,12384275,2593475
John Hamburg,510519,3100725,2590206
Anand Tucker,195154,2771925,2576771
Craig Zobel,680611,3239850,2559239
Greg Berlanti,598103,3156700,2558597
Adam Robitel,1013275,3564525,2551250
Danny Boyle,1662125,4208525,2546400
Terry George,1924515,4467175,2542660
David Frankel,88125,2628950,2540825
Alejandro Agresti,6360,2532238,2525878
Gary Fleder,746175,3269725,2523550
Jon M. Chu,2278925,4771225,2492300
Doug Liman,1330820,3804502,2473682
Céline Sciamma,337775,2756100,2418325
Peter Weir,647325,3055225,2407900
Lenny Abrahamson,80388,2471670,2391282
Todd Haynes,236674,2607825,2371151
Pitof,784516,3150250,2365734
Dan Mazer,985200,3341175,2355975
Martin McDonagh,11564800,13920000,2355200
Felix van Groeningen,162425,2517625,2355200
Joshua Michael Stern,249275,2599900,2350625
Christian Ditter,35510,2366300,2330790
David Michôd,1515925,3845450,2329525
Mikael Håfström,598957,2898802,2299845
Sriram Raghavan,284780,2578150,2293370
Nadine Labaki,365950,2653300,2287350
Tommy Wirkola,1093705,3374850,2281145
Paul Thomas Anderson,1375625,3650375,2274750
Paul Greengrass,137556,2396750,2259194
Antoine Fuqua,764750,3016800,2252050
Nora Ephron,984885,3227750,2242865
Bruce Robinson,464050,2702975,2238925
Jodie Foster,402875,2638125,2235250
James Ponsoldt,281380,2514475,2233095
Jonathan Glazer,1741925,3969125,2227200
Brad Anderson,113392,2328000,2214608
Jonathan Levine,870325,3053100,2182775
Beeban Kidron,33814,2210586,2176772
John Wells,1209700,3331925,2122225
Susan Johnson,1009138,3111450,2102312
Aaron Schneider,784308,2886600,2102292
Mark Dindal,431106,2528125,2097019
Paul Feig,204693,2266525,2061832
Michael Cuesta,231755,2285650,2053895
Michael Matthews,1619793,3649975,2030182
John Madden,63602,2070325,2006723
Denzel Washington,962975,2961025,1998050
Rick Famuyiwa,256299,2235450,1979151
Doug Ellin,101383,2074950,1973567
Sergei Bodrov,67396,2014825,1947429
Lee Daniels,1049730,2997075,1947345
Clint Eastwood,557446,2454325,1896879
John Whitesell,105834,1979750,1873916
Sydney Pollack,911440,2777450,1866010
Todd Field,1062350,2924625,1862275
Ruben Östlund,84370,1940400,1856030
Julius Avery,817823,2671175,1853352
John Erick Dowdle,499643,2338200,1838557
Ol Parker,902950,2738925,1835975
Sebastián Cordero,63427,1892750,1829323
John Carney,704050,2532500,1828450
Jeff Orlowski-Yang,422468,2242000,1819532
Donovan Marsh,43466,1848550,1805084
David Dobkin,782353,2572600,1790247
John Lee Hancock,821054,2601550,1780496
Roland Emmerich,597360,2370075,1772715
Lee Chang-dong,175912,1919225,1743313
William Eubank,707663,2449175,1741512
Lars von Trier,581100,2314975,1733875
Hany Abu-Assad,317712,2026250,1708538
Jacques Audiard,58673,1766825,1708152
David Mackenzie,324750,2031900,1707150
D.J. Caruso,737472,2435725,1698253
Christine Jeffs,166298,1855550,1689252
Dave Green,816421,2502175,1685754
Scott Frank,1515225,3187600,1672375
Adam Wingard,600812,2266925,1666113
Darren Aronofsky,4667675,6262550,1594875
Lee Isaac Chung,886266,2444850,1558584
Panos Cosmatos,717190,2255650,1538460
Dominic Cooke,313425,1850900,1537475
James Foley,330293,1862225,1531932
Michael Hoffman,434780,1940500,1505720
Luca Guadagnino,82609,1582276,1499667
Nicolas Winding Refn,1117000,2604400,1487400
Rowan Joffe,634906,2108850,1473944
Pawel Pawlikowski,85140,1551200,1466060
Jonas Åkerlund,1020525,2483800,1463275
Jocelyn Moorhouse,205395,1645125,1439730
Brian Helgeland,3651250,5078975,1427725
Paul Weiland,485466,1904825,1419359
Kornél Mundruczó,15738,1410675,1394937
Steven Caple Jr.,2513804,3901550,1387746
Joe Berlinger,1002125,2389277,1387152
Baltasar Kormákur,161538,1548450,1386912
Hans Petter Moland,50293,1432205,1381912
Wolfgang Becker,26291,1401440,1375149
Lasse Hallström,628119,1981975,1353856
James Wan,11705275,13055500,1350225
Shekhar Kapur,533373,1880425,1347052
Peter Chelsom,64036,1407500,1343464
Cary Joji Fukunaga,852125,2176075,1323950
Stuart Beattie,801050,2100275,1299225
Adam Randall,380735,1679200,1298465
Christopher Landon,544537,1821500,1276963
Travis Knight,3467825,4735750,1267925
Gavin O'Connor,66749,1328575,1261826
Howard McCain,712997,1970325,1257328
Tom McCarthy,1840625,3083853,1243228
Rob Bowman,1218155,2452800,1234645
Gore Verbinski,1515550,2749200,1233650
Peter Berg,1226725,2452450,1225725
Maren Ade,81879,1304725,1222846
Niels Arden Oplev,60288,1277125,1216837
Richard Shepard,26634,1240075,1213441
Stephen Sommers,231800,1440025,1208225
Joe Carnahan,785360,1989950,1204590
Anurag Basu,147043,1348512,1201469
Michael Rymer,73680,1265163,1191483
Chris Gorak,409635,1599075,1189440
Gregory Jacobs,356434,1536925,1180491
Mahesh Bhatt,51849,1212212,1160363
Mike Newell,167074,1323175,1156101
Pedro Almodóvar,437450,1583175,1145725
Yash Chopra,337354,1481325,1143971
Shane Meadows,82252,1221084,1138832
Pat O'Connor,114317,1252243,1137926
Kimberly Peirce,2586625,3711350,1124725
Hannes Holm,79525,1200712,1121187
Tom Tykwer,76589,1188750,1112161
Jim Mickle,424905,1535450,1110545
Martin Koolhoven,25776,1133475,1107699
Mark Williams,341275,1447950,1106675
Dome Karukoski,64776,1170500,1105724
Danny Cannon,553581,1652150,1098569
Levan Gabriadze,789356,1878778,1089422
Paul Schrader,169268,1258085,1088817
Ben Young,381936,1446600,1064664
Krzysztof Kieslowski,1328075,2392032,1063957
Howard Deutch,99980,1161825,1061845
Jake Schreier,1645750,2704450,1058700
Corey Yuen,105573,1159325,1053752
Björn Runge,22887,1074400,1051513
Nick Hurran,26540,1072250,1045710
Kristian Levring,38090,1082475,1044385
Tony Leondis,750149,1783775,1033626
Martin Weisz,667845,1694725,1026880
Jonathan Kasdan,817275,1843175,1025900
Andy Serkis,619000,1644450,1025450
Scott Sanders,117643,1142653,1025010
Gerard McMurray,758855,1782350,1023495
Jim Sheridan,712275,1733625,1021350
Damien Leone,312100,1329750,1017650
Betty Thomas,353232,1369075,1015843
Richard Stanley,401438,1414475,1013037
Steve Bendelack,1690210,2700300,1010090
John Frankenheimer,54515,1061075,1006560
Dominic Sena,1460375,2460450,1000075
Claire Denis,32329,1030925,998596
Anders Thomas Jensen,607873,1599500,991627
Predrag Antonijevic,255376,1242370,986994
Akiva Schaffer,2342775,3329075,986300
Haruo Sotozaki,622962,1607302,984340
Florian Gallenberger,118309,1091510,973201
Audrey Wells,526289,1498825,972536
Kabir Khan,156847,1119465,962618
Susanna Fogel,1118934,2080700,961766
Cameron Crowe,819050,1780025,960975
John Luessenhop,447290,1404250,956960
David Yarovesky,1751342,2705675,954333
Craig Mazin,944000,1898200,954200
Terry Jones,266998,1215925,948927
Alexandre Aja,1410874,2359525,948651
Gene Quintano,334245,1281775,947530
Chris Nelson,135038,1081325,946287
Danny DeVito,621100,1556200,935100
Vince Marcello,16167,950925,934758
Akan Satayev,16181,950032,933851
Kevin Rodney Sullivan,216550,1146225,929675
Ridley Scott,4350825,5273830,923005
Chris Smith,336496,1256651,920155
Yeon Sang-ho,37876,950975,913099
Stephen Gaghan,876585,1789200,912615
Tom Hooper,497505,1401325,903820
Bennett Miller,2834830,3738350,903520
Sean Anders,2113543,3017000,903457
David Dhawan,70170,972739,902569
Wilson Yip,26071,921975,895904
Gavin Hood,481585,1369850,888265
Jeff Chan,438352,1320550,882198
Derrick Borte,1046025,1927925,881900
Kazuaki Kiriya,262560,1143300,880740
Ed Harris,741950,1621125,879175
Tony Bill,247886,1114950,867064
William Friedkin,178185,1036779,858594
Mel Brooks,283875,1132750,848875
Mike Cahill,2504525,3348000,843475
Leos Carax,387575,1225675,838100
Paco Cabezas,45112,882359,837247
Don Coscarelli,246727,1077531,830804
Bill Condon,359425,1182325,822900
Jason Howden,941048,1755800,814752
Kirsten Sheridan,1191090,2005766,814676
Tony Goldwyn,340395,1153000,812605
Antonia Bird,276525,1083850,807325
Gregor Jordan,342050,1146043,803993
Asghar Farhadi,153283,954450,801167
George C. Wolfe,660150,1451575,791425
Jasmila Zbanic,172325,958200,785875
Roger Donaldson,379506,1155719,776213
Robert Connolly,63171,837175,774004
David Kellogg,504758,1274600,769842
Andrew Jarecki,747352,1513850,766498
Bobcat Goldthwait,115611,881874,766263
Steve McQueen,1841775,2607875,766100
Michael Apted,204965,970950,765985
Giuseppe Tornatore,111275,866204,754929
Mike Mills,484666,1238950,754284
Alice Wu,337200,1088200,751000
Charles Herman-Wurmfeld,474505,1224156,749651
Oliver Stone,3336255,4085075,748820
Carl Franklin,324099,1068261,744162
Jeff Wadlow,714275,1458350,744075
Malcolm D. Lee,370411,1114225,743814
James DeMonaco,2016408,2759675,743267
Rob Schmidt,341850,1084816,742966
Dean Israelite,2109325,2851825,742500
David Leitch,5180475,5922900,742425
David Lowery,503937,1242625,738688
Clea DuVall,450501,1187925,737424
Ildikó Enyedi,12235,749150,736915
Johannes Roberts,42437,772300,729863
Andrew Dominik,1040400,1766157,725757
Brian Percival,2854335,3563550,709215
Tim Story,773055,1473225,700170
Hun Jang,91254,789325,698071
Gideon Raff,121867,816925,695058
Mike Barker,150355,841125,690770
Paul King,1676824,2362200,685376
Taylor Hackford,860250,1541565,681315
Marielle Heller,840900,1520921,680021
Jaco Van Dormael,162648,841852,679204
Baran bo Odar,180650,859725,679075
Michael Engler,911393,1589950,678557
Michael Tollin,383952,1058458,674506
Craig Brewer,953276,1627325,674049
Gilles Paquet-Brenner,23478,690875,667397
James L. Brooks,704671,1367100,662429
Rod Lurie,359819,1020725,660906
Luis Llosa,254574,913931,659357
Sebastian Schipper,116788,771686,654898
Erik Van Looy,158369,813068,654699
Éric Lartigau,97609,747075,649466
Rodman Flender,27150,674278,647128
Michael Showalter,281677,927942,646265
Alan J. Pakula,1149125,1795250,646125
Brandon Cronenberg,509144,1153025,643881
Hugh Wilson,517119,1160637,643518
Gregg Araki,110084,750725,640641
Ari Aster,9521425,10159900,638475
Luis Prieto,342259,979125,636866
Burr Steers,883575,1515550,631975
Andrea Arnold,534030,1165625,631595
Tamra Davis,105990,728383,622393
Marcos Siega,217239,839175,621936
Steven Brill,851073,1472625,621552
Colm McCarthy,997135,1615325,618190
Mike Binder,89716,691155,601439
Siddharth Anand,221282,817415,596133
David M. Rosenthal,103060,696865,593805
Jim Fall,462361,1054975,592614
Guy Ferland,146957,738975,592018
Patrick Lussier,914150,1503374,589224
Liz Garbus,44232,626750,582518
Kitty Green,76118,657900,581782
Patrick Alessandrin,70612,651547,580935
Bob Clark,123616,698993,575377
F. Javier Gutiérrez,509736,1082700,572964
Toa Fraser,47266,618950,571684
F. Gary Gray,3125550,3689925,564375
Ross Katz,592420,1151350,558930
Stuart Baird,1543200,2101975,558775
Eliza Hittman,222343,780750,558407
Matthew Warchus,499735,1053961,554226
Ben Stiller,1344650,1893900,549250
Tom Ropelewski,200801,744033,543232
Tom Harper,396112,938425,542313
Spike Lee,390532,931392,540860
Mark Romanek,3300450,3839250,538800
Jay Russell,538663,1076450,537787
Sam Miller,20628,551750,531122
Ken Loach,118570,648725,530155
Patricia Riggen,185552,712875,527323
Joachim Trier,392250,918300,526050
Ciarán Foy,504201,1025075,520874
Alan Rickman,115528,636400,520872
John Polson,251434,770144,518710
Marc Forster,1608454,2127000,518546
Tatsuya Nagamine,280637,794750,514113
John Hyams,212301,725250,512949
Olivier Dahan,21888,530600,508712
Justin Zackham,794300,1300000,505700
Tod Williams,263335,768725,505390
Jim Jarmusch,1655550,2160400,504850
Michael Lehmann,470559,968369,497810
Michael Noer,565817,1060618,494801
Peter Kosminsky,359125,853650,494525
Vic Armstrong,156550,650345,493795
Wayne Roberts,445886,938000,492114
Kasi Lemmons,280736,770875,490139
Kyle Rankin,199599,688975,489376
Harald Zwart,244550,732775,488225
Luc Besson,1915100,2398525,483425
Brett Haley,216657,698008,481351
Andrea Di Stefano,585300,1055675,470375
Glenn Gordon Caron,68590,537625,469035
Ramin Bahrani,100884,569300,468416
Keenen Ivory Wayans,1034673,1501025,466352
Vetrimaaran,222712,687105,464393
Daniel Benmayor,42766,504650,461884
Alain Desrochers,23441,484538,461097
David Koepp,202325,650700,448375
John Carpenter,675900,1123850,447950
Bharat Nalluri,35154,482825,447671
Julian Schnabel,557872,1004250,446378
Ben Wheatley,723690,1168500,444810
Wolfgang Petersen,286475,730503,444028
Rod Daniel,300692,744475,443783
Richard Berry,37427,479975,442548
Kelly Reichardt,109240,551725,442485
George Tillman Jr.,566124,1007375,441251
Cate Shortland,251629,692825,441196
Abderrahmane Sissako,17749,457825,440076
Vivek Agnihotri,82848,522426,439578
Sydney Sibilia,189065,623925,434860
Alice Rohrwacher,89235,520925,431690
Nicole Holofcener,140131,570505,430374
Rupert Wainwright,554875,981825,426950
Whit Stillman,236353,661825,425472
Ali Abbasi,436247,861175,424928
George Hickenlooper,18394,442875,424481
R.J. Cutler,1404525,1828647,424122
Aisling Walsh,120125,542625,422500
Isao Takahata,935750,1358050,422300
S. Shankar,213104,635361,422257
Sanjay Leela Bhansali,513853,934785,420932
Fernando León de Aranoa,145445,561600,416155
Gregory Dark,9454,423347,413893
Tyler Spindel,502650,916130,413480
Paul W.S. Anderson,1294860,1708325,413465
Ken Kwapis,335900,746425,410525
Nishikant Kamat,557321,966891,409570
Peter MacDonald,236258,645725,409467
Vishal Bhardwaj,243679,652367,408688
Hsiao-Hsien Hou,42781,451000,408219
Neil Jordan,554111,955925,401814
Rebecca Miller,58324,459600,401276
Nuri Bilge Ceylan,167531,563735,396204
Nicolas Pesce,339280,735275,395995
Anthony Minghella,185940,581400,395460
John Maybury,80424,474625,394201
Tom Holland,150910,543581,392671
Hyung-rae Shim,26182,418186,392004
Peter Medak,180828,569248,388420
Nash Edgerton,418400,806375,387975
Jonathan Teplitzky,61690,448995,387305
Walter Salles,352725,739081,386356
Rakesh Roshan,231268,616721,385453
Steve Beck,2352400,2734050,381650
Brian Robbins,744463,1125350,380887
David Wnendt,203018,583859,380841
Forest Whitaker,305975,686175,380200
Josh Stolberg,46047,424275,378228
Olaf de Fleur Johannesson,6784,378550,371766
Jonathan Lynn,645922,1015575,369653
Edward Yang,321200,687625,366425
Alberto Rodríguez,44709,410133,365424
Fumihiko Sori,163252,528650,365398
Pascal Laugier,633810,998150,364340
Janus Metz,499855,861550,361695
David Mamet,177537,538400,360863
Frank A. Cappello,74864,427620,352756
John Suits,152243,500300,348057
Chris McKay,3983895,4330275,346380
Christoffer Boe,145563,489325,343762
Diederik Van Rooijen,92997,435002,342005
Billy Ray,944025,1285975,341950
Andy Cadiff,406669,748479,341810
Nicholas Hytner,461650,801800,340150
James Keach,13703,352334,338631
Robin Campillo,83250,419575,336325
Marshall Herskovitz,156060,492000,335940
Álex de la Iglesia,307647,642927,335280
William Bindley,23334,358600,335266
Edoardo Ponti,54659,389825,335166
Mira Nair,133285,468125,334840
Nick Gomez,58761,390175,331414
Rick Jacobson,9525,340196,330671
Claude Zidi,51835,382358,330523
Ziad Doueiri,123840,453325,329485
Ariel Vromen,59745,388600,328855
Miguel Arteta,55313,383175,327862
Jeff Nichols,1157182,1483225,326043
Matteo Garrone,45328,369900,324572
Yôjirô Takita,16277,340839,324562
Asif Kapadia,136957,457625,320668
Nicolas Bedos,172372,491750,319378
Marco Bellocchio,7518,326375,318857
Jonathan Kaplan,287211,602275,315064
Joan Chen,338730,652078,313348
Charles Ferguson,1273140,1583770,310630
Heitor Dhalia,78944,388705,309761
Jesse Peretz,313520,619475,305955
Pete Travis,3855150,4161096,305946
Remo D'Souza,143887,448006,304119
Victor Levin,535300,837600,302300
Sophia Takal,185217,479300,294083
Josephine Decker,41059,334800,293741
Clare Kilner,201205,494566,293361
Bruce Beresford,120820,412643,291823
Joanna Hogg,72626,363625,290999
Des McAnuff,71075,361899,290824
Stacy Title,361905,651875,289970
John Gulager,848025,1137025,289000
Ulu Grosbard,219441,508050,288609
Kim Nguyen,122628,411100,288472
Brett Donowho,47348,334825,287477
Olivier Megaton,25055,311850,286795
Petter Næss,274090,559950,285860
Reed Morano,206856,492350,285494
Mélanie Laurent,121924,406950,285026
Olivier Assayas,14704,299425,284721
Andreas Prochaska,47249,331391,284142
Kar-Wai Wong,640225,921450,281225
Nelson McCormick,688980,969425,280445
Eugene Kotlyarenko,107617,387526,279909
Deon Taylor,78617,357075,278458
Richard Schenkman,11093,289341,278248
Erik Poppe,103410,380720,277310
John Gray,140315,416831,276516
Sammo Kam-Bo Hung,16111,286565,270454
Kasper Barfoed,28294,296490,268196
John Crowley,415400,678175,262775
Brady Corbet,228260,490100,261840
Alexander Nanau,78163,337175,259012
Nisha Ganatra,78797,337100,258303
Bryan Fogel,628171,884595,256424
Dimitri Logothetis,7582,259550,251968
John Fawcett,33700,285650,251950
Patricia Rozema,150360,402279,251919
David S. Ward,419227,669975,250748
Egor Baranov,16471,267025,250554
Shûsuke Kaneko,62108,312568,250460
David E. Talbert,269382,519300,249918
Diane Keaton,81775,329750,247975
Carlo Carlei,69240,316500,247260
Josh Radnor,763275,1009775,246500
Paolo Genovese,70851,317275,246424
Na Hong-jin,1825650,2069250,243600
Jane Campion,478116,720175,242059
Edward Norton,1332050,1573700,241650
François Ozon,95399,336425,241026
Stewart Hendler,274266,515125,240859
Justin G. Dyck,5267,245347,240080
Aku Louhimies,83854,323925,240071
Rajkumar Hirani,2138640,2378657,240017
Christopher Monger,14135,253848,239713
Afonso Poyart,1154359,1391975,237616
Angela Robinson,480704,718100,237396
Joe Roth,355510,592644,237134
Adam Mason,54475,291500,237025
Sanjay Gadhvi,334881,571540,236659
Glen Morgan,531520,767500,235980
Alfonso Gomez-Rejon,540822,776250,235428
Paco Plaza,62602,298006,235404
Sebastián Lelio,89558,324925,235367
Antonio Negret,178682,413275,234593
Destin Daniel Cretton,1666353,1900325,233972
Mong-Hong Chung,23659,256175,232516
Chris Fisher,96449,326025,229576
Oz Perkins,624753,854175,229422
Michael Polish,110190,335475,225285
Ti West,297722,522543,224821
Rohit Shetty,225411,449029,223618
Brian Kirk,1646410,1869700,223290
Philip Kaufman,355575,578600,223025
Philippe de Chauveron,19125,242075,222950
Christophe Gans,341200,563950,222750
Jon Amiel,156760,378675,221915
Michael Cohn,30249,251306,221057
Kevin Bray,391925,611845,219920
Mabrouk El Mechri,767927,987150,219223
Zackary Adler,73701,292400,218699
Götz Spielmann,43916,260702,216786
Jan Komasa,225985,441575,215590
Kathryn Bigelow,1187210,1401625,214415
Michael Almereyda,50676,264400,213724
Emilio Martínez Lázaro,23881,233486,209605
Mark Rosman,117345,326710,209365
Jessica Hausner,27343,234950,207607
John Duigan,126919,333532,206613
John Roberts,122377,327575,205198
Fatih Akin,257155,459500,202345
Trevor Nunn,160675,361725,201050
Jon Gunn,52485,252700,200215
Gorô Miyazaki,1108450,1308125,199675
Lance Daly,107549,306720,199171
Ariel Winograd,31143,230051,198908
Laurent Bouhnik,13716,212093,198377
John Curran,221152,417240,196088
Woo-Ping Yuen,50178,246250,196072
Daniel Barnz,776914,972975,196061
Brian Skiba,10024,206042,196018
David Mackay,13528,207790,194262
Stephen Frears,765900,958725,192825
Greg Barker,18950,211590,192640
Louis Morneau,27399,219636,192237
Claude Berri,109842,301740,191898
Kirk Jones,702600,893400,190800
Benedikt Erlingsson,93215,283300,190085
Robert Budreau,180056,368975,188919
Jesse V. Johnson,30266,219076,188810
Eric Red,144780,330275,185495
Sara Colangelo,278247,461250,183003
Shinji Higuchi,101110,283756,182646
Joe Swanberg,34329,216663,182334
Michel Franco,59313,241600,182287
Roland Suso Richter,32092,214239,182147
Julian Gilbey,294489,476510,182021
Mikael Marcimain,104035,285325,181290
Kenny Ortega,699747,880940,181193
Fred Durst,123158,304216,181058
Pietro Marcello,11681,192500,180819
Tony Giglio,75088,254822,179734
Michael Dowse,371524,549880,178356
Jennifer Lynch,328825,506242,177417
Mitja Okorn,92415,268600,176185
Christian Petzold,56275,232250,175975
David Gelb,934653,1110524,175871
Stephen Kay,163882,339294,175412
Brian Smrz,229415,404175,174760
Marius Holst,16934,190973,174039
Kevin Allen,145769,319569,173800
Morgan Neville,266578,440273,173695
Lajos Koltai,179225,352250,173025
Tetsuya Nakashima,124539,297543,173004
Gregory Nava,113050,285650,172600
David Leland,45674,218225,172551
Safy Nebbou,16218,188450,172232
Randall Miller,196882,368793,171911
Christian Volckman,425786,594100,168314
Elissa Down,162812,330675,167863
Courtney Hunt,662050,828850,166800
Marc Munden,85611,252175,166564
Vincent Perez,65871,231697,165826
Joram Lürsen,82213,247896,165683
Peter Bogdanovich,159538,324985,165447
Rodrigo García,150470,314275,163805
Raoul Peck,18905,182500,163595
Won Shin-yeon,36931,200500,163569
Phil Joanou,621950,785310,163360
J.S. Cardone,20548,183692,163144
Kirill Serebrennikov,28843,191098,162255
Zoe Lister-Jones,256215,416025,159810
Karim Aïnouz,64487,223535,159048
Asger Leth,3495108,3652847,157739
Breck Eisner,2596450,2753500,157050
Daisy von Scherler Mayer,160587,317595,157008
Ronny Yu,67673,224223,156550
John Turturro,80762,235580,154818
Martha Coolidge,136700,291214,154514
Trivikram Srinivas,242331,396427,154096
Fred Cavayé,254451,408152,153701
Ryan Murphy,579500,732750,153250
Jung Byung-gil,268547,421650,153103
Bart Freundlich,63107,216100,152993
Raymond De Felitta,34426,187068,152642
Ryoo Seung-wan,58784,211262,152478
Gillian Armstrong,18787,171137,152350
Chris Rock,531500,682529,151029
Dong-hoon Choi,70185,221110,150925
Ekachai Uekrongtham,47680,197886,150206
Oleg Stepchenko,65992,214950,148958
Peter Sullivan,39885,187443,147558
Kari Skogland,84678,231690,147012
Roschdy Zem,27406,174105,146699
Pablo Larraín,86454,232250,145796
Andrew Bujalski,56550,201509,144959
Sherry Hormann,85132,228268,143136
Curtis Hanson,387344,530000,142656
Robert Schwentke,400425,542725,142300
Mohammad Rasoulof,16022,156725,140703
Teddy Chan,8016,148326,140310
Jim Abrahams,260011,400150,140139
Sylvain White,823335,963225,139890
Pernille Fischer Christensen,38203,177829,139626
Alice Winocour,86955,226100,139145
Kaouther Ben Hania,39491,178550,139059
Liv Ullmann,15883,154525,138642
Hannah Fidell,135825,273991,138166
Aleksandr Rogozhkin,9286,146048,136762
François Dupeyron,17233,153425,136192
Alastair Orr,87367,223523,136156
Hèctor Hernández Vicens,170275,306067,135792
Alain Guiraudie,8494,143490,134996
Hu Guan,46335,180850,134515
Tyler Perry,294019,428350,134331
Nick Hamm,76484,210325,133841
Nadav Lapid,23980,157525,133545
Bob Misiorowski,9590,143108,133518
Aaron Sorkin,4714950,4848300,133350
Kelly Makin,72549,205850,133301
Mat Whitecross,72075,205338,133263
George Gallo,147940,281175,133235
April Mullen,82344,215238,132894
Kat Coiro,175960,308700,132740
Alex van Warmerdam,75681,207502,131821
Scott Wiper,513985,645770,131785
Mohit Suri,112470,243992,131522
Alain Gsponer,15871,147133,131262
Lars Kraume,20463,151457,130994
Mia Hansen-Løve,56485,186383,129898
Alex Zamm,234481,364350,129869
Mikael Salomon,162676,291698,129022
Javier Fesser,98410,227163,128753
Farren Blackburn,246730,374125,127395
Darnell Martin,192181,318679,126498
Takao Okawara,108753,234250,125497
Juan José Campanella,30234,152132,121898
Derek Tsang,211065,332325,121260
Václav Marhoul,71315,192425,121110
Ringo Lam,19245,140033,120788
Martin Zandvliet,618040,738350,120310
Eric Rochant,25319,145250,119931
Michael Damian,34551,153502,118951
Richard Martin,14704,133193,118489
David Mirkin,1334975,1453250,118275
Han-min Kim,209564,327675,118111
Tamara Jenkins,438281,555775,117494
Chris Koch,343200,460000,116800
Peter Strickland,234861,351522,116661
Frederik Du Chau,452875,569300,116425
Joko Anwar,53917,169060,115143
Roel Reiné,21089,135672,114583
Dylan Kidd,436952,551440,114488
Ken Sanzel,24143,138170,114027
Isaac Florentine,15205,128910,113705
Manuel Martín Cuenca,39569,153215,113646
Ryûsuke Hamaguchi,10606,124010,113404
Takashi Miike,74088,186102,112014
John Putch,5985,117712,111727
Alek Keshishian,257421,368400,110979
Steven C. Miller,119700,230550,110850
Géla Babluani,684980,795608,110628
Michael Cristofer,358270,468625,110355
Thomas Carter,469997,579820,109823
Dave Payne,9778,118449,108671
Ragnar Bragason,11959,120575,108616
David R. Ellis,572413,680750,108337
Don McKellar,226679,334530,107851
Luis Estrada,136392,244120,107728
Kore-eda Hirokazu,89689,196825,107136
Sandra Nettelbeck,172440,279412,106972
Albert Dupontel,64856,171525,106669
Amat Escalante,59540,165875,106335
George A. Romero,485350,591049,105699
Saverio Costanzo,35135,140196,105061
Gaby Dellal,69558,174425,104867
Brandon Slagle,28673,133534,104861
Carroll Ballard,222210,326786,104576
Daniel Calparsoro,14893,119175,104282
Thaddeus O'Sullivan,11282,115488,104206
Aki Kaurismäki,240464,342375,101911
Joseph Cedar,62400,163825,101425
Yi'nan Diao,96522,197600,101078
Charles T. Kanganis,6774,107719,100945
Todd Strauss-Schulson,1747761,1848625,100864
Adrian Garcia Bogliano,15661,116060,100399
Jonathan Newman,64729,164956,100227
Robert Benton,328750,428200,99450
Brian Baugh,118297,217575,99278
Philippa Lowthorpe,166463,264925,98462
Meghna Gulzar,668177,766627,98450
Xiaoshuai Wang,24270,122441,98171
Ciro Guerra,271035,369175,98140
Peter Mullan,338644,436574,97930
Yong-hwa Kim,131384,229175,97791
Bille August,87950,185275,97325
Gilles de Maistre,5771,102781,97010
David Blair,15713,112672,96959
Rebecca Zlotowski,59474,156425,96951
Ben Lewin,23357,120033,96676
Pablo Trapero,38665,134890,96225
Bob Rafelson,102990,199150,96160
Fouad Mikati,271575,367700,96125
Victor Salva,515925,611625,95700
Masayuki Kojima,25447,121083,95636
Sebastian Gutierrez,129980,225427,95447
Andrey Konchalovskiy,52683,148075,95392
John A. Davis,953700,1048725,95025
Jung Ji-woo,53325,148325,95000
Tommy O'Haver,357016,451536,94520
Paul Morrison,34238,127902,93664
Nikolay Lebedev,58266,151545,93279
Jirí Menzel,72482,164740,92258
Kang Je-kyu,141342,232372,91030
David Trueba,29410,119830,90420
Matt Eskandari,300042,390405,90363
Vincent Ward,642015,732307,90292
Finn Taylor,66613,156569,89956
Yuval Adler,93639,183275,89636
Timothy Woodward Jr.,29717,118165,88448
Tim Hunter,57646,146071,88425
Joe Begos,109530,197502,87972
Manny Coto,27630,114566,86936
Soon-rye Yim,5227,92084,86857
Ashley Avis,22697,109250,86553
Jalmari Helander,804700,889325,84625
Ella Lemhagen,49069,133611,84542
Hector Babenco,79065,163506,84441
Apichatpong Weerasethakul,43254,127360,84106
Elia Suleiman,55553,139625,84072
Gerardo Olivares,15968,98685,82717
Christian Sesma,21841,103893,82052
Christian Duguay,79731,161550,81819
Cody Calahan,64507,145703,81196
Zaida Bergroth,14392,95475,81083
Malik Bader,139111,219736,80625
Zak Hilditch,342742,422446,79704
Justine Triet,52454,131425,78971
Roger Spottiswoode,765225,844000,78775
Pierre Salvadori,22100,100425,78325
Tim Fywell,325891,403829,77938
Anton Megerdichev,82747,160495,77748
Agnès Merlet,38388,115504,77116
Nicholas McCarthy,634300,711400,77100
Zhangke Jia,68664,145021,76357
P. Vasu,5218,81186,75968
Jesper W. Nielsen,12681,87983,75302
Cédric Klapisch,56188,131189,75001
Claude Miller,22657,97650,74993
Malgorzata Szumowska,64137,139075,74938
Kim Farrant,231555,306400,74845
Michael Glawogger,23912,98426,74514
Lucile Hadzihalilovic,114669,189149,74480
Nils Gaup,74990,149045,74055
Shaun Paul Piccinino,95106,168995,73889
Roberto Benigni,288482,361225,72743
Alexandre Arcady,11062,83665,72603
Pantelis Voulgaris,59695,131737,72042
Anubhav Sinha,689319,760976,71657
Eric Bross,22254,93880,71626
Pieter Kuijpers,59624,131230,71606
Maria Ripoll,79828,151135,71307
Steven Soderbergh,256025,326100,70075
Tim Hill,516675,586718,70043
Roberto Santucci,39239,109265,70026
Michael Steiner,30592,100396,69804
James Cullen Bressack,31245,100944,69699
Jingming Guo,35288,104973,69685
Barbra Streisand,496000,565575,69575
John H. Lee,86312,155300,68988
Francis Veber,56900,125835,68935
Terence Davies,82557,151342,68785
Robby Henson,55561,123919,68358
Philippe Falardeau,103323,171500,68177
Azazel Jacobs,151976,220150,68174
Aleksandr Sokurov,12756,80657,67901
Gabriela Tagliavini,31464,99316,67852
Kim Sung-su,151875,219651,67776
Rintarô,229406,297143,67737
Victor Kossakovsky,5850,73475,67625
Bruno Barreto,29052,96549,67497
Mark Griffiths,16235,83320,67085
Julia von Heinz,23799,90625,66826
William Olsson,68341,135150,66809
Christian Vincent,25168,91530,66362
Tatsushi Ômori,9438,75253,65815
Fisher Stevens,714874,780665,65791
Gianfranco Rosi,19852,85218,65366
Catherine Corsini,16797,81970,65173
Dominique Deruddere,50404,115232,64828
Daniel Roby,78373,142975,64602
Luke Sparke,320649,384825,64176
Sooraj R. Barjatya,379964,443881,63917
Ned Benson,251365,315233,63868
Uli Edel,410775,473725,62950
Uwe Boll,44237,107107,62870
Martin Guigui,17772,80063,62291
Stephen Fung,34983,97197,62214
Alfredo Rodriguez de Villa,32688,94342,61654
Gary Sinyor,18557,80192,61635
Guy Maddin,44305,105195,60890
Max Winkler,124098,184650,60552
Sanaa Hamri,361875,422388,60513
Jon Garcia,54019,113948,59929
Barry Levinson,242588,302498,59910
Michael Corrente,93983,153817,59834
Claudia Myers,57884,117675,59791
Paul Gross,163191,222885,59694
Andrew Davis,2396150,2455575,59425
Andrzej Wajda,24358,83575,59217
Mark Joffe,55508,114635,59127
Anne K. Black,40455,99574,59119
Robert Towne,193719,252300,58581
Agnès Varda,42905,101358,58453
Keoni Waxman,10878,69120,58242
Oley Sassone,39991,97909,57918
Peter Flinth,14830,72631,57801
Mike Mendez,63076,119297,56221
Allan A. Goldstein,110425,165676,55251
Pascale Ferran,37057,92209,55152
Bobby Moresco,102564,157375,54811
John Murlowski,58880,113470,54590
Marc Evans,63862,118383,54521
Shinsuke Sato,57194,111400,54206
Will Gluck,1152975,1206825,53850
Dani Levy,11071,64892,53821
Hong Sang-soo,29037,82519,53482
Andrew Lau,8281,61650,53369
Soi Cheang,7844,61045,53201
Alex Ross Perry,123077,176005,52928
Per Fly,89816,142692,52876
Mads Brügger,83355,136175,52820
James Franco,37096,89300,52204
Robert Tinnell,10884,62359,51475
Marcelo Piñeyro,44773,95784,51011
János Szász,16772,67580,50808
Teona Strugar Mitevska,13574,63825,50251
Bobby Roth,4358,54216,49858
Daniel Monzón,64387,113436,49049
Ross Venokur,50003,98975,48972
Nick Vallelonga,5915,54835,48920
Morgan J. Freeman,40670,89493,48823
Martin Owen,136099,184780,48681
Brian A. Miller,62268,110725,48457
Jean-Luc Godard,30120,78308,48188
Sathyan Anthikad,32254,80191,47937
Maria Peters,49380,97209,47829
Xavier Beauvois,10426,57907,47481
Michele Placido,6195,53633,47438
Callie Khouri,524725,572050,47325
Charlie Kaufman,2463850,2511150,47300
Sam Pillsbury,105025,152178,47153
Barry Avrich,3555,50596,47041
Yoon Jong-bin,99729,146466,46737
Valérie Lemercier,38159,84875,46716
Arnaud Desplechin,18663,65250,46587
Wing-Cheong Law,18793,65344,46551
Nae Caranfil,42131,88570,46439
Clement Virgo,205202,251053,45851
Emmanuel Mouret,28815,74650,45835
Dolph Lundgren,56645,102256,45611
Clarence Fok,37352,82703,45351
Jackie Chan,568825,614125,45300
K.C. Bascombe,18305,63272,44967
Sion Sono,6031,50287,44256
Christopher Menaul,29032,73125,44093
Rob Hardy,17711,61472,43761
Vincent Garenq,42931,86281,43350
Jerzy Skolimowski,51326,94408,43082
Bertrand Blier,30147,73073,42926
Fred Olen Ray,29546,72229,42683
Eduardo Sánchez,227090,269700,42610
Brian Goodman,331350,373725,42375
Wai-Man Yip,6713,48728,42015
Jalil Lespert,34095,75965,41870
Guillaume Brac,14705,56531,41826
Chi Leung 'Jacob' Cheung,3881,45621,41740
Bertrand Bonello,50951,92460,41509
Jan Troell,31056,72435,41379
Irwin Winkler,240100,281475,41375
Wojciech Smarzowski,124954,166160,41206
Jayro Bustamante,97283,138263,40980
Claude Chabrol,20498,61028,40530
Tinto Brass,118125,158625,40500
Denys Arcand,64607,104294,39687
John Hillcoat,1047224,1086907,39683
Andrew C. Erin,23075,62505,39430
Cesc Gay,116708,155813,39105
Dae-woo Kim,22129,61075,38946
Ulrich Seidl,9417,48191,38774
Vinko Bresan,55676,94440,38764
Ozan Açiktan,182086,220821,38735
Pål Øie,112951,151426,38475
Mitsuo Hashimoto,187507,225547,38040
Charles Sturridge,88577,126366,37789
Sergey Loznitsa,10988,48289,37301
J.C. Chandor,3629350,3666200,36850
Jean-Paul Salomé,52736,89375,36639
Péter Bergendy,49526,86075,36549
Valeriy Todorovskiy,16912,53119,36207
John Eyres,22938,58940,36002
Sylvie Verheyde,19534,55400,35866
Mika Kaurismäki,19482,54673,35191
Min-ho Woo,65387,100425,35038
Gabriel Mascaro,26003,60955,34952
Ai Weiwei,596,35426,34830
William Nicholson,120675,155375,34700
Bertrand Tavernier,25494,60130,34636
Tung-Shing Yee,17389,51800,34411
Kim Jee-woon,132185,166225,34040
Sönke Wortmann,77944,111539,33595
Paul Michael Glaser,560650,594118,33468
Tibor Takács,56530,89793,33263
Nanni Moretti,167590,200806,33216
Margarethe von Trotta,11579,44705,33126
Gilles Bourdos,71581,104509,32928
Naomi Kawase,17028,49575,32547
Jessie Nelson,637713,670150,32437
Tim Blake Nelson,299448,331847,32399
Emmanuelle Bercot,15495,47225,31730
Keiichi Hara,14020,45572,31552
Paula van der Oest,26217,57767,31550
Karan Johar,1435825,1466716,30891
Ursula Meier,130490,161103,30613
Mario Martone,12827,43437,30610
Werner Herzog,28761,59359,30598
Harold Becker,688875,719275,30400
JK Youn,110771,141089,30318
Noémie Lvovsky,14217,44502,30285
David Lister,7026,36906,29880
Eric Khoo,26013,55883,29870
Cédric Jimenez,307700,337550,29850
Tosca Musk,32531,62222,29691
Scott Cooper,2371350,2400900,29550
Samuel Benchetrit,32090,61582,29492
Gavin Wilding,6187,35460,29273
Rafal Zielinski,7370,36606,29236
Gregory Hatanaka,45160,74305,29145
Carl Reiner,85191,114235,29044
Vadim Jean,10692,38805,28113
Rolfe Kanefsky,32395,60400,28005
Anne Fontaine,20771,48715,27944
Dagur Kári,215969,243900,27931
Jang Sun-woo,7447,35255,27808
Sean Olson,12952,40748,27796
Aleksey German Jr.,15879,43613,27734
Fernando Colomo,12732,40443,27711
Maïwenn,70869,98520,27651
Milan Luthria,166651,194292,27641
Yesim Ustaoglu,38285,65841,27556
Paul Dugdale,23006,50461,27455
Paul Solet,186239,213593,27354
K.S. Ravikumar,48715,75742,27027
Robert Greenwald,37710,64356,26646
Matt Tyrnauer,38341,64960,26619
Henrik Martin Dahlsbakken,31483,57728,26245
Andrew Fleming,342250,368440,26190
Hiner Saleem,24107,50234,26127
Renzo Martinelli,18923,45015,26092
Cathy Garcia-Sampana,9075,35011,25936
Ira Sachs,41586,67459,25873
Dan Ireland,83823,109650,25827
Shinobu Yaguchi,28337,54029,25692
Bill Plympton,29549,55240,25691
Rowan Woods,163792,189466,25674
Philippe Lioret,15892,41439,25547
Stéphane Brizé,29257,54541,25284
Hari,40906,66139,25233
Justin Lee,30314,55528,25214
Paolo Virzì,48247,73446,25199
Pepe Danquart,19579,44424,24845
Michael O. Sajbel,210952,235622,24670
Ryan White,36510,61128,24618
Lin Oeding,810850,835260,24410
Satoshi Kon,2413925,2438250,24325
Riccardo Milani,29542,53740,24198
Xavier Giannoli,22740,46700,23960
Benny Chan,24891,48800,23909
Andrzej Zulawski,28980,52660,23680
Michael Winnick,82567,106246,23679
Jeff Celentano,22102,45643,23541
Daniel Farrands,57479,80876,23397
Roy Hin Yeung Chow,42960,66235,23275
Michael Winterbottom,133448,156450,23002
Javier Ruiz Caldera,84980,107874,22894
Philippe Garrel,12799,35554,22755
Siu-Tung Ching,106415,129096,22681
Pedro Costa,34554,57215,22661
Danny Lerner,8155,30790,22635
Godfrey Ho,3652,26260,22608
Jan Verheyen,15933,38415,22482
Eran Riklis,27052,49465,22413
Philip Ridley,188046,210236,22190
Patricio Valladares,12451,34494,22043
Xiaogang Feng,32775,54555,21780
Kevin Macdonald,137885,159621,21736
Jesper Ganslandt,55890,77458,21568
P.J. Hogan,1045475,1067035,21560
Dalibor Matanic,27275,48559,21284
Birger Larsen,13784,35060,21276
Miwa Nishikawa,20176,41368,21192
Louis Malle,154508,175655,21147
Jacques Doillon,9547,30657,21110
Vitaliy Manskiy,1595,22196,20601
Charlie Steeds,12310,32844,20534
Larry Fessenden,72279,92618,20339
Kenji Kodama,58670,79003,20333
Randa Haines,137815,158122,20307
Roberto Andò,18118,38274,20156
Prabhu Deva,398658,418703,20045
Denis Côté,9913,29712,19799
Erik Matti,8166,27861,19695
Camille Delamarre,1104100,1123375,19275
Zalman King,47903,67050,19147
Pema Tseden,3665,22795,19130
Mark Malone,14641,33541,18900
Takahiro Miki,16553,35451,18898
Lech Majewski,28498,47355,18857
Wellson Chin,6127,24893,18766
Olivier Marchal,231454,250100,18646
Scott Ziehl,32615,51079,18464
Karim Dridi,5537,23967,18430
Carlos Carrera,6991,25386,18395
Gary Wang,22293,40675,18382
Danielle Arbid,9670,28025,18355
Herman Yau,9835,28152,18317
Manoel de Oliveira,17953,36207,18254
Richard Gabai,11045,29289,18244
Rob Diamond,5062,23131,18069
Anders Rønnow Klarlund,52507,70524,18017
Arto Halonen,1386,19292,17906
Clara Law,7726,25614,17888
Micheal Bafaro,13099,30972,17873
Rudolf van den Berg,23269,41125,17856
Uberto Pasolini,149893,167725,17832
Dariush Mehrjui,65256,82999,17743
John Mackenzie,41622,59350,17728
David Lam,1691,19405,17714
Atom Egoyan,91523,109169,17646
Albert Serra,14755,32386,17631
Álvaro Fernández Armero,17727,35192,17465
Stijn Coninx,53676,71040,17364
Patricio Guzmán,19844,37199,17355
Marion Vernoux,12679,29906,17227
Richard Gray,78735,95924,17189
Dante Lam,36713,53849,17136
Donald Farmer,5625,22694,17069
Daniele Luchetti,19111,36123,17012
Mitsutoshi Tanaka,28073,45010,16937
Jeff Renfroe,698232,715075,16843
Wolfgang Murnberger,51306,68091,16785
Frederick Wiseman,5054,21739,16685
Angela Schanelec,6136,22630,16494
Gracia Querejeta,17289,33524,16235
Ha Yoo,37540,53733,16193
Anca Damian,14842,30871,16029
Johnnie To,20493,36437,15944
Doug Campbell,13937,29662,15725
Ebrahim Hatamikia,55047,70611,15564
Ho Yim,8081,23564,15483
Romain Gavras,108394,123850,15456
Dmitriy Meskhiev,10861,26308,15447
Cristina Comencini,4348,19763,15415
John Shepphird,8813,24058,15245
Craig Clyde,6250,21360,15110
Paul McGuigan,253558,268575,15017
Pirjo Honkasalo,7628,22331,14703
Stanley Tucci,127128,141820,14692
Isaac Ezban,108733,123100,14367
Thom Fitzgerald,54849,69103,14254
Alessandro D'Alatri,7105,21194,14089
Victor Vu,8269,22137,13868
Ryûhei Kitamura,189189,202975,13786
Paul Lynch,17739,31039,13300
Tahmineh Milani,24248,37344,13096
Joachim Lafosse,25640,38686,13046
James Cox,356648,369600,12952
Yôji Yamada,5252,18166,12914
Kyu-dong Min,23361,36269,12908
Stefano Mordini,21622,34500,12878
Nicole Garcia,36366,49188,12822
Phillip J. Roth,20599,33324,12725
Hideo Jôjô,1656,14350,12694
Yoshihiro Nakamura,16898,29517,12619
Johan Nijenhuis,24400,36903,12503
James Merendino,9052,21458,12406
Joyce Bernal,1623,13956,12333
Francisco J. Lombardi,14935,27267,12332
Nawapol Thamrongrattanarit,41489,53818,12329
Nobuhiko Ôbayashi,3946,16130,12184
Claude Lelouch,21146,33140,11994
Francesca Archibugi,9986,21954,11968
Joseph Merhi,12151,24112,11961
Kôji Fukada,9972,21925,11953
Eric Barbier,35745,47692,11947
Kim Longinotto,3204,15113,11909
Marcus H. Rosenmüller,69775,81365,11590
Gerardo Herrero,7073,18617,11544
Kelvin Tong,19026,30509,11483
Mohsen Makhmalbaf,19948,31362,11414
Adrian Sitaru,19197,30590,11393
Nacho Vigalondo,1724150,1735275,11125
Gérard Jugnot,26462,37559,11097
Alexs Stadermann,47986,59075,11089
Carlo Mazzacurati,7300,18100,10800
Nick Willing,74840,85537,10697
Christian Schwochow,19078,29761,10683
Jean-Pierre Améris,14021,24654,10633
Roberto Faenza,20753,31377,10624
Eric Styles,35086,45514,10428
Akihiko Shiota,16874,27082,10208
Jaime Rosales,21122,31273,10151
David Winning,7483,17565,10082
Amos Kollek,11098,20947,9849
Mark Atkins,20823,30529,9706
Yam Laranas,26840,36537,9697
Ted Nicolaou,12030,21639,9609
Wolfgang Groos,18162,27693,9531
Ron Oliver,16360,25865,9505
Pupi Avati,5478,14977,9499
Ethan Hawke,64329,73825,9496
Kim Dae-seung,41987,51368,9381
Daming Chen,894,10275,9381
Austin Chick,94761,104069,9308
Gerardo Naranjo,68246,77437,9191
Rikiya Imaizumi,3880,13049,9169
Dustin Rikert,9346,18513,9167
Yuan Zhang,16282,25443,9161
Jag Mundhra,17512,26630,9118
Robert Young,54183,63269,9086
Alan Roberts,31052,40125,9073
Masud Kimiai,8377,17385,9008
Oskar Roehler,14415,23257,8842
Aleksey Uchitel,26232,35039,8807
Márta Mészáros,5495,14256,8761
Lucas Belvaux,13782,22510,8728
Ann Hui,13743,22466,8723
Robert Lieberman,140125,148820,8695
Ching-Po Wong,31944,40517,8573
Philippe Harel,26096,34639,8543
Manuel Gómez Pereira,18646,27154,8508
John Bradshaw,8619,17031,8412
Kôji Wakamatsu,2241,10466,8225
Yûichirô Hirakawa,8694,16895,8201
Rabi Kinagi,2757,10884,8127
Guillaume Nicloux,17334,25438,8104
Serge Rodnunsky,1267,9325,8058
Simon Rumley,91404,99397,7993
J. Christian Ingvordsen,4273,12191,7918
Marc S. Grenier,11655,19571,7916
Jack Ersgard,13309,21223,7914
Pavel Ruminov,15615,23526,7911
Andreas Dresen,28606,36439,7833
Takahisa Zeze,2771,10567,7796
David Worth,13733,21528,7795
Joshiy,15540,23287,7747
Raymond Depardon,5008,12663,7655
Mark Lamprell,20939,28510,7571
Reza Mirkarimi,24857,32387,7530
Rithy Panh,5608,13098,7490
Im Sang-soo,31193,38516,7323
István Szabó,34035,41345,7310
Robert M. Young,26354,33640,7286
George Mihalka,9499,16592,7093
Sergio Martino,4804,11754,6950
Rocky Soraya,25443,32387,6944
Gary Jones,76589,83400,6811
Simon Verhoeven,218999,225693,6694
Detlev Buck,33809,40390,6581
Maryo J. de los Reyes,491,6807,6316
Brillante Mendoza,10474,16790,6316
Rodney McDonald,14922,21203,6281
Julia Hart,189961,196066,6105
Hideyuki Hirayama,3418,9437,6019
Jun Lana,2972,8989,6017
Juanma Bajo Ulloa,26625,32566,5941
Fereydoun Jeyrani,14268,19875,5607
Lorenzo Doumani,5729,11256,5527
Masato Harada,14529,20001,5472
Adilkhan Yerzhanov,3624,9048,5424
Hanung Bramantyo,6170,11588,5418
Dee McLachlan,12757,18117,5360
Marco Mak,4533,9871,5338
Tom Shell,7857,12970,5113
Tomas Villum Jensen,40291,45372,5081
Kamal,9316,14339,5023
Brent Huff,9050,13942,4892
Kôta Yoshida,2954,7730,4776
Alexandros Avranas,281011,285779,4768
Caroline Link,81995,86694,4699
Jayaraj,4389,8965,4576
Annette K. Olesen,25359,29893,4534
John Asher,45539,50065,4526
Ryûichi Hiroki,8784,13309,4525
Jean-Claude Brisseau,14343,18866,4523
Stéphane Robelin,73571,77925,4354
Man-Kei Chin,11149,15492,4343
Brett Kelly,7259,11573,4314
Preston A. Whitmore II,171268,175378,4110
Eric Weston,7751,11856,4105
Charlie Minn,3280,7299,4019
Hajime Hashimoto,3338,7242,3904
Jason Paul Laxamana,3143,6924,3781
Sergio Rubini,6894,10646,3752
Eric Gibson,2654,6361,3707
Cãlin Peter Netzer,57006,60700,3694
Gary Graver,5735,9412,3677
Paul Thomas,1645,5306,3661
Errol Morris,65641,69298,3657
James Dearden,148975,152621,3646
Lav Diaz,6023,9658,3635
Chuan Lu,82890,86516,3626
David Giancola,27770,31336,3566
Dorota Kedzierzawska,11141,14662,3521
Yûya Ishii,6670,10127,3457
Mae Czarina Cruz,9262,12676,3414
João Botelho,3925,7318,3393
Diane Kurys,14483,17838,3355
David A. Prior,8229,11546,3317
Christopher Forbes,4928,8078,3150
Todd Verow,6976,10123,3147
Nicolas Vanier,36335,39403,3068
Chito S. Roño,1786,4828,3042
José Celestino Campusano,2736,5658,2922
Yossi Wein,6247,9165,2918
John Lyde,22132,25033,2901
Amos Gitai,1574,4466,2892
Ole Christian Madsen,33522,36363,2841
Valeria Bruni Tedeschi,21097,23839,2742
Brian Brough,37300,39993,2693
Andy Sidaris,36740,39424,2684
Richard Pepin,15513,18184,2671
Ryan Combs,22181,24796,2615
Daniel Burman,21544,24093,2549
Giovanni Veronesi,16706,19242,2536
Rúnar Rúnarsson,39318,41778,2460
John Quinn,3621,5935,2314
Jannik Hastrup,4328,6581,2253
Joey Travolta,6203,8434,2231
Michael Feifer,15286,17485,2199
Katsuyuki Motohiro,21311,23491,2180
Wenn V. Deramas,2647,4699,2052
Joel Lamangan,1035,3085,2050
Alex Wright,14962,17004,2042
Lisa Langseth,117068,119075,2007
Rashid Masharawi,7168,9107,1939
José Luis Guerín,26856,28780,1924
Derek Chiu,1769,3616,1847
Richard Friedman,8935,10758,1823
Kurt Voss,14195,15986,1791
Alessandro Genovesi,29318,31107,1789
Sam Irvin,10248,11978,1730
Vivian Naefe,12447,14137,1690
Janez Lapajne,2925,4430,1505
Semih Kaplanoglu,76424,77848,1424
Rudolf Havlik,9948,11350,1402
Francesca Comencini,7730,9054,1324
Richard Hobert,11481,12762,1281
Rosa von Praunheim,3268,4521,1253
Philip Gardiner,567,1796,1229
Marco Risi,16887,18114,1227
Kelley Cauthen,6175,7338,1163
Michael Oblowitz,41687,42848,1161
Jaroslav Soukup,4402,5543,1141
Claire Simon,2649,3746,1097
Paul Cox,7964,8991,1027
Carl Bessai,32876,33877,1001
Philippe de Broca,39004,39990,986
Theodoros Angelopoulos,83142,84120,978
Teddy Page,1558,2507,949
Otar Iosseliani,9896,10826,930
Naoto Kumazawa,36613,37535,922
Paul Leder,1446,2342,896
Ralph E. Portillo,3975,4867,892
Kenneth Branagh,760675,761550,875
Michael Fredianelli,1086,1922,836
Juan Pablo Buscarini,20915,21746,831
Danny J. Boyle,7924,8750,826
Kin-Nam Cho,5844,6670,826
Fabien Onteniente,22446,23256,810
Tony Y. Reyes,734,1543,809
Junji Sakamoto,2790,3580,790
Sam Firstenberg,27678,28445,767
Jose Javier Reyes,843,1602,759
Bruno Podalydès,23199,23899,700
Larry Rosen,1458,2133,675
Krzysztof Zanussi,8441,9015,574
Isabel Coixet,83372,83936,564
Eric Lavaine,28474,29035,561
Kira Muratova,11044,11571,527
João Pedro Rodrigues,81118,81640,522
Evgeny Afineevsky,215874,216383,509
R. Ellis Frazier,20248,20737,489
Brian Grant,25435,25869,434
Rene Perez,7510,7930,420
Stephen Shimek,22302,22713,411
Rasmus A. Sivertsen,19389,19718,329
Ben Verbong,11175,11503,328
Giuseppe Piccioni,12517,12812,295
Bakhtyar Khudojnazarov,19608,19901,293
James Snider,3774,4052,278
Tomás Svoboda,2715,2975,260
Aktan Arym Kubat,9114,9341,227
Bruce McDonald,42927,43108,181
Leon Ding,5088,5256,168
Stephen Kijak,29803,29955,152
Graeme Duane,577,683,106
Chantal Akerman,23892,23950,58
Damián Romay,10668,10717,49
Montazur Rahman Akbar,329,359,30
Simon Kinberg,5149525,5149525,0
Emerald Fennell,5322675,5322675,0
Chris Renaud,5450425,5450425,0
Chris Sanders,1415400,1415400,0
Florian Zeller,4864150,4864150,0
Michael Gracey,7818250,7818250,0
Joachim Rønning,2983050,2983050,0
Peter Farrelly,14405725,14405725,0
Steven S. DeKnight,3194125,3194125,0
Josh Cooley,7038100,7038100,0
Lee Unkrich,22370225,22370225,0
Joel Crawford,1332425,1332425,0
Peter Ramsey,4826750,4826750,0
Stanley Kubrick,9412550,9412550,0
Peter Sohn,3196525,3196525,0
Chris Butler,721625,721625,0
Bradley Cooper,10529075,10529075,0
Michael Chaves,1447725,1447725,0
Chris Miller,4825650,4825650,0
Rachel Lee Goldenberg,184008,184008,0
Jorge R. Gutiérrez,1956175,1956175,0
Lars Klevberg,1052031,1052031,0
Rich Moore,11496225,11496225,0
John Lasseter,26793350,26793350,0
Jeff Fowler,4010950,4010950,0
Nicholas Meyer,1171436,1171436,0
Steve Martino,1248025,1248025,0
Chris Addison,1648175,1648175,0
Gary Shore,5201775,5201775,0
Robert Stromberg,10027425,10027425,0
Christian Rivers,3536825,3536825,0
Brian Fee,3075675,3075675,0
Damjan Kozole,15693,15670,-23
Hisayasu Satô,2022,1999,-23
Dito Tsintsadze,10677,10647,-30
Rodney Gibbons,11079,11038,-41
Art Camacho,10961,10907,-54
Peter Masterson,23963,23891,-72
David Jacobson,269012,268846,-166
Siu-Hung Chung,2466,2263,-203
Bryan Goeres,14576,14284,-292
Emanuele Crialese,94572,94277,-295
Andy Goddard,151646,151325,-321
Sammy Myller,800,443,-357
Edward Holzman,6307,5946,-361
Nicolas Philibert,6046,5674,-372
Menahem Golan,9146,8759,-387
Garin Nugroho,6396,6006,-390
Laurent Tuel,37897,37505,-392
Vladimír Michálek,17101,16523,-578
Pasquale Fanetti,2822,2243,-579
David Bickerstaff,1934,1351,-583
Ute von Münchow-Pohl,14200,13575,-625
Adolfo Alix Jr.,1695,1059,-636
Kôbun Shizuno,30232,29573,-659
Tsutomu Shibayama,17585,16923,-662
Karin Albou,22211,21525,-686
Heddy Honigmann,3528,2841,-687
Carlo Vanzina,16802,16107,-695
Gabriel Aghion,34279,33575,-704
Rizal Mantovani,9375,8499,-876
Alex Winter,75413,74435,-978
Chuen-Yee Cha,2709,1691,-1018
Pauli Janhunen Calderón,2483,1451,-1032
Robert Lee,11692,10632,-1060
Pearry Reginald Teo,56015,54834,-1181
Eiichirô Hasumi,19943,18728,-1215
Nanouk Leopold,25267,23997,-1270
Ali Samadi Ahadi,9869,8596,-1273
Jordan Hill,4183,2877,-1306
Eric Hendershot,8788,7457,-1331
Antonio Hernández,25716,24353,-1363
Diego Lerman,17676,16285,-1391
Wai-Man Cheng,3373,1966,-1407
John Hay,77631,76172,-1459
Dustin Ferguson,3633,2170,-1463
Robert Guédiguian,31988,30510,-1478
Tetsuo Shinohara,5245,3728,-1517
Arturo Ripstein,7979,6321,-1658
Yasuo Furuhata,10022,8354,-1668
Bill Zebub,5424,3712,-1712
Toshiya Shinohara,54705,52899,-1806
Cédric Kahn,35098,33234,-1864
M.L. Pundhevanop Dhewakul,13452,11523,-1929
Manuel Pradal,27880,25938,-1942
Yasuichirô Yamamoto,54414,52437,-1977
Carlo Verdone,37260,35257,-2003
Hansal Mehta,210094,208075,-2019
Nayato Fio Nuala,2554,527,-2027
Jeff Hare,18964,16917,-2047
Stephen Low,8180,6083,-2097
Patrick Kong,4417,2303,-2114
Lawrence Lanoff,8207,6082,-2125
Lucas Lowe,39123,36981,-2142
Joel Soisson,64282,62110,-2172
Henri Charr,4937,2743,-2194
Joe Ma,7322,5021,-2301
Ruben Preuss,10777,8475,-2302
Peter Maris,10108,7717,-2391
Mike Sedan,8352,5790,-2562
Hanno Olderdissen,18773,16175,-2598
Mark Polonia,9514,6880,-2634
David Stoten,10908,8215,-2693
Jonathan Heap,14310,11584,-2726
Laurent Cantet,59771,57025,-2746
Raúl Ruiz,10384,7629,-2755
Lawrence Ah-Mon,8094,5277,-2817
Aurelio Grimaldi,6246,3422,-2824
Jeffrey Reiner,23329,20489,-2840
Kazuya Shiraishi,16639,13784,-2855
Kôichi Sakamoto,6079,3219,-2860
Yoshihiro Fukagawa,5677,2809,-2868
Nikolay Khomeriki,27076,24177,-2899
Léa Pool,14081,11173,-2908
Vidhu Vinod Chopra,142533,139516,-3017
Louisa Warren,12419,9349,-3070
Chris Menges,52966,49888,-3078
Ning Hao,53010,49905,-3105
Takeshi Furusawa,17375,14239,-3136
Marion Hänsel,8442,5274,-3168
Luca Bercovici,16939,13750,-3189
Jan Jakub Kolski,9992,6792,-3200
Alex Tsitsilin,62800,59550,-3250
Ventura Pons,5619,2367,-3252
Daniel Alfredson,29738,26486,-3252
Mac Alejandre,5132,1860,-3272
Terence H. Winkless,15871,12521,-3350
Cirio H. Santiago,8693,5335,-3358
Je-yong Lee,24431,21020,-3411
Sharunas Bartas,17566,14128,-3438
Gaël Morel,24333,20807,-3526
Nana Dzhordzhadze,26116,22423,-3693
Robert Kubilos,18968,15150,-3818
Hugh Hudson,92844,89017,-3827
Denis Chernov,12432,8542,-3890
Lyndon Chubbuck,39280,35319,-3961
Nikolaus Geyrhalter,14183,10078,-4105
Claus Bjerre,10220,5958,-4262
Damian Chapa,9152,4881,-4271
Pascal Bonitzer,17956,13554,-4402
Daniel Zirilli,28289,23885,-4404
Radu Muntean,54367,49933,-4434
E.V.V. Satyanarayana,6201,1762,-4439
Ettore Scola,21480,17035,-4445
André van Heerden,18187,13735,-4452
Tomonori Sudô,74256,69750,-4506
Masaaki Yuasa,107692,102903,-4789
Yukihiko Tsutsumi,17026,12232,-4794
Federico Veiroj,16346,11515,-4831
Pascal Thomas,20621,15701,-4920
Strathford Hamilton,12000,6975,-5025
Harry Bromley Davenport,41506,36448,-5058
Radu Jude,36424,31300,-5124
Arthur Allan Seidelman,26094,20854,-5240
Robert Malenfant,16515,11229,-5286
Aaron Mirtes,21695,16380,-5315
Phil Grabsky,6466,1125,-5341
Mathieu Amalric,51784,46433,-5351
Israel Adrián Caetano,50852,45341,-5511
Jûzô Itami,19749,14206,-5543
Fernando E. Solanas,16334,10768,-5566
Rick Sloane,11503,5912,-5591
Stanley Kwan,37121,31488,-5633
Pierre Jolivet,16706,10886,-5820
Alessio Maria Federici,19337,13492,-5845
Richard Griffin,8787,2936,-5851
Bent Hamer,41943,36059,-5884
Ernesto Díaz Espinoza,34884,28954,-5930
Henry Jaglom,11964,5909,-6055
Mahamat-Saleh Haroun,17762,11700,-6062
Yuki Tanada,17914,11735,-6179
André Téchiné,43845,37649,-6196
Chi-Leung Law,37761,31531,-6230
Mimmo Calopresti,10497,4159,-6338
Jim McBride,33488,27090,-6398
Sherif Arafa,59027,52553,-6474
Rob Pallatina,21250,14702,-6548
Alberto Rodriguez,14881,8294,-6587
Richard W. Munchkin,11081,4435,-6646
Thomas Imbach,10203,3535,-6668
James Erskine,27891,21190,-6701
Im Kwon-taek,12055,5288,-6767
Eric Schaeffer,94798,87960,-6838
Joe D'Amato,9503,2647,-6856
Stephen Poliakoff,90750,83858,-6892
Ben Sombogaart,46325,39427,-6898
Jonas Elmer,309657,302754,-6903
Lionel Baier,16730,9712,-7018
Mark Roper,12805,5782,-7023
Evan Tramel,8242,1213,-7029
Tsutomu Mizushima,15600,8563,-7037
Ermanno Olmi,21328,14263,-7065
Merzak Allouache,9772,2644,-7128
Aman Chang,8690,1528,-7162
Jacek Bromski,19507,12183,-7324
Mike Marzuk,16863,9481,-7382
Scott Marshall,90359,82975,-7384
Michael Kennedy,13787,6370,-7417
Jonathan Nossiter,16296,8763,-7533
Mikhail Red,36360,28728,-7632
Nabil Ayouch,59022,51246,-7776
Jesús Franco,13271,5394,-7877
João César Monteiro,25340,17453,-7887
Andrew Jones,28473,20506,-7967
Thomas Lilti,83270,75288,-7982
Peter Yates,42623,34620,-8003
Radek Bajgar,20200,12150,-8050
Raja Amari,13501,5428,-8073
Jim Strouse,242825,234724,-8101
Philippe Mora,12187,4017,-8170
David Mitchell,23284,15009,-8275
Stuart Gordon,287360,278960,-8400
Tristan Price,50537,42106,-8431
Albertina Carri,26149,17604,-8545
Peter Ho-Sun Chan,67813,59265,-8548
Gustavo Graef Marino,29189,20582,-8607
Kai-Ming Lai,11824,3086,-8738
Izuru Narushima,21874,13106,-8768
Hitoshi Yazaki,11414,2450,-8964
Philip Haas,58766,49791,-8975
Zdenek Troska,12140,3044,-9096
Wang Bing,16176,7073,-9103
Ho-Cheung Pang,26908,17800,-9108
Shaji Kailas,17069,7825,-9244
Jordan Barker,73483,64090,-9393
Iginio Straffi,36575,27179,-9396
Jack Neo,14992,5553,-9439
Lisa France,15884,6261,-9623
Kang Woo-suk,34686,25001,-9685
Mari Asato,22694,13007,-9687
Doris Dörrie,23180,13330,-9850
Brett Simmons,182496,172626,-9870
Nacho G. Velilla,69273,59377,-9896
Tonie Marshall,48010,37973,-10037
Iván Noel,14011,3962,-10049
Julien Leclercq,86200,76149,-10051
Stephen Shin,15091,5035,-10056
Jean Pellerin,28231,18126,-10105
Sidney J. Furie,43712,33311,-10401
Giulio Base,15979,5571,-10408
Mischa Kamp,23141,12575,-10566
Simon Fellows,123258,112607,-10651
Ryuta Tasaki,13514,2818,-10696
Douglas Jackson,19893,9180,-10713
Jean-Claude La Marre,23923,13111,-10812
Miguel Gomes,54407,43574,-10833
Pierre-François Martin-Laval,56380,45475,-10905
Olivier Baroux,43680,32738,-10942
Paul Ziller,16993,5979,-11014
Robert Harmon,257807,246789,-11018
Riri Riza,25729,14697,-11032
Matthew Leutwyler,95779,84644,-11135
Bettina Oberli,23910,12747,-11163
Kevin Tenney,30341,19130,-11211
Szabolcs Hajdu,35504,24243,-11261
Jaime Humberto Hermosillo,14236,2975,-11261
Tetsuo Yajima,74553,63225,-11328
Jared Cohn,31029,19666,-11363
Philippe Le Guay,38276,26839,-11437
Marc Fitoussi,28723,17240,-11483
Peter Timm,16430,4935,-11495
Mohamed Hamidi,40455,28855,-11600
Tomasz Wasilewski,62732,51090,-11642
Leste Chen,50767,39119,-11648
Pavel Lungin,33688,21747,-11941
Curtis Crawford,19683,7720,-11963
Jirí Vejdelek,20165,8200,-11965
Michael Landon Jr.,47822,35853,-11969
Brett Morgen,260052,248041,-12011
Karen Shakhnazarov,21600,9575,-12025
Robert Jan Westdijk,56700,44642,-12058
Dzhanik Fayziev,77695,65350,-12345
Julio Medem,107610,95263,-12347
Leigh Scott,21659,9254,-12405
Mick Davis,102370,89919,-12451
Simon Staho,28115,15642,-12473
Arne Lindtner Næss,15028,2485,-12543
Benoît Jacquot,31743,19167,-12576
Daniel Cohen,185826,173205,-12621
Takashi Ishii,21165,8466,-12699
Benson Lee,169466,156546,-12920
Alexandre O. Philippe,75639,62660,-12979
Davide Ferrario,15817,2745,-13072
Shimon Dotan,18205,5120,-13085
Dennis Dimster,72685,59590,-13095
Martin Sulík,24468,11370,-13098
Rich Christiano,44598,31484,-13114
Yutaka Ikejima,14075,902,-13173
Marco Kreuzpaintner,340875,327700,-13175
Naoyuki Tomomatsu,16856,3595,-13261
Regardt van den Bergh,34716,20969,-13747
Lone Scherfig,141652,127725,-13927
Montxo Armendáriz,35855,21886,-13969
Shô Tsukikawa,30983,17006,-13977
Philippe Muyl,44322,30105,-14217
Lucrecia Martel,190833,176508,-14325
Hasan Karacadag,106597,92205,-14392
Gianni Amelio,43790,29176,-14614
Sean Garrity,55203,40538,-14665
Marius Vaysberg,30893,16185,-14708
Billy Hin-Shing Tang,16726,1862,-14864
Bohdan Sláma,29791,14875,-14916
Scud,23992,8647,-15345
Jonathan Jakubowicz,240790,225275,-15515
Keith Gordon,233003,217480,-15523
Marc Levin,30667,15082,-15585
Alex Ranarivelo,54119,38442,-15677
Andrew Stevens,27383,11634,-15749
Tsutomu Hanabusa,26340,10581,-15759
Ivan I. Tverdovskiy,28643,12777,-15866
Allison Anders,104443,88503,-15940
Gray Hofmeyr,27329,11365,-15964
Ed Gass-Donnelly,279962,263870,-16092
Aleksey Fedorchenko,32142,15865,-16277
Alejandro Fernández Almendras,25501,9224,-16277
Marcos Carnevale,51062,34762,-16300
Cybil Richards,19763,3270,-16493
Carol Morley,135025,118470,-16555
Veit Helmer,39220,22607,-16613
Ki-hyeong Park,41292,24673,-16619
Jamie Luk,17484,762,-16722
Deepa Mehta,58843,42089,-16754
Patryk Vega,43968,27183,-16785
Raj Kanwar,85624,68828,-16796
Kim Ki-duk,36307,19509,-16798
Worth Keeter,25997,9021,-16976
Sergey A.,22382,5341,-17041
Poj Arnon,19713,2628,-17085
Neri Parenti,34814,17693,-17121
Marc Rothemund,82959,65775,-17184
Alexandra Leclère,43898,26678,-17220
Paul Matthews,31257,13995,-17262
Roger Christian,67199,49933,-17266
Friðrik Þór Friðriksson,29164,11868,-17296
Fred Gallo,24125,6745,-17380
George Ratliff,238702,220650,-18052
Greydon Clark,32953,14791,-18162
Fruit Chan,45975,27432,-18543
Lina Wertmüller,24855,6146,-18709
Jianqi Huo,23868,5075,-18793
Paul Tanter,29366,10418,-18948
Bruce La Bruce,36433,17452,-18981
Philip Gröning,32879,13894,-18985
David DeCoteau,23305,4190,-19115
Clay Glen,33500,14264,-19236
Dick Maas,89554,69988,-19566
Jean van de Velde,50342,30752,-19590
Gakuryû Ishii,24604,4913,-19691
Marc Meyers,172972,153025,-19947
Lloyd A. Simandl,23720,3768,-19952
Ron Mann,39253,19249,-20004
Tanit Jitnukul,32067,11727,-20340
Tudor Giurgiu,74194,53667,-20527
Gary Wheeler,36764,15998,-20766
Oxide Chun Pang,25452,4544,-20908
Leslye Headland,1223475,1202500,-20975
Clifton Ko,23774,2797,-20977
Isao Yukisada,42492,21354,-21138
Sabu,37510,16317,-21193
Jing Wong,42932,21576,-21356
Olaf Ittenbach,38056,16540,-21516
Andrucha Waddington,39076,17540,-21536
Eugene Jarecki,94730,73120,-21610
Alexey Nuzhny,54464,32609,-21855
Todd Graff,262685,240793,-21892
Kriv Stenders,236552,214636,-21916
Indra Kumar,156069,134081,-21988
Éric Besnard,91111,69101,-22010
Agustí Villaronga,73739,51708,-22031
Seong-gang Lee,22800,750,-22050
Søren Kragh-Jacobsen,53007,30785,-22222
Mehdi Ben Attia,55675,33373,-22302
Sandy Tung,49713,27356,-22357
Åke Sandgren,40682,18314,-22368
Jingle Ma,31932,9543,-22389
Hermine Huntgeburth,40939,18463,-22476
Eliseo Subiela,83726,60816,-22910
Kanti Shah,23640,624,-23016
Andrey Kravchuk,125773,102617,-23156
Claudia Llosa,128260,104996,-23264
Icíar Bollaín,76364,53081,-23283
Benedict Andrews,282783,259375,-23408
Sturla Gunnarsson,82856,59196,-23660
Asia Argento,99715,76027,-23688
Michael McGowan,167903,144153,-23750
Jayson Thiessen,199825,175981,-23844
Joachim Masannek,37215,13369,-23846
Rémi Bezançon,143867,119925,-23942
Rob Williams,43317,19308,-24009
Will Wernick,348900,324875,-24025
Kôki Mitani,40528,16390,-24138
Sven Taddicken,38053,13640,-24413
Michel Ocelot,51645,27139,-24506
Brian Trenchard-Smith,124059,99235,-24824
Lynn Shelton,167872,142882,-24990
Gillies MacKinnon,71350,46311,-25039
Yûichi Fukuda,37673,12585,-25088
Marie-Castille Mention-Schaar,38907,13549,-25358
Philippe Grandrieux,32512,6784,-25728
Shinji Aoyama,33576,7789,-25787
Argyris Papadimitropoulos,168051,142150,-25901
Goran Paskaljevic,39207,13232,-25975
Julian Richards,45619,19510,-26109
Damian Lee,78685,52528,-26157
Mary McGuckian,35379,9134,-26245
Gaspar Noé,646825,620545,-26280
Bart Layton,1264325,1237850,-26475
Isshin Inudô,30987,4290,-26697
Jeffrey Lau,34892,7671,-27221
Imanol Uribe,44317,16930,-27387
Daisuke Nishio,199531,172027,-27504
Warren P. Sonoda,63498,35501,-27997
Antony Cordier,59150,31086,-28064
Adam Rifkin,91777,63605,-28172
Stephen Reynolds,90098,61630,-28468
Aleksi Salmenperä,49354,20592,-28762
Tobe Hooper,114952,85968,-28984
Shaad Ali,157264,128042,-29222
Karen Moncrieff,155240,125952,-29288
Darrell Roodt,51517,22074,-29443
Nonzee Nimibutr,51736,22201,-29535
Stephen Gyllenhaal,59158,29620,-29538
Quan'an Wang,44635,14856,-29779
Wladyslaw Pasikowski,70672,40650,-30022
Erik Canuel,91327,61294,-30033
Gordon Chan,74976,44931,-30045
Anders Nilsson,112585,82488,-30097
Jordan Brady,118806,88455,-30351
Petr Zelenka,37613,7100,-30513
Ryan Bellgardt,45970,15070,-30900
Yves Angelo,38426,7314,-31112
James Lapine,142505,111190,-31315
Alan Rudolph,86533,55000,-31533
Hella Joof,57739,26018,-31721
Anne Sewitsky,65203,33336,-31867
Yvan Attal,104056,72125,-31931
John McNaughton,190268,158325,-31943
Christopher Ray,47509,15560,-31949
Eduardo Rodriguez,99448,67253,-32195
Jim Wynorski,37364,5036,-32328
Jon Hess,58255,25855,-32400
Mark Rydell,161172,128591,-32581
Ulf Malmros,107995,75316,-32679
Josef Rusnak,85025,52220,-32805
Colin Theys,46247,13165,-33082
Abdellatif Kechiche,53425,20088,-33337
Thomas Balmès,104567,71185,-33382
Férid Boughedir,51875,18484,-33391
Rachid Bouchareb,111093,77700,-33393
Terry Miles,92737,59327,-33410
Mario Andreacchio,48359,14859,-33500
Nobuhiro Yamashita,43364,9826,-33538
Peter Hedges,638799,605025,-33774
John Boorman,77755,43936,-33819
Frédéric Schoendoerffer,83611,49733,-33878
Tae-gyun Kim,56679,22732,-33947
Shûichi Okita,40996,7040,-33956
John Irvin,50956,16867,-34089
Michael Radford,91924,57675,-34249
Kamal Tabrizi,52274,17845,-34429
Nicolas Boukhrief,81476,47034,-34442
Stefan Ruzowitzky,169155,134360,-34795
John Glen,80062,45004,-35058
Hitoshi Matsumoto,103396,68287,-35109
Norman Jewison,272018,236182,-35836
Youssef Chahine,57358,21398,-35960
Benito Zambrano,89543,53113,-36430
Kim Chapiron,266769,230238,-36531
Lucian Pintilie,71394,34686,-36708
Klaus Härö,73230,36158,-37072
Takehiko Shinjô,62346,25272,-37074
Sujoy Ghosh,637928,600842,-37086
Wen Jiang,166628,129333,-37295
Michael Mak,59372,22076,-37296
Hur Jin-ho,77731,40248,-37483
Adam Egypt Mortimer,174675,137172,-37503
Kimble Rendall,188814,150514,-38300
Toshiaki Toyoda,57827,19347,-38480
Pil-sung Yim,87152,48651,-38501
Marco Berger,91958,53090,-38868
Ask Hasselbalch,60725,21793,-38932
Bahman Ghobadi,208924,169976,-38948
Jun-Soo Park,100477,61429,-39048
Vicente Aranda,62162,23092,-39070
Sheldon Wilson,74555,35330,-39225
Stephan Komandarev,79993,40516,-39477
Corneliu Porumboiu,203250,163600,-39650
Yves Simoneau,73780,34079,-39701
Jill Sprecher,223646,183905,-39741
Carlos Reygadas,118596,78712,-39884
Nick Broomfield,84084,43590,-40494
Laurent Tirard,92210,51625,-40585
Sebastián Silva,158829,118213,-40616
Xavier Koller,52275,11475,-40800
Jan Sverák,64032,23051,-40981
Vlad Yudin,64252,22887,-41365
Gabriele Muccino,116396,74990,-41406
Julie Bertuccelli,70168,28700,-41468
Agustín Díaz Yanes,86988,45473,-41515
Leonardo Pieraccioni,75447,33910,-41537
Samira Makhmalbaf,69604,27369,-42235
Jake Scott,306234,263963,-42271
John Sayles,102015,59465,-42550
Mike Rohl,381106,338500,-42606
William Kaufman,126924,84294,-42630
Shamim Sarif,154913,112166,-42747
Patrik Syversen,113032,69938,-43094
Gérard Corbiau,113475,70173,-43302
Henrik Ruben Genz,61563,18118,-43445
Adrian Grunberg,2793725,2750075,-43650
Richard LaGravenese,714812,670835,-43977
Rajko Grlic,102592,58290,-44302
Michael Haneke,469525,425050,-44475
Alain Resnais,81509,36696,-44813
Jean Becker,59655,14588,-45067
Tony Gatlif,75028,29932,-45096
Hallvard Bræin,114509,69390,-45119
Jaume Balagueró,256145,210789,-45356
Nikita Mikhalkov,85153,39180,-45973
Siddique,185832,139645,-46187
Zhuangzhuang Tian,69073,22831,-46242
Puri Jagannadh,94447,47957,-46490
Daniel Auteuil,90684,44071,-46613
Christopher Hampton,134999,87793,-47206
Troy Miller,1024800,977554,-47246
Willard Carroll,196963,149668,-47295
Aaron Woodley,104830,57250,-47580
Reha Erdem,96307,48624,-47683
Jan Hrebejk,121177,73329,-47848
Peter Hyams,264373,216158,-48215
Don Roos,544500,496100,-48400
Alexandre Rockwell,77533,29036,-48497
Hong-Seung Yoon,67418,17320,-50098
Étienne Chatiliez,85221,35075,-50146
Avi Nesher,66439,16236,-50203
Katja von Garnier,69729,19286,-50443
Greg Beeman,146920,96206,-50714
Donald Petrie,488701,437800,-50901
Sarah Gavron,621945,570981,-50964
David L. Cunningham,222557,171508,-51049
York Alec Shackleton,183248,132168,-51080
Pablo Berger,207885,156795,-51090
Nicole Conn,120066,68825,-51241
Debbie Isitt,158585,107158,-51427
Josh Boone,2302725,2251250,-51475
David Price,147265,95345,-51920
Ruba Nadda,119349,66500,-52849
Dennis Bots,65723,12747,-52976
Yuriy Bykov,118263,65075,-53188
Michael Moore,450400,396386,-54014
Masayuki Ochiai,81778,27464,-54314
Carlos Saura,59228,4872,-54356
Nick Lyon,77091,22335,-54756
Jeff Kanew,127177,72389,-54788
Shin'ya Tsukamoto,90782,35410,-55372
Charles Band,65530,9924,-55606
Anne Goursaud,165267,109541,-55726
Alejandro Jodorowsky,150394,94609,-55785
Robert Vince,63401,7448,-55953
Bigas Luna,107025,51030,-55995
Matías Bize,68235,11913,-56322
Olatunde Osunsanmi,846175,788834,-57341
Alexandre Coffre,75161,17518,-57643
Bryan Singer,14941360,14883600,-57760
Anees Bazmee,158389,100420,-57969
Yves Robert,158612,100411,-58201
Catherine Breillat,92800,34308,-58492
Joe Nussbaum,451850,393275,-58575
Dover Koshashvili,65203,6272,-58931
Rigoberto Castañeda,91927,32708,-59219
Sergio Castellitto,205096,145854,-59242
Jérôme Salle,214350,155025,-59325
Colin Nutley,89100,29663,-59437
Juliusz Machulski,108111,48029,-60082
Shana Feste,246792,186700,-60092
Conor Allyn,103676,42922,-60754
Khyentse Norbu,83075,21521,-61554
Nanette Burstein,998349,936410,-61939
George Clooney,2303800,2240900,-62900
Sven Unterwaldt Jr.,69772,6341,-63431
Rick King,75908,12416,-63492
Valérie Donzelli,86315,22527,-63788
Danièle Thompson,97658,33870,-63788
Bill Bennett,117190,53308,-63882
Ava DuVernay,1261366,1197225,-64141
Richard Pearce,211434,147273,-64161
Roland Joffé,140925,76675,-64250
Rose Bosch,173484,107745,-65739
Aleksi Mäkelä,92706,26714,-65992
Suresh Krishna,90120,24083,-66037
Anthony C. Ferrante,101266,34923,-66343
Gianni Di Gregorio,95365,28443,-66922
Bruno Dumont,91361,24342,-67019
Daniel Sánchez Arévalo,181831,114591,-67240
Coline Serreau,89868,22575,-67293
Eytan Fox,123693,56008,-67685
Ron Fricke,1020756,952975,-67781
Kjell Sundvall,147538,79738,-67800
Fina Torres,189074,121198,-67876
Kenji Nagasaki,314950,247050,-67900
Kang Hyeong-cheol,136510,68575,-67935
Steve Rash,190681,122702,-67979
Jon Wright,319903,251670,-68233
Iain Softley,370665,301975,-68690
Fausto Brizzi,88755,19969,-68786
Jan Svankmajer,101505,32418,-69087
Martin Provost,124911,55525,-69386
Bill Duke,129711,60289,-69422
Mahesh Manjrekar,131827,62335,-69492
Marco Tullio Giordana,102850,33048,-69802
Alper Mestçi,111592,41551,-70041
James Marsh,408098,337875,-70223
Yen-Ping Chu,75029,4779,-70250
James Huth,108089,37483,-70606
Melanie Mayron,155575,84899,-70676
Jerzy Hoffman,125483,54201,-71282
Paul Andrew Williams,270910,199625,-71285
Dario Argento,209110,137687,-71423
Tom Hanks,1845275,1773800,-71475
Anne Wheeler,115191,43544,-71647
Anthony Waller,169900,98090,-71810
Yang Zhang,82024,10164,-71860
Sophie Fiennes,148023,76100,-71923
Pierre Morel,1850675,1778375,-72300
Kyung-taek Kwak,91218,18375,-72843
Vikram Bhatt,115279,42075,-73204
Todd Robinson,427120,353725,-73395
Cory Finley,1163775,1090375,-73400
Sébastien Lifshitz,108365,34559,-73806
Mateo Gil,182085,107773,-74312
Paddy Breathnach,127076,52668,-74408
Stewart Raffill,142134,67359,-74775
Michael Cimino,212125,137237,-74888
M.J. Bassett,320563,245125,-75438
Ron Scalpello,130605,54800,-75805
Stanislav Govorukhin,84147,8103,-76044
Heywood Gould,108771,32540,-76231
Lik-Chi Lee,90070,13800,-76270
Nick Powell,358350,281100,-77250
Ana Lily Amirpour,968575,891150,-77425
Antoinette Beumer,134446,56825,-77621
Benedek Fliegauf,132530,54868,-77662
John Henderson,91609,13552,-78057
Q. Allan Brocka,155041,76896,-78145
Shôhei Imamura,146006,67686,-78320
Nagesh Kukunoor,157623,79096,-78527
Mike Mitchell,2003850,1924850,-79000
Dominik Moll,275414,195500,-79914
Paul Mazursky,130850,50900,-79950
Lawrence Guterman,1567100,1487075,-80025
Jeremy Sims,157217,77159,-80058
Lee Tamahori,923575,843240,-80335
Pat Holden,199903,119415,-80488
Lee Joon-ik,110592,29470,-81122
François Girard,201011,119097,-81914
Klim Shipenko,198009,116040,-81969
Christophe Honoré,141384,59375,-82009
Noboru Iguchi,88235,6000,-82235
Dmitriy Dyachenko,126249,43321,-82928
Dean Parisot,1412554,1329600,-82954
Hayao Miyazaki,2566475,2483250,-83225
Erick Zonca,187355,104118,-83237
Luis Mandoki,223925,140580,-83345
Jason Connery,134090,50446,-83644
Peter Greenaway,159705,75994,-83711
Marina de Van,155548,71696,-83852
Adam Gierasch,191286,106558,-84728
Silvio Soldini,103456,18468,-84988
Alain Corneau,191283,106189,-85094
Tony Randel,91130,5376,-85754
Santosh Sivan,117819,32024,-85795
Régis Roinsard,318350,232450,-85900
Jafar Panahi,206600,120650,-85950
Jeff Baena,598175,511725,-86450
José Luis Cuerda,123006,35051,-87955
Ye Lou,124141,35521,-88620
Gautham Vasudev Menon,189062,99249,-89813
Tsai Ming-liang,134669,44407,-90262
Junji Shimizu,131040,39077,-91963
Stefan Schwartz,158430,66381,-92049
Michael J. Gallagher,194296,101572,-92724
Bruce McCulloch,239290,145919,-93371
Srdan Golubovic,185522,91567,-93955
Mikkel Brænne Sandemose,144590,50559,-94031
Josiane Balasko,111780,16580,-95200
Rick Rosenthal,700501,604945,-95556
Émile Gaudreault,116335,19599,-96736
Hart Bochner,332349,235067,-97282
Ole Bornedal,460819,363065,-97754
Zaza Urushadze,690505,592627,-97878
Woo-seok Yang,180655,82437,-98218
Kim Seong-hun,366794,268541,-98253
Joe Lynch,522560,424181,-98379
Urszula Antoniak,108933,10507,-98426
Michael Herbig,433090,334600,-98490
Ferzan Özpetek,168452,69495,-98957
Carlos Sorin,123660,23645,-100015
Pan Nalin,141967,41250,-100717
Takeshi Kitano,181752,80990,-100762
Joo-hwan Kim,207988,106300,-101688
Sam Garbarski,135752,32095,-103657
Giorgio Serafini,121884,18217,-103667
Arne Glimcher,220079,115817,-104262
Éric Rohmer,147706,42780,-104926
Bronwen Hughes,277475,171671,-105804
Frédéric Fonteyne,132078,25407,-106671
Hans-Christian Schmid,136104,28784,-107320
Andrés Wood,145136,37028,-108108
Peter Markle,138362,29852,-108510
Mahsun Kirmizigül,294689,186172,-108517
Arthur Hiller,216300,107639,-108661
Nadia Tass,130240,21312,-108928
Richard Eyre,479100,369750,-109350
Shane Abbess,358679,249047,-109632
Marleen Gorris,181446,70523,-110923
Robert Townsend,189727,78724,-111003
Mandie Fletcher,227949,116733,-111216
Alain Berbérian,186630,75080,-111550
Steven R. Monroe,126782,15106,-111676
Sebastián Borensztein,432875,321025,-111850
Lloyd Kaufman,161164,49282,-111882
Damian Harris,199450,87485,-111965
Arlene Sanford,295876,183258,-112618
Michael Ritchie,202625,89144,-113481
Vicente Amorim,129970,15190,-114780
Blake Edwards,263475,148325,-115150
Philippe Martinez,177548,62317,-115231
Ram Gopal Varma,133339,16954,-116385
Sean Penn,255040,138525,-116515
Daniel Grou,153232,36344,-116888
Colin Minihan,330061,212684,-117377
Tom DiCillo,316379,198995,-117384
John Herzfeld,544800,427150,-117650
Mark Waters,285915,168240,-117675
Sundar C.,141812,23816,-117996
Arnaud des Pallières,184828,65595,-119233
Ludovic Bernard,154625,34647,-119978
Daniel Stamm,1098214,978075,-120139
William Butler,135604,14977,-120627
Radu Mihaileanu,173682,51570,-122112
Denis Dercourt,133638,11437,-122201
Timo Tjahjanto,514472,391934,-122538
Niall Johnson,153583,30311,-123272
Miguel Ángel Vivas,260634,137036,-123598
Oliver Parker,267952,144120,-123832
Aaron Norris,204275,79951,-124324
Steve Buscemi,438356,313754,-124602
Enrique Gato,228225,103300,-124925
Costa-Gavras,279372,153453,-125919
Sarah Polley,577750,450549,-127201
Lisa Azuelos,161936,34039,-127897
Bob Odenkirk,452606,324225,-128381
Lucía Puenzo,323420,194825,-128595
Franc. Reyes,177209,47966,-129243
Justin Kelly,187728,58345,-129383
William H. Macy,446860,316832,-130028
Tarsem Singh,2734850,2602150,-132700
William Dear,192900,59651,-133249
Prakash Jha,272555,138537,-134018
Pen-Ek Ratanaruang,161302,26822,-134480
Chris Sivertson,324671,188971,-135700
Mike Leigh,447130,311064,-136066
Mikkel Nørgaard,527298,390526,-136772
Kike Maíllo,229890,93000,-136890
Chris Kraus,165638,26820,-138818
Claude Sautet,266900,126975,-139925
Mani Ratnam,281779,140205,-141574
Nicole Kassell,885925,743525,-142400
Dennis Hopper,339500,193565,-145935
Rolf de Heer,201500,54752,-146748
Jon Knautz,235426,88305,-147121
Seth Grossman,356916,209468,-147448
A.L. Vijay,161325,13610,-147715
Alain Berliner,217073,69292,-147781
Jonathan Sobol,410670,262562,-148108
John Dahl,633125,484759,-148366
Vic Sarin,181756,32764,-148992
Priyadarshan,180029,30346,-149683
Brian Gilbert,369900,219626,-150274
Tommy Lee Jones,1048225,897125,-151100
Vondie Curtis-Hall,415650,263750,-151900
Woody Allen,390969,238825,-152144
Charlie McDowell,1091350,939150,-152200
Shunji Iwai,173944,21213,-152731
Paolo Sorrentino,296917,143657,-153260
Masayuki Suô,175658,21887,-153771
Vaughn Stein,636825,483025,-153800
Jim Wilson,199359,45481,-153878
Steve Miner,280338,126246,-154092
Julien Temple,189831,35736,-154095
Tobias Lindholm,436425,280675,-155750
Shinji Aramaki,463925,307345,-156580
Grímur Hákonarson,198675,41725,-156950
Sarik Andreasyan,189712,32008,-157704
Eleanor Coppola,244825,85365,-159460
Aleksandr Kott,232138,72540,-159598
John Schultz,368494,206890,-161604
Víctor Garcia,239156,77089,-162067
Kiyoshi Kurosawa,215527,53239,-162288
Takashi Yamazaki,237631,74262,-163369
Florent-Emilio Siri,223147,58519,-164628
James Toback,218025,51351,-166674
James Kent,764250,597325,-166925
Carl Schenkel,221171,52258,-168913
Joel Hopkins,351620,180825,-170795
Matthew Heineman,412176,241114,-171062
Amy Berg,272138,101031,-171107
Frank Henenlotter,261395,89485,-171910
Gurinder Chadha,856265,684200,-172065
Clive Barker,655253,483125,-172128
Rowdy Herrington,258750,85287,-173463
Lauren Greenfield,249574,74819,-174755
Alex Kendrick,318270,143200,-175070
Cristi Puiu,249299,73504,-175795
Dennis Gansel,214037,37560,-176477
Kaige Chen,245795,69092,-176703
Fred Schepisi,434278,256638,-177640
Andy Tennant,623900,445025,-178875
Patrice Leconte,259525,80240,-179285
John R. Leonetti,1456700,1275025,-181675
Anh Hung Tran,251350,68437,-182913
Emilio Estevez,575560,391556,-184004
Abbas Kiarostami,563688,378028,-185660
Robert Kurtzman,250481,63652,-186829
Mamoru Oshii,210428,22363,-188065
Ali Abbas Zafar,1015347,827069,-188278
Phil Claydon,399715,210883,-188832
Zeki Demirkubuz,320497,130314,-190183
Tanya Wexler,535270,344047,-191223
Edward Burns,215481,23440,-192041
Herbert Ross,547203,354925,-192278
Billy Corben,220807,27911,-192896
Robert Altman,784627,591300,-193327
Casey Affleck,581597,387500,-194097
Aleksey Balabanov,259025,63469,-195556
Sergey Mokritskiy,238368,42133,-196235
John Woo,279200,82698,-196502
Bernardo Bertolucci,344125,147325,-196800
Makoto Shinkai,1601475,1404275,-197200
James D.R. Hickox,209975,11473,-198502
Charles Martin Smith,265348,66775,-198573
Anurag Kashyap,367195,168585,-198610
Fabrice du Welz,299335,99408,-199927
Sean McNamara,216589,16349,-200240
Christian Carion,237876,37011,-200865
Lawrence Kasdan,391009,188932,-202077
Oriol Paulo,1818075,1614950,-203125
Damien O'Donnell,501800,298150,-203650
Sam Taylor-Johnson,975525,770540,-204985
Joann Sfar,243367,37945,-205422
Ry Russo-Young,411102,204550,-206552
Michael Mayer,333829,126699,-207130
James Ivory,314664,107355,-207309
Jeff Pollack,383084,175590,-207494
Hal Hartley,265186,57066,-208120
Richard Loncraine,389950,180875,-209075
Jacques Rivette,235325,26215,-209110
Mark Mylod,2402025,2192625,-209400
Mary Lambert,332277,121904,-210373
Michael Goi,361543,149243,-212300
Boaz Yakin,260541,48210,-212331
Fernando Trueba,274671,61962,-212709
Johnny Martin,317973,105217,-212756
Dan Fogelman,833825,619875,-213950
Babak Anvari,755250,541250,-214000
Andrew Bergman,552200,337520,-214680
Yilmaz Erdogan,545435,330228,-215207
Jaume Collet-Serra,3359850,3144275,-215575
Nicolás López,245224,29619,-215605
Shigeyasu Yamauchi,264878,49083,-215795
Andrew Haigh,566025,349750,-216275
Anthony DiBlasi,268961,51934,-217027
Karyn Kusama,1014356,796500,-217856
John R. Cherry III,282717,64246,-218471
Kirby Dick,330220,111635,-218585
Srdjan Dragojevic,395306,176464,-218842
Katt Shea,369936,150865,-219071
Christian E. Christiansen,345600,126125,-219475
Davis Guggenheim,440125,218441,-221684
Agnès Jaoui,254896,32800,-222096
György Pálfi,259830,36866,-222964
Harold Cronk,288131,65055,-223076
Rob Sitch,436590,213322,-223268
James Orr,318345,93777,-224568
Gareth Evans,1707428,1482775,-224653
Wim Wenders,284475,59600,-224875
Rodrigo Sorogoyen,305404,80350,-225054
Volker Schlöndorff,269275,42673,-226602
Barbara Kopple,234603,7469,-227134
Tom Vaughan,628425,401250,-227175
Jeremy Saulnier,1243666,1012025,-231641
Kunal Kohli,430107,198349,-231758
Jonathan English,272579,40442,-232137
Farah Khan,1096584,862810,-233774
Norio Tsuruta,239298,5445,-233853
Daniel Lee,271660,37476,-234184
Nancy Savoca,253450,16666,-236784
Dwight H. Little,610200,371978,-238222
Yann Arthus-Bertrand,530631,292175,-238456
Michele Soavi,265006,26262,-238744
Mark L. Lester,265530,23656,-241874
Douglas Aarniokoski,533675,290932,-242743
Ken Scott,459040,214050,-244990
Ami Canaan Mann,485226,239400,-245826
Alan Shapiro,559875,313821,-246054
Reinhard Klooss,326400,79500,-246900
Jeffrey Nachmanoff,1302359,1054500,-247859
Pascal Chaumeil,691950,441189,-250761
John Pogue,522425,268872,-253553
Park Hoon-jung,478858,221200,-257658
Steve James,518434,260178,-258256
Régis Wargnier,274325,14964,-259361
Peter Sollett,591340,331300,-260040
Serdar Akar,389018,128704,-260314
Jody Hill,858950,595581,-263369
Santiago Segura,328945,64806,-264139
Justin Kurzel,594961,330775,-264186
Rob Cohen,823650,559225,-264425
Ken Marino,439625,174811,-264814
Craig R. Baxley,349375,83835,-265540
Wash Westmoreland,662225,396025,-266200
Sheng Ding,276627,9808,-266819
Kôji Shiraishi,311153,43459,-267694
William Brent Bell,784501,516375,-268126
Neil LaBute,322183,53925,-268258
Makoto Kamiya,831275,561825,-269450
Deran Sarafian,521700,250867,-270833
Vincent Kok,277078,3493,-273585
Mark Pellington,413794,139909,-273885
Griffin Dunne,644375,369780,-274595
Courtney Solomon,908075,632450,-275625
Jessy Terrero,512410,236244,-276166
Lorene Scafaria,2973700,2697275,-276425
Eran Creevy,711445,434275,-277170
John Schlesinger,571425,292925,-278500
Dee Rees,698973,419775,-279198
Robert Duvall,373175,93548,-279627
Stephen S. Campanelli,424375,142050,-282325
Angelina Jolie,797630,513125,-284505
Thor Freudenthal,627325,342350,-284975
Fernando González Molina,484778,198142,-286636
Joe Dante,591599,300598,-291001
Paul Hyett,313597,22195,-291402
Robert Mandel,686625,394300,-292325
Alex Gibney,453725,160765,-292960
Gabriele Salvatores,334550,39867,-294683
Erik Skjoldbjærg,391025,94399,-296626
Albert Pyun,321625,23655,-297970
Andrey Zvyagintsev,1190500,891100,-299400
Gérard Krawczyk,953655,653241,-300414
Mike Disa,349775,48650,-301125
Thomas Bezucha,1179335,876925,-302410
Til Schweiger,355050,49514,-305536
Francis Lee,896150,587900,-308250
Adam Green,773692,463689,-310003
Lasse Spang Olsen,439754,127779,-311975
Aaron Harvey,447800,134549,-313251
Philipp Stölzl,330345,16272,-314073
Roy Andersson,510100,195350,-314750
Togan Gökbakar,551995,237108,-314887
Jean-Marie Poiré,426580,110705,-315875
Hugo Gélin,468480,151975,-316505
Brian Gibson,617550,300102,-317448
Mick Garris,616150,297784,-318366
Craig Moss,347635,29069,-318566
George Lucas,21529225,21208300,-320925
George Armitage,792790,470400,-322390
Nigel Cole,483800,161088,-322712
Farhan Akhtar,1647155,1323514,-323641
Mort Nathan,810275,484465,-325810
Josef Fares,474596,148208,-326388
Brian Levant,594600,268210,-326390
Arie Posin,479750,149075,-330675
Menno Meyjes,366040,34870,-331170
Eric Valette,438200,103369,-334831
Harmony Korine,959575,623350,-336225
Albert Brooks,534675,197670,-337005
Rajkumar Santoshi,564457,224709,-339748
Charles Stone III,640763,296584,-344179
Stanley Tong,512034,167300,-344734
David Cronenberg,1421175,1073450,-347725
Gonzalo López-Gallego,679753,330795,-348958
Julie Taymor,430595,81336,-349259
Andrew Traucki,524675,171075,-353600
Michael Lembeck,1599625,1245750,-353875
Reginald Hudlin,463165,107035,-356130
Don Michael Paul,419275,62291,-356984
Liam O'Donnell,588000,230975,-357025
Agnieszka Holland,438025,80700,-357325
Randal Kleiser,562950,203616,-359334
Mike Gunther,380755,18860,-361895
Caradog W. James,738041,374125,-363916
Cristian Mungiu,734286,368925,-365361
Jan Kounen,438738,73257,-365481
Greg McLean,1965850,1597025,-368825
Michel Gondry,474900,104942,-369958
Emile Ardolino,750996,380052,-370944
Milcho Manchevski,397550,22360,-375190
Nick Love,727640,351355,-376285
Jeethu Joseph,450160,70829,-379331
Patrick Read Johnson,462088,81549,-380539
Miranda July,937175,554175,-383000
Fernando Meirelles,3720900,3332150,-388750
Hwang Dong-hyuk,481183,91906,-389277
Fedor Bondarchuk,542900,152075,-390825
Brian Yuzna,437130,40468,-396662
Sally Potter,469425,72725,-396700
Haifaa Al-Mansour,451904,53175,-398729
Julian Jarrold,581870,180238,-401632
Alfonso Arau,471900,69904,-401996
Franco Zeffirelli,522747,120305,-402442
Cyrus Nowrasteh,501268,97506,-403762
Wayne Wang,459625,52310,-407315
Ryan Little,493513,85859,-407654
Christopher Cain,448496,38874,-409622
Bora Dagtekin,593768,183624,-410144
Daniel Petrie Jr.,627475,215929,-411546
Tim Robbins,909324,496911,-412413
Christopher Guest,679235,265042,-414193
Hark Tsui,498800,80013,-418787
Trish Sie,902675,482422,-420253
Steven Zaillian,1061975,641050,-420925
Bob Spiers,584299,162746,-421553
Yann Demange,1508000,1084150,-423850
Duwayne Dunham,1282975,854617,-428358
Ate de Jong,475545,43286,-432259
Jean-Jacques Annaud,589050,156025,-433025
Vikramaditya Motwane,780080,346530,-433550
Jacob Estes,764385,330129,-434256
Patrice Chéreau,475950,40638,-435312
Phil Traill,1112150,674850,-437300
Mamoru Hosoda,893237,454850,-438387
Roger Avary,663998,224970,-439028
Dito Montiel,671650,229065,-442585
John Landis,859000,414225,-444775
Joseph Kahn,738250,288703,-449547
Wych Kaosayananda,505612,55312,-450300
Barbet Schroeder,473225,22198,-451027
A.R. Murugadoss,781509,329015,-452494
Rupert Goold,1827275,1373625,-453650
Amma Asante,667230,209950,-457280
Takashi Shimizu,533378,74801,-458577
John Flynn,646900,186265,-460635
Jeff Burr,486100,23892,-462208
Michaël R. Roskam,608425,143575,-464850
Alain Chabat,545419,79454,-465965
Richard Benjamin,562205,94539,-467666
Brian De Palma,670125,201921,-468204
Frank Oz,1865400,1395180,-470220
Stephan Elliott,625369,154578,-470791
Philippe Claudel,518325,47051,-471274
Stuart Gillard,625375,153787,-471588
Gregory Plotkin,769925,296975,-472950
Len Wiseman,7147000,6671875,-475125
Neil Armfield,1052471,576149,-476322
Fraser C. Heston,689700,211046,-478654
Eli Roth,2097900,1619114,-478786
Ericson Core,1887550,1403650,-483900
Peter Landesman,854295,369150,-485145
Michel Hazanavicius,533914,48633,-485281
Brandon Camp,850950,365668,-485282
Adrian Lyne,2956800,2470400,-486400
Tim McCanlies,599679,112852,-486827
Bryan Spicer,751750,263027,-488723
Cal Brunker,673050,182600,-490450
Dany Boon,606141,113617,-492524
Wayne Kramer,853398,353500,-499898
Sacha Gervasi,1046625,545451,-501174
Don Mancini,1251325,747925,-503400
Quentin Dupieux,666442,153550,-512892
Alister Grierson,782504,263875,-518629
Claudio Fragasso,530015,9271,-520744
John Stockwell,640375,108165,-532210
Toby Wilkins,1026850,493000,-533850
Joe Johnston,1548175,1014083,-534092
Jean-Paul Rappeneau,610971,71030,-539941
Roman Polanski,1071400,529300,-542100
Timur Bekmambetov,839750,295946,-543804
Gia Coppola,677388,133425,-543963
Anthony Hickox,576885,32488,-544397
George Sluizer,563570,18946,-544624
Scott Mann,907625,355000,-552625
Andrew Morahan,554050,735,-553315
Xavier Dolan,786250,228975,-557275
Mike Figgis,568525,10951,-557574
Terry Zwigoff,1700990,1131395,-569595
E. Elias Merhige,1106325,532225,-574100
Ernest R. Dickerson,710606,135514,-575092
Craig Johnson,1021819,446725,-575094
Simon Wincer,608358,24800,-583558
Majid Majidi,673698,90079,-583619
Dennis Dugan,827900,240455,-587445
Christian Alvart,679309,81857,-597452
Allan Moyle,663343,63653,-599690
Mimi Leder,1565700,961175,-604525
Mick Jackson,1203361,589750,-613611
Matthew Bright,797025,181715,-615310
Richard Rich,678250,57010,-621240
John Cameron Mitchell,933357,310700,-622657
David Hogan,784025,160225,-623800
Keishi Otomo,640193,12459,-627734
Simon Wells,1206325,576519,-629806
Edward Zwick,950705,310975,-639730
David Schwimmer,1747350,1102900,-644450
Sam Weisman,1042169,394350,-647819
Ben Younger,1414350,764325,-650025
Hans Weingartner,809950,159820,-650130
Peter Lepeniotis,757250,101700,-655550
Douglas McGrath,1042975,386831,-656144
Ralph Fiennes,838850,176150,-662700
Guillaume Canet,775657,112504,-663153
Bruce Malmuth,811575,141917,-669658
Chris Stokes,687391,11092,-676299
Mark Tonderai,922770,243100,-679670
Oren Moverman,920575,240525,-680050
Mario Van Peebles,974025,290235,-683790
Antti J. Jokinen,711898,21930,-689968
Jesse Dylan,1548975,858986,-689989
Trey Edward Shults,1466476,776125,-690351
John Patrick Shanley,997025,304825,-692200
Christopher Smith,795725,103455,-692270
Todd Solondz,932425,240003,-692422
Lesli Linka Glatter,813350,119486,-693864
Susanna White,928825,226628,-702197
Julie Delpy,770215,65450,-704765
Michael Caton-Jones,784990,74940,-710050
Mark Jones,764850,47796,-717054
David Bowers,999375,274600,-724775
Geoffrey Wright,959535,232437,-727098
Scott Hicks,1136655,400550,-736105
Charles Shyer,2114250,1376200,-738050
Imtiaz Ali,1127887,386820,-741067
Alejandro Amenábar,1065250,316840,-748410
Nimród Antal,1081255,331868,-749387
Mel Smith,848008,97723,-750285
Walter Hill,1115600,362694,-752906
Ben Palmer,2170075,1416250,-753825
Greg Marcks,1253350,499425,-753925
Omar Naim,794859,38480,-756379
Sheldon Lettich,998975,235375,-763600
Robert Redford,1642075,875375,-766700
Louie Psihoyos,1287675,519792,-767883
Mitchell Lichtenstein,1164350,395691,-768659
Ernie Barbarash,1069650,299425,-770225
Joe Chappelle,886155,112797,-773358
Zoya Akhtar,1704574,929887,-774687
Danis Tanovic,1173377,395950,-777427
Gus Van Sant,1548250,769550,-778700
Franck Khalfoun,912725,131905,-780820
Stella Meghie,938756,155675,-783081
David Slade,4208725,3413275,-795450
Debra Granik,2434371,1636300,-798071
Andrew Douglas,2240111,1438710,-801401
Joshua Marston,905775,104265,-801510
Scott Stewart,2806900,2002050,-804850
Akiva Goldsman,1424875,615531,-809344
Les Mayfield,1133175,319220,-813955
Yimou Zhang,886225,71675,-814550
Stephen Herek,954575,133781,-820794
Thomas Jahn,845525,23053,-822472
Geoff Murphy,978325,154460,-823865
Ari Folman,1332210,498350,-833860
Kyle Newman,1418939,583775,-835164
Marjane Satrapi,1381842,546425,-835417
Jean-François Richet,992091,153750,-838341
Adam Marcus,923175,81405,-841770
Brett Leonard,978650,135244,-843406
Russell Mulcahy,927670,82251,-845419
Joseph Vilsmaier,870128,23884,-846244
John Badham,1200950,349306,-851644
Steve Carr,1105375,250175,-855200
Floria Sigismondi,1275600,404825,-870775
Lucky McKee,931409,49450,-881959
Amy Heckerling,1222700,337528,-885172
Geoffrey Sax,1272750,383955,-888795
Deniz Gamze Ergüven,1025175,133455,-891720
Drake Doremus,1080513,187250,-893263
Jimmy Hayward,1547625,651600,-896025
Ari Sandel,1644570,746865,-897705
Tom Six,1492281,589471,-902810
Sean Ellis,2273225,1361525,-911700
Elizabeth Allen Rosenbaum,1132175,217200,-914975
Jon S. Baird,1916522,997400,-919122
Mark Steven Johnson,1385279,464683,-920596
Kunihiko Yuyama,1108704,188075,-920629
Sean Durkin,1397825,464600,-933225
Jae-young Kwak,961440,23486,-937954
Jamie Babbit,1040275,99034,-941241
Stephen Daldry,3587900,2631650,-956250
Aditya Chopra,1803499,844581,-958918
Phil Alden Robinson,1566525,601775,-964750
Nick Murphy,1724600,759410,-965190
Jason Winer,1325025,353649,-971376
Armando Iannucci,1542075,562400,-979675
Michael Tiddes,1250475,251314,-999161
Abel Ferrara,1057575,51797,-1005778
Brian Henson,1768500,760550,-1007950
Joseph Ruben,1634775,625765,-1009010
Kevin Hooks,1270300,251175,-1019125
Ben Falcone,1355826,331250,-1024576
Dennie Gordon,1535587,503005,-1032582
David Wain,1516025,476548,-1039477
Sylvain Chomet,1429300,382649,-1046651
Emir Kusturica,1143450,89381,-1054069
Jeremiah S. Chechik,1554900,499487,-1055413
Gavin Wiesen,1521950,463630,-1058320
John Lafia,1447375,382745,-1064630
Michael Patrick King,3188400,2105550,-1082850
Richard Ayoade,2416775,1327525,-1089250
Marcus Dunstan,1811875,714388,-1097487
Richard Donner,4473475,3373525,-1099950
Lukas Moodysson,1387100,283500,-1103600
James Watkins,2382550,1276425,-1106125
Bille Woodruff,1188075,68059,-1120016
Kevin Munroe,1734075,606228,-1127847
Vincent Gallo,1513775,383213,-1130562
Robert Eggers,7561200,6418000,-1143200
Rachel Talalay,1278850,122625,-1156225
Bernard Rose,1215628,52171,-1163457
Jeff Tremaine,2561300,1388150,-1173150
Ron Howard,2203625,1028029,-1175596
Tomas Alfredson,2091737,915196,-1176541
William Malone,1506550,326932,-1179618
László Nemes,1301625,115100,-1186525
Peter Cornwell,1631525,443025,-1188500
Sam Liu,1541850,349395,-1192455
Joel Schumacher,2341975,1141025,-1200950
Louis Leterrier,3997162,2789625,-1207537
Juan Carlos Fresnadillo,1747300,533875,-1213425
Julie Anne Robinson,2317775,1104200,-1213575
Anton Corbijn,1716325,499496,-1216829
Luke Greenfield,1596475,377830,-1218645
Saul Dibb,1508294,284500,-1223794
Paul Weitz,1413375,173265,-1240110
Walt Becker,1808355,567675,-1240680
John Waters,1591701,345699,-1246002
Elliott Lester,1834320,570381,-1263939
Simon Curtis,2241625,959950,-1281675
Nitesh Tiwari,4062668,2778146,-1284522
Adam Shankman,2085449,797550,-1287899
Jonathan Mostow,1550925,259975,-1290950
Kelly Asbury,1495675,196425,-1299250
David Bruckner,3015300,1690200,-1325100
Patrick Brice,1717650,389445,-1328205
John Pasquin,3339600,2010825,-1328775
David Ayer,1716425,386800,-1329625
Robert De Niro,4051875,2717875,-1334000
Steven Shainberg,1586564,245771,-1340793
Spike Jonze,8849950,7507971,-1341979
Nicolas Roeg,1369800,23858,-1345942
Lee Jeong-beom,1430845,82289,-1348556
Warren Beatty,1647025,292350,-1354675
Robert Rodriguez,1786275,430550,-1355725
Ritesh Batra,1526000,169844,-1356156
James Isaac,1541725,177695,-1364030
Scott Speer,1456450,82326,-1374124
John N. Smith,1430100,52591,-1377509
Ellory Elkayem,1508425,126769,-1381656
Christopher Morris,2138075,755397,-1382678
Barry Jenkins,2706396,1315475,-1390921
Fred Wolf,1585805,189845,-1395960
Michael Pressman,1528450,118168,-1410282
Gabriela Cowperthwaite,1815475,385775,-1429700
Richard Attenborough,1558775,120275,-1438500
Jeremy Garelick,2008525,568667,-1439858
Frank Marshall,1901450,455330,-1446120
Bill Paxton,2292075,840025,-1452050
James Bobin,2328271,872550,-1455721
Peter Howitt,1790900,325574,-1465326
David Robert Mitchell,2771360,1294925,-1476435
Nikkhil Advani,1682062,199965,-1482097
Luc Jacquet,1505075,21350,-1483725
Rakeysh Omprakash Mehra,2459175,954865,-1504310
Prachya Pinkaew,1644584,137294,-1507290
Vadim Perelman,1818500,307600,-1510900
David S. Goyer,2846580,1334800,-1511780
Chris Nahon,1668325,142855,-1525470
RZA,1607850,79575,-1528275
Neil Marshall,1645275,94350,-1550925
Nick Moore,1605475,50870,-1554605
Henry Alex Rubin,1955625,397887,-1557738
Julius Onah,2046664,476917,-1569747
S. Craig Zahler,2966350,1386350,-1580000
Nick Castle,1625600,38541,-1587059
Hideo Nakata,1634971,16586,-1618385
Peter Jackson,2589300,964075,-1625225
Jamie Blanks,1790875,159991,-1630884
Christophe Barratier,1682825,46901,-1635924
David Anspaugh,1730725,69105,-1661620
Peter Hewitt,2031075,352690,-1678385
Dennis Iliadis,1927007,228345,-1698662
Howard Zieff,2229875,524150,-1705725
Milos Forman,2523025,799900,-1723125
Terry Gilliam,2279250,556025,-1723225
André Øvredal,1992450,264850,-1727600
Çagan Irmak,1879681,147932,-1731749
Yann Samuell,1812925,29854,-1783071
Steven Knight,2923619,1139600,-1784019
Rob Minkoff,3739100,1952300,-1786800
Justin Baldoni,2078575,291300,-1787275
John Singleton,3884350,2086775,-1797575
John Michael McDonagh,2396400,598157,-1798243
Jay Chandrasekhar,2498762,691029,-1807733
Andrzej Bartkowiak,1845000,27641,-1817359
Brad Furman,2329321,489025,-1840296
Jake Szymanski,2385925,533650,-1852275
Rupert Sanders,7573200,5708875,-1864325
Ashutosh Gowariker,2071216,194330,-1876886
Rob Zombie,2342975,460558,-1882417
Richard Linklater,2534184,628975,-1905209
Jon Avnet,2100150,182608,-1917542
Gil Kenan,3470750,1533200,-1937550
Peter Segal,2805625,865550,-1940075
Stephen Chow,2238550,283395,-1955155
Alex Proyas,5115575,3156550,-1959025
David Soren,2783525,812300,-1971225
Shane Carruth,2861275,875325,-1985950
Peter Webber,2069925,48802,-2021123
Peter Billingsley,2877450,855147,-2022303
Benh Zeitlin,2128850,94275,-2034575
Frank Coraci,2913217,872311,-2040906
David Carson,2179675,131625,-2048050
David Lynch,2531675,470285,-2061390
Larry Clark,2121975,30874,-2091101
Greta Gerwig,8285975,6194525,-2091450
Aneesh Chaganty,4510900,2410975,-2099925
Timo Vuorensola,2415950,295100,-2120850
Gérard Pirès,2241450,109176,-2132274
Catherine Hardwicke,2460350,321675,-2138675
Oliver Hirschbiegel,2405175,252525,-2152650
Scott Kalvert,3035350,877729,-2157621
Stuart Hazeldine,3147375,982700,-2164675
David McNally,3029325,845500,-2183825
Hiromasa Yonebayashi,2622650,412550,-2210100
Anne Fletcher,3177975,942650,-2235325
Tom Brady,2572075,319442,-2252633
Ron Shelton,2464900,209800,-2255100
Michael Bay,7190950,4933000,-2257950
Rupert Wyatt,3717117,1455600,-2261517
Elizabeth Banks,4269450,1999250,-2270200
Colin Trevorrow,3012405,736950,-2275455
Chris Wedge,2751750,474650,-2277100
Joe Cornish,2789375,469550,-2319825
Dean Devlin,2975400,654375,-2321025
Mathieu Kassovitz,2777326,454624,-2322702
José Padilha,2767825,433200,-2334625
Robert Iscove,2601725,266298,-2335427
Shane Black,5946825,3597050,-2349775
Ivan Reitman,4077975,1684475,-2393500
Billy Bob Thornton,2474675,76134,-2398541
John Moore,2828625,425025,-2403600
Larry Charles,3633042,1205334,-2427708
Justin Chadwick,3004575,574850,-2429725
Steve Pink,3505875,1044225,-2461650
Marc Lawrence,3153475,677525,-2475950
David Mickey Evans,2570650,47558,-2523092
Chris Noonan,3362975,802875,-2560100
David Zucker,3064875,491589,-2573286
Morgan Spurlock,2842650,247284,-2595366
Steve Barron,2627725,30370,-2597355
Babak Najafi,2902351,270950,-2631401
Etan Cohen,3682075,986725,-2695350
Lexi Alexander,4054625,1354510,-2700115
Peter Cattaneo,2857775,149425,-2708350
Eric Brevig,3302900,587200,-2715700
Matthijs van Heijningen Jr.,3647975,931725,-2716250
Joe Wright,8302850,5537225,-2765625
Xavier Gens,2959165,192075,-2767090
Henry Selick,9400425,6621050,-2779375
Phillip Noyce,3020200,216775,-2803425
Jerry Zucker,5921450,3084000,-2837450
Steven Quale,3133150,287325,-2845825
Dean DeBlois,6629648,3783000,-2846648
Tom Dey,3386975,507565,-2879410
Danny Leiner,3068822,170115,-2898707
Kevin Greutert,3141000,204849,-2936151
Jonathan Frakes,3307300,362959,-2944341
Jonathan Hensleigh,4272925,1286825,-2986100
Marcus Nispel,3817525,829893,-2987632
Bryan Bertino,3625625,570400,-3055225
Raja Gosnell,3186675,126875,-3059800
Jim Field Smith,3625750,562800,-3062950
Brad Silberling,3680425,590375,-3090050
Michael Mann,4711150,1611275,-3099875
Derek Cianfrance,4660583,1505150,-3155433
Rodrigo Cortés,3552958,373475,-3179483
David Hackl,3450475,210225,-3240250
Jay Roach,6445150,3181900,-3263250
Joel Edgerton,4322500,1055950,-3266550
Zach Braff,5585150,2295025,-3290125
Rawson Marshall Thurber,6698000,3366550,-3331450
Sofia Coppola,4247700,914950,-3332750
Penny Marshall,3983800,643290,-3340510
Eli Craig,4849775,1436095,-3413680
Joel Zwick,3624650,194915,-3429735
Nima Nourizadeh,5856575,2405375,-3451200
Greg Mottola,5202588,1713100,-3489488
John G. Avildsen,3774275,267975,-3506300
Stephen Hopkins,4580425,1027350,-3553075
Richard Curtis,13309625,9696450,-3613175
Ron Underwood,3778350,153311,-3625039
McG,4917000,1280925,-3636075
Fede Alvarez,4944750,1299625,-3645125
Chris Weitz,4927200,1227525,-3699675
Rob Marshall,6096325,2385575,-3710750
John McTiernan,5383550,1666900,-3716650
Randall Wallace,4482600,716950,-3765650
Clark Johnson,3855225,80050,-3775175
Jim Gillespie,3964725,160756,-3803969
Tom McGrath,7425000,3545600,-3879400
J.B. Rogers,3942994,60110,-3882884
Barry Sonnenfeld,4513600,610150,-3903450
Andy Fickman,4409650,409675,-3999975
Scott Waugh,4470775,384847,-4085928
Gabor Csupo,4348650,243319,-4105331
Penelope Spheeris,4284875,108626,-4176249
Roger Kumble,5143675,965700,-4177975
Paul Haggis,4951447,734025,-4217422
Terrence Malick,5001325,711275,-4290050
Nicholas Stoller,7577325,3260275,-4317050
Francis Lawrence,9386575,5053050,-4333525
Garth Jennings,5218250,825000,-4393250
Kevin Reynolds,5223800,773650,-4450150
Marco Brambilla,4850975,356900,-4494075
Jason Reitman,5732900,1237626,-4495274
Michael Sucsy,5136700,592450,-4544250
Vincenzo Natali,6206350,1625475,-4580875
Troy Duffy,6279600,1674675,-4604925
Neil Burger,6259851,1595625,-4664226
Jared Hess,5965175,1288396,-4676779
Dan Scanlon,9001319,4269275,-4732044
Gregory Hoblit,6198025,1323675,-4874350
Genndy Tartakovsky,7051075,2144400,-4906675
Steve Oedekerk,5854350,866850,-4987500
James Wong,7015075,1987800,-5027275
Kevin Smith,5817225,709150,-5108075
Jennifer Kent,6205000,898450,-5306550
Oren Peli,6420875,1105015,-5315860
Kevin Costner,7292950,1959225,-5333725
Adam McKay,9487275,4070975,-5416300
David Yates,13341049,7742475,-5598574
Rob Reiner,5915200,215873,-5699327
Alex Garland,14825500,9082550,-5742950
Garth Davis,6045030,289900,-5755130
Carlos Saldanha,7434825,1596625,-5838200
Ben Affleck,7350250,1497800,-5852450
Roger Michell,6185770,332700,-5853070
George Nolfi,6766175,900075,-5866100
David Fincher,8008925,2073875,-5935050
Mike Judge,7212825,1260600,-5952225
Quentin Tarantino,27282275,21319950,-5962325
Robert Luketic,6236825,266340,-5970485
Josh Trank,6628225,580575,-6047650
Jean-Pierre Jeunet,6606625,500600,-6106025
Darren Lynn Bousman,6375673,182775,-6192898
Jan de Bont,9826800,3627850,-6198950
Renny Harlin,6316703,63073,-6253630
Sharon Maguire,6615100,350575,-6264525
Tate Taylor,7927178,1578150,-6349028
Jason Moore,8289200,1738900,-6550300
Phyllida Lloyd,6888000,118525,-6769475
Guy Ritchie,15444225,8642449,-6801776
Andrew Niccol,8104400,1221500,-6882900
Thea Sharrock,7222100,336925,-6885175
Joseph Kosinski,8915700,1942375,-6973325
Martin Brest,8257325,1269875,-6987450
Stephen Chbosky,11540349,4475300,-7065049
Paul Verhoeven,8889025,1782275,-7106750
Mary Harron,7300905,146145,-7154760
Jennifer Yuh Nelson,8060150,904250,-7155900
Drew Goddard,11306125,4130550,-7175575
Chad Stahelski,18541725,10694400,-7847325
Damien Chazelle,12961080,5069675,-7891405
Simon West,8001325,105075,-7896250
Tom Shadyac,8152725,200479,-7952246
Garry Marshall,9117325,1002200,-8115125
Duncan Jones,9432700,955975,-8476725
Kurt Wimmer,8692625,102475,-8590150
Wes Ball,12804100,4121525,-8682575
Chuck Russell,10570225,1778445,-8791780
Jordan Peele,17528450,8570275,-8958175
Gil Junger,9689825,50915,-9638910
Florian Henckel von Donnersmarck,10290975,637150,-9653825
Judd Apatow,11717150,1927000,-9790150
Francis Ford Coppola,10631050,189848,-10441202
Ruben Fleischer,15584675,5095000,-10489675
Andrew Adamson,10727475,175259,-10552216
Seth MacFarlane,16478825,5867425,-10611400
Robert Zemeckis,12056475,1169100,-10887375
Tim Burton,13133325,2068475,-11064850
Neill Blomkamp,17959200,6759650,-11199550
Marc Webb,14008625,2368178,-11640447
Sam Mendes,30338400,16980350,-13358050
Dan Gilroy,15166775,1655125,-13511650
Harold Ramis,17175750,2596050,-14579700
Chris Columbus,16357725,894125,-15463600
Richard Kelly,19601401,2387225,-17214176
Martin Scorsese,31544375,8691280,-22853095
Andrew Stanton,30097775,7170175,-22927600
Tim Miller,28256050,4846950,-23409100
Tony Kaye,29733125,2490575,-27242550
James McTeigue,29544275,421050,-29123225
Jonathan Demme,38844825,531464,-38313361
Frank Darabont,72488725,8543200,-63945525
