Director,First Number of Votes,Last Number of Votes,Career Progression Number of Votes
Todd Phillips,385604,14977960,14592356
George Miller,517390,10999780,10482390
Bong Joon Ho,103820,9658130,9554310
Ryan Coogler,860230,8399530,7539300
James Gunn,891050,7620160,6729110
Scott Derrickson,1403830,8078890,6675060
Rian Johnson,1101850,7768800,6666950
Denis Villeneuve,35670,6692480,6656810
Alejandro G. Iñárritu,2534310,8770550,6236240
Joss Whedon,3061250,9245090,6183840
Bryan Singer,9830,5953440,5943610
Gareth Edwards,978150,6888020,5909870
Baz Luhrmann,294670,5989210,5694540
Mel Gibson,310590,5975290,5664700
Jon Watts,263770,5597440,5333670
Christopher Nolan,1020950,5955340,4934390
James Mangold,59330,4791650,4732320
Morten Tyldum,39818,4496630,4456812
Taika Waititi,263090,4431290,4168200
Guillermo del Toro,332120,4485910,4153790
Susanne Bier,2128,3878250,3876122
Edgar Wright,2389288,6146410,3757122
Peyton Reed,1062170,4514580,3452410
Christopher McQuarrie,352950,3793610,3440660
Noah Baumbach,152290,3474720,3322430
Noam Murro,235000,3164820,2929820
Alan Taylor,26100,2931220,2905120
Kenneth Lonergan,314690,3151040,2836350
Matt Reeves,116160,2933840,2817680
Taylor Sheridan,66210,2815440,2749230
M. Night Shyamalan,10510,2756850,2746340
John Krasinski,36680,2747010,2710330
Jake Kasdan,153550,2849940,2696390
Jordan Vogt-Roberts,845040,3500870,2655830
Ted Demme,105881,2756880,2650999
Cathy Yan,18220,2655670,2637450
Daniel Espinosa,5532,2548340,2542808
James Gray,91700,2612150,2520450
Justin Lin,104790,2590170,2485380
Jon Favreau,193990,2678500,2484510
Mark Herman,28810,2478030,2449220
Patrick Hughes,90960,2478890,2387930
Yorgos Lanthimos,26000,2349240,2323240
Matt Ross,36310,2357510,2321200
Mike Flanagan,791,2193680,2192889
Steven Spielberg,2738140,4886490,2148350
Damián Szifron,38370,2171790,2133420
James Cameron,11777020,13899530,2122510
Roar Uthaug,196760,2277020,2080260
Jon Turteltaub,7660,2083200,2075540
Zack Snyder,2732270,4795250,2062980
Theodore Melfi,544225,2563500,2019275
Damien Chazelle,19220,2027870,2008650
Lee Toland Krieger,56970,2043320,1986350
Thomas Vinterberg,12009,1962380,1950371
Kinji Fukasaku,3233,1949060,1945827
Tom Ford,1179390,3056100,1876710
Jonathan Liebesman,334580,2206770,1872190
J.A. Bayona,1638520,3453930,1815410
Dexter Fletcher,146470,1956280,1809810
Chloé Zhao,38660,1842080,1803420
Stephen Norrington,48680,1842830,1794150
Terry George,29970,1786870,1756900
David Twohy,31240,1783810,1752570
Park Chan-wook,4498,1738880,1734382
Adam Brooks,31920,1735660,1703740
Brad Peyton,162550,1860530,1697980
Matthew Vaughn,1960740,3642750,1682010
Alfonso Cuarón,40490,1701550,1661060
Trey Parker,131080,1788740,1657660
Seth Gordon,376110,2027480,1651370
Alex Kurtzman,442080,2068020,1625940
David Gordon Green,86790,1695510,1608720
Gina Prince-Bythewood,244060,1844160,1600100
Stefano Sollima,81750,1678720,1596970
Doug Liman,5810,1557412,1551602
Niki Caro,45722,1594480,1548758
Michael Davis,4160,1552050,1547890
Kevin Lima,629960,2177740,1547780
Corin Hardy,185780,1712460,1526680
Antonio Campos,25725,1533720,1507995
Tony Scott,586340,2081580,1495240
Nick Cassavetes,23510,1503810,1480300
Craig Gillespie,964925,2435510,1470585
Michael Matthews,9860,1459990,1450130
Bruce A. Evans,115540,1565300,1449760
Sam Raimi,700420,2145110,1444690
Tony Gilroy,1743340,3160990,1417650
Nikolaj Arcel,46270,1460690,1414420
David O. Russell,67720,1459660,1391940
Steven Caple Jr.,172874,1560620,1387746
Leigh Whannell,1189960,2568080,1378120
Kyle Newacheck,333460,1695950,1362490
Ric Roman Waugh,10250,1355970,1345720
Sylvester Stallone,2318890,3654220,1335330
Brett Ratner,313980,1646490,1332510
Wes Craven,397770,1716530,1318760
Tommy Wirkola,41920,1349940,1308020
Patty Jenkins,1623380,2925050,1301670
Sean Baker,2214,1291620,1289406
Nora Ephron,14010,1291100,1277090
Lisa Cholodenko,111250,1345580,1234330
Alan Parker,30840,1262970,1232130
Martin Campbell,11740,1236100,1224360
Shawn Levy,2400,1220475,1218075
Alexander Payne,38524,1251890,1213366
John Hamburg,35700,1240290,1204590
Allen Coulter,360170,1560560,1200390
Nancy Meyers,1554730,2754900,1200170
J Blakeson,276300,1467000,1190700
Greg Berlanti,82100,1262680,1180580
Ang Lee,48390,1225230,1176840
Craig Zobel,120001,1295940,1175939
Sudha Kongara,75590,1241620,1166030
Lynne Ramsay,118410,1280610,1162200
Lee Daniels,69540,1198830,1129290
Jean-Marc Vallée,5039,1127630,1122591
Andy Muschietti,1913900,3034310,1120410
S.S. Rajamouli,30048,1146940,1116892
Susan Johnson,138100,1244580,1106480
Rob Letterman,737950,1832340,1094390
Wes Anderson,836980,1914660,1077680
Anand Tucker,33844,1108770,1074926
Gary Winick,3568,1074340,1070772
Gary Ross,1366190,2429290,1063100
Mike Nichols,194430,1250940,1056510
James DeMonaco,53520,1103870,1050350
Sidney Lumet,70320,1120020,1049700
Brad Bird,2285300,3326990,1041690
Michael Dougherty,1047610,2087430,1039820
J.J. Abrams,3916320,4953710,1037390
Pitof,231520,1260100,1028580
Sydney Pollack,85380,1110980,1025600
Adam Robitel,405310,1425810,1020500
Danny Boyle,664850,1683410,1018560
David Frankel,35250,1051580,1016330
Gary Fleder,298470,1307890,1009420
Jon M. Chu,911570,1908490,996920
Todd Haynes,50530,1043130,992600
James Ponsoldt,15100,1005790,990690
Felix van Groeningen,24480,1007050,982570
Lee Isaac Chung,5354,977940,972586
Joshua Michael Stern,69830,1039960,970130
Céline Sciamma,135110,1102440,967330
John Carney,48370,1013000,964630
Peter Weir,258930,1222090,963160
David Yarovesky,127937,1082270,954333
Mahesh Bhatt,18284,967170,948886
Dan Mazer,394080,1336470,942390
Martin McDonagh,4625920,5568000,942080
Sriram Raghavan,89526,1031260,941734
Christian Ditter,11570,946520,934950
David Michôd,606370,1538180,931810
David Dobkin,97248,1029040,931792
Paul Greengrass,27360,958700,931340
Mark Dindal,85290,1011250,925960
Nadine Labaki,146380,1061320,914940
Aaron Schneider,240600,1154640,914040
Paul Thomas Anderson,550250,1460150,909900
Rob Bowman,76590,981120,904530
Brad Anderson,31158,931200,900042
Bruce Robinson,185620,1081190,895570
Jodie Foster,161150,1055250,894100
Adam Wingard,12682,906770,894088
Paul King,51160,944880,893720
Jonathan Glazer,696770,1587650,890880
Roland Emmerich,57460,948030,890570
Alper Caglar,213993,1104300,890307
William Eubank,89750,979670,889920
Jonathan Levine,348130,1221240,873110
John Wells,483880,1332770,848890
Paul Feig,65326,906610,841284
Jeff Orlowski-Yang,85508,896800,811292
Doug Ellin,19198,829980,810782
John Erick Dowdle,125093,935280,810187
Michael Cuesta,104780,914260,809480
John Madden,20172,828130,807958
Hany Abu-Assad,4051,810500,806449
Sergei Bodrov,718,805930,805212
Dave Green,198130,1000870,802740
Denzel Washington,385190,1184410,799220
Rick Famuyiwa,102450,894180,791730
Howard McCain,2660,788130,785470
Bennett Miller,715960,1495340,779380
John Lee Hancock,261404,1040620,779216
Rowan Joffe,67780,843540,775760
Julius Avery,296240,1068470,772230
Clint Eastwood,213295,981730,768435
John Whitesell,24900,791900,767000
Ruben Östlund,11830,776160,764330
Don Scardino,2566,759590,757024
Lee Chang-dong,21180,767690,746510
Todd Field,424940,1169850,744910
Lasse Hallström,51610,792790,741180
Sebastián Cordero,17116,757100,739984
Susanna Fogel,92460,832280,739820
Predrag Antonijevic,82021,818680,736659
Ol Parker,361180,1095570,734390
Craig Mazin,25280,759280,734000
Panos Cosmatos,169660,902260,732600
Lorcan Finnegan,12980,745230,732250
David Dhawan,13651,742510,728859
Christine Jeffs,16360,742220,725860
D.J. Caruso,256572,974290,717718
Donovan Marsh,25799,739420,713621
Brian Percival,716205,1425420,709215
David Mackenzie,104385,812760,708375
Alexandre Aja,239194,943810,704616
Haruo Sotozaki,31560,734660,703100
James Foley,42150,744890,702740
Shekhar Kapur,53330,752170,698840
Christopher Landon,30850,728600,697750
Lars von Trier,232440,925990,693550
Jacques Audiard,13350,706730,693380
Gerard McMurray,30610,712940,682330
Scott Frank,606090,1275040,668950
Joe Carnahan,137660,795980,658320
Adam Randall,14060,671680,657620
Marc Forster,195004,850800,655796
Paul W.S. Anderson,30680,683330,652650
Martin Weisz,36090,677890,641800
Prashanth Neel,346349,987920,641571
Danny Cannon,22242,660860,638618
Darren Aronofsky,1867070,2505020,637950
Lulu Wang,88114,713920,625806
Jim Sheridan,67950,693450,625500
Steve Bendelack,59380,684030,624650
Hans Petter Moland,10600,632850,622250
Levan Gabriadze,34010,653878,619868
Colm McCarthy,27940,646130,618190
Michael Engler,19110,635980,616870
Dominic Cooke,125370,740360,614990
Stephen Gaghan,101850,715680,613830
Greg Mottola,72040,685240,613200
Pawel Pawlikowski,13560,620480,606920
Michael Hoffman,177020,776200,599180
Nicolas Winding Refn,446800,1041760,594960
Jocelyn Moorhouse,71390,658050,586660
Jonas Åkerlund,408210,993520,585310
Audrey Wells,27450,599530,572080
Brian Helgeland,1460500,2031590,571090
Mennan Yapo,252886,818360,565474
Gabe Ibáñez,34040,594510,560470
Kornél Mundruczó,5433,564270,558837
John Fortenberry,87900,644350,556450
Paul Weiland,208000,761930,553930
Jim Mickle,64150,614180,550030
Baltasar Kormákur,69722,619380,549658
Mehmet Ada Öztekin,12922,558480,545558
Peter Chelsom,19320,563000,543680
Gavin Hood,7090,547940,540850
James Wan,4682110,5222200,540090
Tom Hooper,25190,560530,535340
John Luessenhop,27380,561700,534320
Joe Berlinger,400850,934951,534101
Cary Joji Fukunaga,340850,870430,529580
Keenen Ivory Wayans,78090,600410,522320
Stuart Beattie,320420,840110,519690
Gavin O'Connor,11819,531430,519611
Betty Thomas,29420,547630,518210
David S. Goyer,15810,533920,518110
James L. Brooks,28750,546840,518090
Yash Chopra,76504,592530,516026
Jason Howden,193100,702320,509220
Travis Knight,1387130,1894300,507170
Gregory Jacobs,108580,614770,506190
Justin Zackham,14300,520000,505700
David F. Sandberg,1427630,1932110,504480
Paul Schrader,64010,565557,501547
Maren Ade,21174,521890,500716
Gareth Evans,92502,593110,500608
Barry Jenkins,26280,526190,499910
Peter Atencio,22000,521080,499080
Gene Quintano,14010,512710,498700
Niels Arden Oplev,14826,510850,496024
Chris Gorak,144030,639630,495600
Gore Verbinski,606220,1099680,493460
Rahul Dholakia,17181,507920,490739
Peter Berg,490690,980980,490290
Jeff Chan,38110,528220,490110
Adrienne Shelly,4437,489040,484603
Stephen Sommers,92720,576010,483290
Richard Shepard,14260,496030,481770
Debra Granik,172761,654520,481759
Destin Daniel Cretton,286983,760130,473147
Sean Anders,735658,1206800,471142
David Robert Mitchell,46880,517970,471090
Tony Leondis,243680,713510,469830
Scott Z. Burns,41840,511590,469750
Tom Tykwer,10470,475500,465030
Ava DuVernay,14346,478890,464544
Pedro Almodóvar,174980,633270,458290
Mike Newell,71590,529270,457680
Corey Yuen,6400,463730,457330
Ridley Scott,1740330,2195040,454710
Darius Marder,1058222,1511000,452778
Terry Jones,34500,486370,451870
Kimberly Peirce,1034650,1484540,449890
Chris Kentis,116770,565530,448760
Kyle Patrick Alvarez,13566,462260,448694
Faruk Aksoy,26373,474764,448391
Martin Koolhoven,6210,453390,447180
Ben Young,135030,578640,443610
Rupert Wyatt,139440,582240,442800
Mark Williams,136510,579180,442670
Jeff Nichols,112690,555130,442440
Dean Parisot,89450,531840,442390
Dome Karukoski,30640,468200,437560
Howard Deutch,35880,464730,428850
Akan Satayev,4966,431740,426774
Ben Wheatley,41610,467400,425790
Björn Runge,5217,429760,424543
Nick Hurran,4365,428900,424535
Jake Schreier,658300,1081780,423480
Krzysztof Kieslowski,531230,950730,419500
Kristian Levring,20080,432990,412910
Jonathan Kasdan,326910,737270,410360
Andy Serkis,247600,657780,410180
Clea DuVall,65490,475170,409680
F. Javier Gutiérrez,23820,433080,409260
Chris Nelson,25460,432530,407070
Damien Leone,124840,531900,407060
David Kellogg,104660,509840,405180
John Frankenheimer,19830,424430,404600
Anurag Basu,33982,435000,401018
Richard Stanley,164780,565790,401010
Claire Denis,12130,412370,400240
Dominic Sena,584150,984180,400030
Anders Thomas Jensen,242770,639800,397030
Akiva Schaffer,937110,1331630,394520
Antoni Krauze,8644,401810,393166
Cameron Crowe,327620,712010,384390
Kathryn Bigelow,178380,560650,382270
Rod Lurie,28420,408290,379870
Michael Lehmann,26280,402010,375730
Kevin Rodney Sullivan,83560,458490,374930
Neil Jordan,7880,382370,374490
Danny DeVito,248440,622480,374040
Ross Katz,87920,460540,372620
Vince Marcello,8211,380370,372159
Tony Goldwyn,92310,461200,368890
Wilson Yip,801,368790,367989
Max Barbakow,1470182,1837680,367498
Chris Smith,156118,521990,365872
Luis Prieto,28192,391650,363458
Yeon Sang-ho,18200,380390,362190
Beeban Kidron,8014,369936,361922
Dean DeBlois,1153568,1513200,359632
Alan Metter,5390,362780,357390
Derrick Borte,418410,771170,352760
Ed Harris,296780,648450,351670
Wayne Roberts,23690,375200,351510
Asghar Farhadi,30654,381780,351126
Pascal Laugier,49480,399260,349780
Tony Bill,96810,445980,349170
Craig Brewer,303806,650930,347124
Michael Rymer,15550,362478,346928
Chris McKay,1385730,1732110,346380
Mel Brooks,113550,453100,339550
Mike Cahill,1001810,1339200,337390
Ciarán Foy,73410,410030,336620
Scott Sanders,27380,363688,336308
David Lowery,160767,497050,336283
Leos Carax,155030,490270,335240
Vivek Agnihotri,25330,360120,334790
Andrew Jarecki,272280,605540,333260
Aniruddha Roy Chowdhury,152702,483990,331288
Andrea Arnold,136690,466250,329560
Jim Fall,92760,421990,329230
Liam Lynch,825167,1154390,329223
Bill Condon,143770,472930,329160
Malcolm D. Lee,118810,445690,326880
Antonia Bird,110610,433540,322930
George Tillman Jr.,81363,402950,321587
Tim Story,268950,589290,320340
Kazuaki Kiriya,138020,457320,319300
George C. Wolfe,264060,580630,316570
Jonathan Lynn,90010,406230,316220
Kirk Wong,1335,315950,314615
Jasmila Zbanic,68930,383280,314350
Maneesh Sharma,181780,495990,314210
Guillem Morales,61490,374840,313350
Lokesh Kanagaraj,114195,426810,312615
Charles Ferguson,86370,397000,310630
Mike Barker,25975,336450,310475
Daniel Barnz,80820,389190,308370
Tom Harper,67496,375370,307874
Brandon Cronenberg,154600,461210,306610
Steve McQueen,736710,1043150,306440
Michael Apted,83340,388380,305040
Robert Connolly,29960,334870,304910
Ali Abbasi,40950,344470,303520
Johannes Roberts,6200,308920,302720
Thomas Bezucha,49130,350770,301640
Alice Wu,134880,435280,300400
Don Coscarelli,106600,404250,297650
Jeff Wadlow,285710,583340,297630
Ildikó Enyedi,2630,299660,297030
Dean Israelite,843730,1140730,297000
David Leitch,2072190,2369160,296970
Zal Batmanglij,229800,524410,294610
Gideon Raff,33250,326770,293520
Paul Haggis,3320,293610,290290
Robin Pront,56490,345710,289220
Bryan Fogel,17690,305160,287470
Tod Williams,20200,307490,287290
Sujoy Ghosh,23291,310110,286819
Baran bo Odar,57725,343890,286165
Hun Jang,30060,315730,285670
Oliver Stone,1348710,1634030,285320
Tyler Spindel,126760,411366,284606
Kirsten Sheridan,52340,336896,284556
Eliza Hittman,29150,312300,283150
Vetrimaaran,53090,335760,282670
Jeremy Saulnier,123140,404810,281670
Steven Brill,307630,589050,281420
Robert B. Weide,428080,709380,281300
Martin Zandvliet,15070,295340,280270
Dan Reed,32288,311640,279352
John Hyams,13138,290100,276962
Mike Mills,220150,495580,275430
Éric Lartigau,25254,298830,273576
Fisher Stevens,16060,289130,273070
Nelson McCormick,115635,387770,272135
Chris Peckover,194272,463870,269598
Marc Rocco,39250,307530,268280
Spike Lee,137000,402534,265534
Gilles Paquet-Brenner,10920,276350,265430
Bob Clark,52160,317060,264900
Sanjay Leela Bhansali,107374,370730,263356
Michael Tollin,133677,396943,263266
Gregg Araki,37250,300290,263040
Nash Edgerton,63900,322550,258650
Alan J. Pakula,459650,718100,258450
Gurinder Chadha,15770,273680,257910
Kitty Green,5420,263160,257740
Anubhav Sinha,11068,268070,257002
Ari Aster,3808570,4063960,255390
Burr Steers,353430,606220,252790
Jaco Van Dormael,63560,315712,252152
Siddharth Anand,81800,332650,250850
Tatsuya Nagamine,68315,317900,249585
Harald Zwart,43930,293110,249180
Sanjay Gupta,20505,268771,248266
Marcos Siega,88846,335670,246824
Liz Garbus,4597,250700,246103
Tom Ropelewski,36570,279018,242448
Brett Haley,77992,319462,241470
Riley Stearns,168796,410140,241344
Janus Metz,103490,344620,241130
Afonso Poyart,118309,355925,237616
Guy Ferland,60220,295590,235370
R. Balki,56010,291260,235250
Toa Fraser,12544,247580,235036
Jean-Stéphane Sauvaire,28414,262710,234296
Rod Daniel,64220,297790,233570
Mabrouk El Mechri,162422,394860,232438
John Huddles,4550,236020,231470
Jang Hang-jun,233600,465020,231420
Neil Burger,407331,638250,230919
Gerard Barrett,13456,242990,229534
Michael Showalter,49480,278320,228840
Declan Lowney,101786,330110,228324
Demián Rugna,1796,228580,226784
Baz Poonpiriya,7790,234090,226300
F. Gary Gray,1250220,1475970,225750
Saket Chaudhary,95996,320950,224954
Jon S. Baird,175082,398960,223878
Stuart Baird,617280,840790,223510
Brian Kirk,524590,747880,223290
Fernando Coimbra,51920,274760,222840
Aanand L. Rai,84203,304530,220327
Andrés Baiz,152121,372184,220063
Kamil Cetin,15566,235338,219772
Ben Stiller,537860,757560,219700
Rakesh Roshan,34435,253330,218895
Todd Douglas Miller,55239,272810,217571
Alan Rickman,37530,254560,217030
Jay Russell,213850,430580,216730
Roseanne Liang,94072,309700,215628
Mark Romanek,1320180,1535700,215520
Gérard Krawczyk,63915,278934,215019
Sukumar,63617,278440,214823
Florian Gallenberger,17089,231530,214441
Assaf Bernstein,10040,224330,214290
Ken Loach,46320,259490,213170
Brian Robbins,237658,450140,212482
Sam Miller,9850,220700,210850
Joachim Trier,156900,367320,210420
Patricia Riggen,74750,285150,210400
Desiree Akhavan,47380,257050,209670
Trey Edward Shults,100900,310450,209550
Fernando León de Aranoa,17429,224640,207211
Jesse Peretz,42110,247790,205680
Karyn Kusama,113960,318600,204640
Álex de la Iglesia,57960,262574,204614
Olivier Dahan,8640,212240,203600
Andrew Levitas,28470,231000,202530
Stephan Rick,14925,217230,202305
Kabir Khan,16032,218010,201978
Jim Jarmusch,662220,864160,201940
Jane Campion,87210,288070,200860
Paul Currie,56540,257250,200710
Anurag Singh,22842,223480,200638
Alma Har'el,209729,409600,199871
Whit Stillman,66670,264730,198060
Juan Carlos Medina,35770,233790,198020
Ramin Bahrani,29792,227720,197928
Peter Kosminsky,143650,341460,197810
Kelly Reichardt,23780,220690,196910
Glenn Gordon Caron,18210,215050,196840
Cate Shortland,81970,277130,195160
Jennifer Fox,2610,197730,195120
Robert Altman,42120,236520,194400
Luc Besson,766040,959410,193370
Kivanç Baruönü,63549,255584,192035
Kasi Lemmons,116510,308350,191840
Hugh Wilson,192800,384097,191297
Anna Biller,9456,200240,190784
Robert Schwentke,26424,217090,190666
Bharat Nalluri,2954,193130,190176
Joan Chen,36820,226828,190008
S. Shankar,81899,271510,189611
Alice Rohrwacher,19270,208370,189100
Julien Magnat,12630,201500,188870
Vicky Jewson,84036,272610,188574
Andrea Di Stefano,234120,422270,188150
Matt Brown,436765,623560,186795
Ti West,22380,208930,186550
Sara Sugarman,5766,191590,185824
Eugenio Mira,11178,196540,185362
Abe Forsythe,8528,193640,185112
Luca Guadagnino,4538,187936,183398
Jeffrey Blitz,128394,310630,182236
Julian Schnabel,221440,401700,180260
Abderrahmane Sissako,3346,183130,179784
Monika Mitchell,24356,204020,179664
David Koepp,80930,260280,179350
John Carpenter,270360,449540,179180
Kyle Rankin,97350,275590,178240
Jonas Pate,14540,192610,178070
Ayan Mukerji,340640,517780,177140
Bruce Campbell,76000,251590,175590
Peter MacDonald,82760,258290,175530
Daniel Benmayor,26560,201860,175300
Rebecca Miller,10640,183840,173200
Sam Levinson,45850,218470,172620
Ali Abbas Zafar,152277,324870,172593
Brad Furman,24640,195610,170970
Rupert Wainwright,221950,392730,170780
George Hickenlooper,6852,177150,170298
Alain Desrochers,16782,186694,169912
Ulu Grosbard,33450,203220,169770
Olaf de Fleur Johannesson,1891,171610,169719
John Maybury,20304,189850,169546
Aisling Walsh,48050,217050,169000
Isao Takahata,374300,543220,168920
Vicente Villanueva,48882,215760,166878
Eugene Kotlyarenko,1717,168460,166743
Atlee,76486,242860,166374
Lev L. Spiro,2196,168030,165834
Ken Kwapis,134360,298570,164210
Ketan Mehta,16820,180418,163598
Alejandro Agresti,740,162778,162038
Kevin Connolly,11663,171850,160187
Hsiao-Hsien Hou,20760,180400,159640
Meghna Gulzar,118673,277510,158837
John Suits,41598,200120,158522
Asger Leth,1271852,1429591,157739
Hannes Holm,12100,169672,157572
Edward Yang,128480,285820,157340
Lawrence Michael Levine,4513,160920,156407
Punit Malhotra,68482,224380,155898
Jacob Chase,27000,182740,155740
Nicholas Meyer,421910,577458,155548
Kim Nguyen,8988,164440,155452
Asif Kapadia,27970,183050,155080
Reed Morano,41880,196940,155060
Fumihiko Sori,56830,211460,154630
Sydney Sibilia,95910,249570,153660
Marshall Herskovitz,44100,196800,152700
Steve Beck,940960,1093620,152660
Forest Whitaker,122390,274470,152080
Takanori Tsujimoto,3458,155430,151972
Ari Sandel,116910,268493,151583
Mamoru Hosoda,31130,181940,150810
Jung Bum-shik,6830,157190,150360
Alejandro Landes,40332,189740,149408
Nicolas Pesce,145120,294110,148990
Ram Kumar,361395,509040,147645
Josh Stolberg,22758,169710,146952
Mélanie Laurent,16410,162780,146370
Sara Colangelo,38530,184500,145970
Carles Torras,1472,147340,145868
Joe Roth,26630,172400,145770
Sophia Takal,46126,191720,145594
Edoardo Ponti,11150,155930,144780
Brian A. Metcalf,17693,161930,144237
Nick Gomez,12020,156070,144050
Joe Mantello,37020,180860,143840
Alfonso Gomez-Rejon,167560,310500,142940
Matteo Garrone,5129,147960,142831
Miguel Arteta,10490,153270,142780
Malcolm Venville,71400,214010,142610
Ben C. Lucas,25860,167600,141740
Darren Paul Fisher,6405,148130,141725
Donald Petrie,33650,175120,141470
Timothy Linh Bui,12580,153380,140800
William Bindley,3530,143440,139910
Ram,26990,166750,139760
Deon Taylor,3796,142830,139034
Scott Coffey,48180,187200,139020
Nicolas Bedos,57840,196700,138860
Rick Jacobson,3120,141660,138540
Eric Till,5740,144194,138454
Robin Campillo,29840,167830,137990
Laura Terruso,19197,157050,137853
Grant Heslov,1240570,1378290,137720
Petra Costa,20600,157470,136870
Billy Ray,377610,514390,136780
Antonio Negret,28592,165310,136718
Reggie Rock Bythewood,5010,141380,136370
Benny Boom,111480,247780,136300
Nicholas Hytner,184660,320720,136060
Jonathan Teplitzky,22700,158090,135390
Ciro Guerra,13130,147670,134540
Ariel Vromen,21550,155440,133890
David Mamet,81990,215360,133370
Darren Doane,1764,134592,132828
Tony McNamara,29390,162210,132820
Ziad Doueiri,48700,181330,132630
Bartosz M. Kowalski,8768,141370,132602
Mike Rohl,2839,135400,132561
Alejandro Monteverde,110480,242800,132320
Anthony Minghella,100320,232560,132240
Jon Amiel,20200,151470,131270
Michael Cristofer,56500,187450,130950
Brady Corbet,65120,196040,130920
Guy Nattiv,58494,189030,130536
Alexander Nanau,4368,134870,130502
Fatih Akin,53960,183800,129840
Mike Binder,9460,139230,129770
Tolga Karaçelik,46030,175330,129300
Anthony Byrne,13863,143060,129197
Richard J. Lewis,134425,262970,128545
Josephine Decker,5550,133920,128370
Shawn Linden,4320,132360,128040
Morgan Neville,56938,184792,127854
Marco Bellocchio,3240,130550,127310
Larry Bishop,36830,163760,126930
Jessie Nelson,141990,268060,126070
Sebastián Lelio,4046,129970,125924
Enki Bilal,92132,218000,125868
Jon Stewart,109710,235540,125830
Ajay Bahl,56836,182350,125514
Mike White,66100,191580,125480
Brett Donowho,8470,133930,125460
Doug Atchison,91868,216980,125112
Bruce Hendricks,50516,175410,124894
Mira Nair,62410,187250,124840
Andreas Prochaska,18647,143450,124803
Martin Wood,6137,130360,124223
Levan Akin,20104,144040,123936
Homi Adajania,54680,178590,123910
Prabhu Deva,79447,203350,123903
Lana Wilson,125990,249370,123380
Lance Daly,8920,132280,123360
Daniel Nettheim,288882,411960,123078
Jonathan Kaplan,117850,240910,123060
Erik Poppe,19924,142850,122926
Patrick Stettner,38410,160380,121970
Aleksey Sidorov,22430,144210,121780
Janicza Bravo,57776,179080,121304
Will Canon,42100,163270,121170
Cristian Mungiu,26410,147570,121160
David Zellner,3288,124430,121142
Carlo Carlei,5600,126600,121000
Victor Levin,214120,335040,120920
Sylvain White,264710,385290,120580
Olivier Megaton,4325,124740,120415
Paul Middleditch,5142,125050,119908
Christoffer Boe,76270,195730,119460
Graham Baker,6600,125910,119310
Robbie Pickering,14770,134070,119300
Peter Askin,10340,127820,117480
Nisha Ganatra,17582,134840,117258
Sunao Katabuchi,7900,125110,117210
Tate Taylor,514298,631260,116962
Simon Kaijser,12390,129240,116850
Steven Kostanski,35000,151760,116760
Olivier Assayas,3120,119770,116650
Joanna Hogg,29720,145450,115730
John Gulager,339210,454810,115600
Sandeep Reddy Vanga,290490,405330,114840
Anthony Burns,51420,165660,114240
Chris Fisher,12730,126780,114050
David E. Talbert,93732,207720,113988
Han-min Kim,17234,131070,113836
François Ozon,21251,134570,113319
Kari Skogland,2843,116160,113317
William Peter Blatty,240178,353122,112944
Lee Byeong-heon,17895,130620,112725
Kar-Wai Wong,256090,368580,112490
Shirish Kunder,78912,191360,112448
Sanjay Gadhvi,17653,129129,111476
May el-Toukhy,34744,146200,111456
Michael Petroni,24840,136130,111290
Rajat Kapoor,5792,116173,110381
Frank A. Cappello,29360,139728,110368
Alan Ball,120640,230890,110250
Madonna,26340,136450,110110
David R. Ellis,162450,272300,109850
Peter Strickland,30580,140160,109580
Jonathan Helpert,255354,364260,108906
Louie Schwartzberg,7205,116070,108865
Trivikram Srinivas,127564,235830,108266
Edward Zwick,16130,124390,108260
Angela Robinson,179070,287240,108170
Ryan Eslinger,11580,119260,107680
Jesús del Cerro,2610,109940,107330
Jean-Baptiste Léonetti,3980,111180,107200
Matthew Ross,65070,172030,106960
Matt Eskandari,43272,150150,106878
Robert Budreau,40796,147590,106794
Zoe Lister-Jones,59870,166410,106540
Jeremy Haft,3916,110410,106494
Om Raut,255038,360920,105882
Stewart Hendler,100750,206050,105300
John Crowley,166160,271270,105110
Jez Butterworth,159222,263630,104408
Justin G. Dyck,2344,106410,104066
Stacy Title,156710,260750,104040
Luis Ortega,12245,115790,103545
Curtis Hanson,109070,212000,102930
Liza Johnson,47762,150450,102688
Glen Morgan,204400,307000,102600
Richard Kwietniowski,41660,144150,102490
Claude Berri,23412,125450,102038
Song Il-gon,10852,112710,101858
Tom Kalin,19240,120740,101500
Hiroyuki Kitakubo,32130,133330,101200
Dimitri Logothetis,2630,103820,101190
Derek Tsang,31880,132930,101050
Ahmed Khan,37963,138850,100887
John Fawcett,13480,114260,100780
Robert Shaye,12810,113440,100630
Jim Abrahams,59590,160060,100470
Koratala Siva,75326,175566,100240
Dee Rees,68180,167910,99730
Egor Baranov,7187,106810,99623
Diane Keaton,32710,131900,99190
Dave Meyers,263910,362948,99038
Andrey Volgin,6752,105480,98728
Richard Schenkman,4092,102810,98718
Hansal Mehta,37175,135866,98691
Josh Radnor,305310,403910,98600
Darren Stein,33543,132012,98469
Rohit Shetty,122524,220720,98196
David S. Ward,169840,267990,98150
Mong-Hong Chung,4694,102470,97776
Álvaro Brechner,12497,110270,97773
Robert Allan Ackerman,13590,111320,97730
Glendyn Ivin,26100,123790,97690
Jon Gunn,5940,103630,97690
Nicholas Gyeney,45599,143092,97493
Na Hong-jin,730260,827700,97440
Liliana Cavani,98125,195540,97415
Thiagarajan Kumararaja,78390,175790,97400
Tom Shankland,93530,190450,96920
Edward Norton,532820,629480,96660
David Weaver,6309,102890,96581
Petter Næss,127650,223980,96330
Robin Aubert,5751,102060,96309
Peter Facinelli,25300,121510,96210
Kleber Mendonça Filho,70576,166584,96008
Tina Gordon,51240,146300,95060
Abhinay Deo,23823,118750,94927
Chris Foggin,19700,114340,94640
John Simpson,29480,124080,94600
Taichi Ishidate,8908,103460,94552
Malhotra P. Siddharth,44762,139010,94248
Mohit Suri,27260,121250,93990
Shinji Higuchi,13954,107815,93861
Vincent Perez,6066,99880,93814
Adam Mason,22865,116600,93735
Jamie M. Dagg,23190,116910,93720
Oliver Kienle,5350,98840,93490
Luke Sparke,60564,153930,93366
Kantemir Balagov,29766,122920,93154
James Cox,54710,147840,93130
Scott Thomas,2976,95400,92424
Hans Herbots,7715,100120,92405
Maite Alberdi,3046,95280,92234
Lee Won-tae,140232,232440,92208
Philippe de Chauveron,4625,96830,92205
Rodrigo Grande,64788,156810,92022
Paolo Genovese,34920,126910,91990
James Marsh,39588,131100,91512
Greg Barker,8117,99525,91408
Olivier Marchal,9220,100040,90820
Franck Gastambide,17410,108210,90800
Peter Hutchings,48410,138710,90300
Jake West,29776,120046,90270
Emily Young,41649,131900,90251
Anthony Drazan,14700,104720,90020
Aku Louhimies,39570,129570,90000
Matthew Warchus,37200,126586,89386
Philip Kaufman,142230,231440,89210
Christophe Gans,136480,225580,89100
Jessica Hausner,5016,93980,88964
Gregory Wilson,206792,295010,88218
Brian Skiba,5149,93290,88141
Mary Agnes Donoghue,31350,119490,88140
Francis Annan,350779,438440,87661
Andrew Hyatt,12145,99640,87495
Alex Zamm,64990,152430,87440
Daniel Waters,28500,115910,87410
Brian Smrz,74290,161670,87380
Ariel Winograd,6917,94052,87135
Hwan-kyung Lee,11568,98276,86708
Tony Giglio,17680,104310,86630
Jung Byung-gil,82312,168660,86348
Sheree Folkson,39769,126100,86331
George Armitage,102040,188160,86120
Claire McCarthy,45030,130940,85910
Andy Cadiff,45650,131484,85834
Faruk Kabir,131255,216710,85455
Bill Pohlad,341740,427050,85310
Louis Morneau,680,85934,85254
Woo-Ping Yuen,13380,98500,85120
Joram Lürsen,22172,107260,85088
Michael Dowse,61189,146080,84891
Todd Strauss-Schulson,655446,739450,84004
Mauro Borrelli,10375,93680,83305
Craig Rosenberg,62272,145540,83268
Shashanka Ghosh,49991,132460,82469
Kelly Makin,12850,94980,82130
Mona Fastvold,29254,111350,82096
Oleg Stepchenko,3910,85980,82070
Eric Red,50340,132110,81770
Robert Harmon,13580,95250,81670
Michael Polish,52560,134190,81630
Udayan Prasad,7526,89100,81574
Joel Souza,3280,84830,81550
David Gelb,380980,462430,81450
Marc Munden,19636,100870,81234
Walter Salles,7730,88906,81176
Sohail Khan,38012,119185,81173
Cristina Jacob,15660,96330,80670
Hannes Stöhr,11740,92336,80596
Neal Israel,7380,87820,80440
Trevor Nunn,64270,144690,80420
Shaun Paul Piccinino,5045,85354,80309
John Gray,16850,96986,80136
Ryoo Seung-wan,5239,85370,80131
George Gallo,32430,112470,80040
Rob Burnett,720735,800760,80025
Dylan Kidd,179330,259320,79990
Gorô Miyazaki,443380,523250,79870
Laxman Utekar,53567,133280,79713
Lance Hool,13470,93170,79700
Michael Almereyda,26196,105760,79564
Jen McGowan,56394,135900,79506
Oz Perkins,262230,341670,79440
Rob Savage,318654,398090,79436
Billy O'Brien,80300,159470,79170
Bob Gosse,7984,87010,79026
Jennifer Lynch,131530,210140,78610
Benedikt Erlingsson,35040,113320,78280
Nikolai Müllerschön,1220,79340,78120
Kore-eda Hirokazu,955,78730,77775
Manuel Carballo,10088,87830,77742
Nishikant Kamat,42716,120370,77654
Nuri Bilge Ceylan,66350,143945,77595
Stephen Frears,306360,383490,77130
Juan Carlos Fresnadillo,136460,213550,77090
Scott Silver,18240,95240,77000
Michel Franco,19690,96640,76950
Adrian Vitoria,25432,102240,76808
Alastair Orr,7738,84490,76752
Laurent Bouhnik,2849,79538,76689
Kirk Jones,281040,357360,76320
Lijo Jose Pellissery,14608,90720,76112
Daniel Stamm,315244,391230,75986
Joe Swanberg,6820,82788,75968
John Warren,5600,81520,75920
Tamara Jenkins,146480,222310,75830
Johnny Kevorkian,21050,96850,75800
Peter Sollett,57020,132520,75500
John Curran,71692,146280,74588
Midhun Manuel Thomas,15992,90520,74528
Fred Cavayé,97890,172160,74270
Alice Winocour,16440,90440,74000
Julian Gilbey,8828,82700,73872
Paco Plaza,14260,88000,73740
Alister Grierson,31900,105550,73650
Jeff Beesley,2690,76260,73570
Lenny Abrahamson,33040,106450,73410
J.S. Cardone,13360,86680,73320
Christian Volckman,164460,237640,73180
Pietro Marcello,3944,77000,73056
Yi'nan Diao,6018,79040,73022
Michael Cohn,7380,80321,72941
David Leland,14380,87290,72910
Eva Orner,10753,83660,72907
Andrzej Sekula,3410,76275,72865
Siva,32811,105510,72699
Azazel Jacobs,15389,88060,72671
Jan Komasa,104222,176630,72408
Malik Bader,39196,111580,72384
Anil Ravipudi,17093,89330,72237
Fred Durst,52770,124890,72120
Laurence Malkin,11660,83730,72070
Zackary Adler,45030,116960,71930
Lena Dunham,76845,148680,71835
Juan Solanas,151440,223170,71730
Penny Lane,6834,78540,71706
Laura Poitras,7905,79392,71487
Raoul Peck,1555,73000,71445
Carles Torrens,117820,188910,71090
Amol Palekar,15171,85914,70743
Alberto Rodríguez,15318,85740,70422
Philippa Lowthorpe,35640,105970,70330
Vidhu Vinod Chopra,32030,102224,70194
Kaouther Ben Hania,1240,71420,70180
Mitja Okorn,37477,107440,69963
Peter Mullan,17960,87910,69950
Kevin Spacey,85760,155640,69880
Carlo Hintermann,46700,116420,69720
John Polson,12710,82120,69410
Bruce Beresford,12040,81440,69400
Jakob M. Erwa,3250,72610,69360
Lajos Koltai,71690,140900,69210
Safy Nebbou,6285,75380,69095
Václav Marhoul,7884,76970,69086
Reinaldo Marcus Green,27200,96240,69040
Gregory Nava,45220,114260,69040
Simon Aboud,63750,132750,69000
James Oakley,19450,88320,68870
Duncan Skiles,275022,343700,68678
Jonathan Jakubowicz,21544,90110,68566
Subhash Kapoor,124929,193440,68511
Victor Salva,176260,244650,68390
Jerry Jameson,4420,72610,68190
Andrew Haigh,71730,139900,68170
Mohan Raja,12508,80250,67742
Billy Crystal,63510,131000,67490
Pablo Larraín,25622,92900,67278
Farren Blackburn,82600,149650,67050
John McNaughton,17542,84570,67028
Jason Krawczyk,156420,223320,66900
Felix Binder,2090,68920,66830
Courtney Hunt,264820,331540,66720
Tyler MacIntyre,49943,116660,66717
Mark Osborne,600317,666840,66523
April Mullen,31542,97560,66018
Simon Rumley,17574,83440,65866
Renato De Maria,4390,70050,65660
Stevan Riley,13708,79350,65642
Hu Guan,6984,72340,65356
Christian Petzold,27660,92900,65240
Michael Pavone,4880,70002,65122
Katie Aselton,33910,98910,65000
Zev Berman,42013,106770,64757
Ed Gass-Donnelly,24812,89410,64598
Mikael Marcimain,49550,114130,64580
Árpád Sopsits,521,65100,64579
Chris Rock,212600,277060,64460
Jared Moshe,14149,78580,64431
Alex Ross Perry,18317,82170,63853
J.-P. Valkeapää,6270,70080,63810
Mohana Krishna Indraganti,6347,69868,63521
Gregg Champion,26930,90390,63460
Breck Eisner,1038580,1101400,62820
Richard Laxton,6123,68570,62447
Timur Bekmambetov,8210,70490,62280
James Dodson,1100,63290,62190
Richard Tanne,101410,163430,62020
Yasuhiro Yoshiura,40870,102490,61620
Ryan Murphy,231800,293100,61300
Veena Sud,143077,204300,61223
Brandon Slagle,5522,66580,61058
Rob Grant,1388,62250,60862
Olatunde Osunsanmi,17510,78180,60670
Alan White,6250,66820,60570
Mark Raso,138950,199470,60520
Tiller Russell,9066,69370,60304
Marcel Barrena,9520,69730,60210
Kirill Serebrennikov,11692,71683,59991
Ann Turner,6480,66400,59920
Barry Levinson,67910,127670,59760
Joel Hershman,6030,65780,59750
Bart Freundlich,26960,86440,59480
Ry Russo-Young,22398,81820,59422
Joseph Cedar,6295,65530,59235
Cristian Nemescu,20710,79920,59210
Dong-hoon Choi,20986,79780,58794
John Putch,2541,61320,58779
Radivoje Andric,56852,115570,58718
Marc Turtletaub,26906,85580,58674
Steven C. Miller,33613,92220,58607
Gabe Torres,38159,96760,58601
Yoon Jong-bin,3920,62340,58420
Lucile Hadzihalilovic,17754,76120,58366
Bobby Moresco,4620,62950,58330
Marc Meyers,2932,61210,58278
Costa-Gavras,3880,62130,58250
Brendan Muldowney,6498,64600,58102
Cláudio Torres,11817,69890,58073
Kieran Darcy-Smith,61640,119520,57880
Richard Martin,4180,62010,57830
C.B. Harding,1810,59630,57820
Philippe Falardeau,10893,68600,57707
Harry Macqueen,87444,145140,57696
Surender Reddy,28645,86310,57665
Joel Hopkins,14840,72330,57490
Jeffrey Porter,4950,62170,57220
Paul T. Scheuring,515545,572760,57215
Mohammad Rasoulof,5515,62690,57175
Nadav Lapid,5855,63010,57155
Richard LaGravenese,50620,107700,57080
Rob Schmidt,31940,89000,57060
Houman Seyyedi,11466,68348,56882
Amat Escalante,9586,66350,56764
Takashi Ôtsuka,24819,81530,56711
Hèctor Hernández Vicens,68110,124690,56580
Issa López,7898,64448,56550
Boris Khlebnikov,5130,61620,56490
Will Slocombe,86176,142520,56344
Liv Ullmann,5536,61810,56274
Ron Krauss,38314,94550,56236
Peter Sullivan,11910,68030,56120
Jonathan Newman,16390,72430,56040
Seth Larney,62220,118260,56040
Kwang-shik Kim,5050,61060,56010
Kathrine Windfeld,31538,87510,55972
Yoon Sunghyun,13150,69060,55910
Miles Joris-Peyrafitte,28600,84230,55630
Le-Van Kiet,1096,56590,55494
Robby Henson,5762,61210,55448
Max McGuire,6866,62180,55314
Tali Shalom-Ezer,3986,59100,55114
Carroll Ballard,31080,86120,55040
Jean-François Richet,6648,61500,54852
Burt Kennedy,56540,111340,54800
Iain Softley,66000,120790,54790
Dibakar Banerjee,133828,188588,54760
Sebastian Gutierrez,41900,96650,54750
Nicholas Jarecki,495059,549760,54701
Hardy Martins,26411,81060,54649
Andrew Bujalski,28779,83380,54601
Thomas Stuber,6010,60450,54440
Pablo Agüero,3724,58130,54406
Scott Wiper,14140,68080,53940
Peter Kassovitz,126343,180250,53907
Sean McGinly,21035,74898,53863
Florian David Fitz,15960,69720,53760
Joko Anwar,13872,67624,53752
John Murlowski,8600,62230,53630
Pernille Fischer Christensen,20110,73630,53520
Aaron Sorkin,1885980,1939320,53340
Julian Farino,82292,135540,53248
Matteo Rovere,6345,59500,53155
Ji-hoon Kim,15308,68390,53082
David Blair,2398,55310,52912
Malgorzata Szumowska,2781,55630,52849
Gennaro Nunziante,61040,113882,52842
Lars Kraume,7610,60450,52840
Ekachai Uekrongtham,33130,85920,52790
Sarah Adina Smith,63840,116460,52620
Miles Doleac,25567,78040,52473
George Ratliff,35827,88260,52433
Joachim Hedén,6719,59120,52401
Vahid Jalilvand,14003,66230,52227
Gustavo Loza,4721,56810,52089
Nick Hamm,32136,84130,51994
Iram Haq,7670,59610,51940
Rodrigo García,73900,125710,51810
Ivan Sen,10735,62540,51805
Mati Diop,53575,105380,51805
Jonás Cuarón,56305,107700,51395
Gabriela Tagliavini,4150,55420,51270
Xiaoshuai Wang,2034,53110,51076
Nicole Holofcener,39460,90310,50850
Eric Rochant,7304,58100,50796
Tyler Perry,120550,171340,50790
Manuel Martín Cuenca,16706,67480,50774
Saverio Costanzo,8823,59560,50737
Yuval Adler,22610,73310,50700
Tanuja Chandra,36512,87177,50665
Bi Gan,43730,94390,50660
Claudio Giovannesi,2461,53120,50659
Todd Robinson,91000,141490,50490
Marina Zenovich,41836,92000,50164
Felix Fuchssteiner,33799,83350,49551
Rowan Woods,24817,74320,49503
Albert Shin,1605,51090,49485
Lone Scherfig,1692,51090,49398
Marcin Wrona,12160,61310,49150
Ken Sanzel,9310,58400,49090
Alberto Arvelo,1174,50235,49061
Vamshi Paidipally,47324,96350,49026
Xavier Villaverde,3605,52580,48975
Carlos Brooks,31150,79930,48780
Jesse V. Johnson,5630,54400,48770
Mikkel Munch-Fals,23022,71750,48728
Charles Binamé,2317,50920,48603
Enrique Urbizu,6962,55420,48458
Fernando Lebrija,20808,69160,48352
Nanni Moretti,29425,77700,48275
Aluizio Abranches,12933,61145,48212
Rebecca Zlotowski,14504,62570,48066
Stuart Gordon,54800,102780,47980
Pa. Ranjith,55703,103600,47897
Joel Silverman,4240,52070,47830
Jim Cummings,195780,243590,47810
Michael Glawogger,3628,51360,47732
Nick Park,190918,238560,47642
Amy Seimetz,24412,71980,47568
James Keach,1690,49124,47434
Ryûsuke Hamaguchi,6024,53380,47356
David Mirkin,533990,581300,47310
Teddy Chan,478,47780,47302
Elia Suleiman,8590,55850,47260
Daniel Roby,10084,57190,47106
Peter Wellington,4062,50970,46908
Alek Keshishian,100610,147360,46750
Chris Koch,137280,184000,46720
Frederik Du Chau,181150,227720,46570
Daniel Taplitz,17490,63990,46500
Mudassar Aziz,36710,83140,46430
Rainer Sarnet,14486,60790,46304
Aleksandr Buravskiy,1740,48020,46280
Chad Hartigan,26810,73040,46230
Karim Aïnouz,31630,77810,46180
Nils Gaup,31520,77630,46110
Nabil Elderkin,184240,230220,45980
Warwick Thornton,37730,83705,45975
Tze Chun,52590,98560,45970
Joe Begos,34660,80568,45908
Andrew Neel,35226,81100,45874
Juraj Jakubisko,1320,46950,45630
Paul Negoescu,6250,51816,45566
David Guy Levy,409958,455470,45512
Doga Can Anafarta,22518,67845,45327
Travis Zariwny,24632,69944,45312
Emilio Martínez Lázaro,5366,50612,45246
Justine Triet,7463,52570,45107
Jason William Lee,38220,83260,45040
Henry Saine,30348,75300,44952
Maria Ripoll,27920,72850,44930
Vysakh,8026,52924,44898
Joshua Seftel,180473,225350,44877
Daniel Calparsoro,2824,47670,44846
Uberto Pasolini,22650,67090,44440
Leo Zhang,66806,111190,44384
Natalia Leite,30296,74630,44334
Dan Krauss,32479,76670,44191
Coky Giedroyc,7022,51160,44138
Aki Kaurismäki,92908,136950,44042
Brett Morgen,12789,56810,44021
Michael Matteo Rossi,35436,79440,44004
Rich Cowan,7753,51710,43957
Abhishek Chaubey,105886,149801,43915
John Turturro,10250,54020,43770
Robert Benton,127570,171280,43710
Takao Okawara,50007,93700,43693
So Yong Kim,10171,53690,43519
Milan Luthria,13901,57344,43443
Cédric Klapisch,8940,52360,43420
Paco León,21844,65170,43326
Aaron Katz,13578,56760,43182
Anton Megerdichev,11312,54450,43138
David Pablos,10985,54000,43015
Timothy Woodward Jr.,6989,49930,42941
Marcel Gisler,10057,52890,42833
Steve Jacobs,15476,58300,42824
Anthony Hopkins,6333,49150,42817
Bethany Ashton Wolf,173244,215780,42536
Bob Misiorowski,2380,44891,42511
Craig Viveiros,49100,91550,42450
Glenn Standring,14740,57120,42380
Paul Gross,47210,89570,42360
Gaby Dellal,27446,69770,42324
Diederik Van Rooijen,1625,43877,42252
Kim Farrant,80670,122560,41890
Roschdy Zem,8540,50430,41890
Mathieu Turi,72500,114360,41860
Michael Damian,13110,54944,41834
Shahriar Bahrani,7988,49770,41782
Mary Lambert,2190,43940,41750
Elise Durán,167168,208910,41742
John Roberts,41531,83195,41664
Kat Coiro,81850,123480,41630
Roberto Santucci,8915,50356,41441
Masayuki Kojima,14526,55870,41344
Hlynur Pálmason,17840,59150,41310
Aleksey German,22740,63950,41210
Andrew Birkin,12320,53500,41180
Kasper Barfoed,7072,47690,40618
Bobcat Goldthwait,56670,96929,40259
Orson Welles,9070,49328,40258
Valeska Grisebach,2876,43110,40234
Michelangelo Frammartino,2540,42770,40230
Gauri Shinde,396880,437020,40140
Aditya Datt,5258,45360,40102
Takashi Miike,24680,64752,40072
Anno Saul,12650,52682,40032
Karen Leigh Hopkins,61158,101160,40002
Elmo Nüganen,23400,63400,40000
Lars Klevberg,404846,444762,39916
Kirsten Johnson,32650,72530,39880
Elissa Down,92410,132270,39860
Dominique Deruddere,6640,46465,39825
Claudia Myers,7300,47070,39770
Pelin Esmer,5886,45592,39706
Nikolay Lebedev,20623,60240,39617
Charlie Peters,14730,54280,39550
Robert Heath,62789,102320,39531
Larry Charles,50180,89670,39490
Tanya Wexler,36865,76150,39285
Michael Corrente,22700,61850,39150
Alexei Popogrebsky,30914,70040,39126
Jirí Menzel,2660,41725,39065
Pål Sletaune,21270,60290,39020
Cullen Hoback,16574,55536,38962
Bille August,35180,74110,38930
Marco Pontecorvo,2431,41340,38909
Joel Bender,3400,42300,38900
Ted Braun,17460,56260,38800
David Beton,25151,63860,38709
Mar Targarona,87669,126220,38551
Andy Goddard,22016,60530,38514
Fouad Mikati,108630,147080,38450
Jason Stutter,7298,45730,38432
Aashiq Abu,16407,54710,38303
Konstantin Buslov,5426,43708,38282
Yann Gonzalez,17380,55570,38190
Maurice Phillips,5430,43520,38090
George Mendeluk,3668,41720,38052
Alain Gsponer,1883,39928,38045
John A. Davis,381480,419490,38010
Yong-hwa Kim,53660,91670,38010
Jung Ji-woo,21330,59330,38000
Tom DiCillo,44610,82576,37966
Stacie Passon,58340,96160,37820
Roland Suso Richter,5423,43179,37756
Soon-rye Yim,1760,39480,37720
Andrey Konchalovskiy,21760,59230,37470
mink,43000,80440,37440
Tamra Davis,26850,64198,37348
Min-ho Woo,4400,41590,37190
Apichatpong Weerasethakul,17370,54560,37190
Francesco Amato,5577,42760,37183
Rich Ragsdale,9610,46780,37170
Jeremiah Zagar,9180,46330,37150
Keith Behrman,61224,98260,37036
Bob Odenkirk,55001,91994,36993
Chris Moukarbel,23150,60016,36866
Norberto Barba,8660,45520,36860
Kristine Peterson,5250,42096,36846
Rob Hedden,39325,76160,36835
Zak Hilditch,57292,93970,36678
John H. Lee,25478,62120,36642
Craig William Macneill,57520,94150,36630
Andrew Ahn,29208,65650,36442
Hyung-rae Shim,850,37291,36441
Frédéric Auburtin,8080,44300,36220
Chad Archibald,13142,49290,36148
James Nguyen,55619,91550,35931
Bob Rafelson,42730,78480,35750
Lisandro Alonso,9850,45530,35680
Mikael Håfström,8030,43540,35510
Ashley Avis,8222,43700,35478
Lorraine Lévy,5225,40560,35335
John Chester,54294,89580,35286
Troy Byer,21454,56686,35232
Martin Owen,19030,54260,35230
J.M Cravioto,28097,63270,35173
Remo D'Souza,47077,82240,35163
Fredi M. Murer,1293,36422,35129
Adam Smith,56634,91730,35096
Ross Venokur,4610,39590,34980
Adam Rehmeier,28460,63430,34970
Lodewijk Crijns,9004,43850,34846
James Fox,8860,43660,34800
Ten Shimoyama,5425,40033,34608
Ka-Wai Kam,1206,35810,34604
Damon Santostefano,7650,42080,34430
Christian Sesma,5085,39460,34375
Andy Cheng,56630,90730,34100
Gonzalo López-Gallego,27571,61660,34089
Howard Franklin,44400,78480,34080
James Cullen Bressack,12189,46140,33951
Albert Dupontel,34670,68610,33940
Robert Tinnell,3600,37510,33910
Jalmari Helander,321880,355730,33850
Julia von Heinz,2473,36250,33777
Stephen Milburn Anderson,67450,101050,33600
Louis-Pascal Couvelaire,11311,44890,33579
Wuershan,10127,43690,33563
Maziar Miri,1702,35120,33418
Andrew C. Erin,8531,41940,33409
Klim Shipenko,13869,47220,33351
Kenneth Kainz,8794,42120,33326
Alistair Legrand,58040,91340,33300
Ian Sharp,8910,42200,33290
Matthew Parkhill,88610,121680,33070
Ivan Kavanagh,15574,48630,33056
Ed Perkins,136604,169650,33046
Hasraf Dulull,67750,100710,32960
Mads Brügger,21610,54470,32860
Jean-Paul Salomé,2900,35750,32850
Paul Michael Glaser,224260,257080,32820
Bob Bralver,11500,44090,32590
Juan José Campanella,4428,37010,32582
Morgan J. Freeman,12962,45490,32528
Paulo Morelli,114738,147235,32497
Nitin Kakkar,30748,63186,32438
Pierre Salvadori,8810,41240,32430
William Olsson,21669,54060,32391
Stephen Cone,9690,42052,32362
Ernesto Contreras,8420,40780,32360
James Napier Robertson,33645,65930,32285
Hafsteinn Gunnar Sigurðsson,6128,38357,32229
John Duigan,64230,96442,32212
Ralph Ziman,35372,67500,32128
Angelos Frantzis,2157,34132,31975
Pieter Kuijpers,38170,70068,31898
Satyajit Ray,12113,44000,31887
Masahiko Murata,27038,58920,31882
Mark Neale,9954,41830,31876
Chee Keong Cheung,5148,36980,31832
Christian Duguay,32822,64620,31798
Óliver Laxe,4904,36670,31766
Patricia Rozema,38655,70389,31734
Jason Bourque,3691,35425,31734
Brian Baugh,55402,87030,31628
George A. Romero,194140,225730,31590
Zaida Bergroth,6602,38190,31588
Panos H. Koutras,11963,43540,31577
Maria Peters,12106,43680,31574
Julia Loktev,11625,43190,31565
Indra Kumar,47058,78570,31512
Roger Spottiswoode,306090,337600,31510
Shin Sang-ok,31719,63190,31471
John Schultz,48124,79520,31396
Gerardo Olivares,4840,36170,31330
Sôichi Masui,33429,64690,31261
Pantelis Voulgaris,2267,33380,31113
M. Padmakumar,2325,33437,31112
Brian A. Miller,13200,44290,31090
Kurt Voelker,26248,57230,30982
John McPhail,125716,156680,30964
Mikhaël Hers,4076,35030,30954
Dereck Joubert,4130,35074,30944
Setsurô Wakamatsu,2996,33870,30874
Rachid Bouchareb,1412,32280,30868
Nicholas McCarthy,253720,284560,30840
Randall Miller,81670,112490,30820
Santiago Mitre,12270,42970,30700
Emilio Portes,10855,41520,30665
Martin Guigui,4071,34690,30619
Ned Benson,100665,131220,30555
Clare Kilner,51715,82240,30525
Mysskin,14692,45200,30508
Michael Steiner,4558,35013,30455
Jake Goldberger,24770,55180,30410
Cüneyt Kaya,26904,57310,30406
Pascale Ferran,2274,32650,30376
Mike Mendez,15181,45526,30345
Yurek Bogayevicz,6710,36980,30270
Joseph Guzman,32710,62970,30260
Simon Fellows,23620,53860,30240
Rajkumar Santoshi,46564,76652,30088
Luv Ranjan,206915,236971,30056
Jing Wu,59540,89590,30050
Anna Mastro,33924,63940,30016
Justin Pemberton,343,30340,29997
Ben Lewin,11810,41770,29960
Mouly Surya,3905,33840,29935
Adrian Bol,13560,43390,29830
Frédéric Jardin,21320,51120,29800
Kang Je-kyu,12327,42112,29785
Kei'ichi Sato,17435,47090,29655
Jeremy Kenyon Lockyer Corbell,25361,55004,29643
Clarence Fok,6971,36612,29641
Gary Yates,5081,34610,29529
Hannah Fidell,54330,83800,29470
Patxi Amezcua,33965,63400,29435
Maksim Korostyshevsky,46226,75650,29424
Ben Sharrock,23692,53110,29418
Zach Lipovsky,65500,94850,29350
Charles Sturridge,24480,53820,29340
Kim Sung-su,4475,33750,29275
Tommy Stovall,11765,40880,29115
Marius A. Markevicius,40085,69200,29115
Wallace Wolodarsky,40950,70021,29071
Kwon Lee,5650,34670,29020
Max Winkler,44860,73860,29000
Claude Miller,10090,39060,28970
Michihito Fujii,340,29285,28945
Kuo-Fu Chen,2904,31840,28936
Dave Payne,6920,35730,28810
Roberto Benigni,115740,144490,28750
Phillip Borsos,4140,32880,28740
Dani Levy,2041,30765,28724
Aleksey Mizgiryov,4468,33130,28662
James Bolton,15190,43850,28660
Paolo Sorrentino,31390,59978,28588
Dany Boon,17000,45580,28580
Michael Hurst,8110,36676,28566
Marco Kreuzpaintner,102540,131080,28540
Kevin Macdonald,50284,78810,28526
Christian E. Christiansen,6442,34884,28442
Director X,48026,76450,28424
Neasa Hardiman,113520,141880,28360
Rasool Mollagholi Poor,836,29185,28349
John Ridley,11000,39260,28260
Magnus Martens,5964,34210,28246
Steve Wang,34268,62460,28192
Kevin Pollak,78209,106250,28041
Charles T. Kanganis,2634,30665,28031
Fred Grivois,6060,34080,28020
Agnès Varda,20120,48060,27940
Mami Sunada,28885,56760,27875
Saman Moghadam,3856,31730,27874
Barbra Streisand,198400,226230,27830
Craig Lucas,27910,55720,27810
Joshua Oppenheimer,111556,139270,27714
Isaac Florentine,2620,30300,27680
Chuan Lu,13500,41160,27660
Tatsushi Ômori,3149,30766,27617
Zoya Akhtar,411304,438900,27596
Frank Pavich,249850,277380,27530
Emily Hagins,2406,29930,27524
Katell Quillévéré,8210,35690,27480
Oliver Hermanus,10710,38180,27470
Zoe Clarke-Williams,7262,34730,27468
Yusry Abd Halim,8716,36150,27434
Dietrich Brüggemann,7863,35267,27404
Marwan Hamed,72690,100072,27382
Manny Coto,3420,30800,27380
Tim Hill,206670,234045,27375
Zach Clark,5910,33260,27350
Elza Kephart,14615,41930,27315
Mark Griffiths,11720,39020,27300
Kai Wessel,2616,29890,27274
Bruno Barreto,8550,35800,27250
Lee Yong-ju,13977,41220,27243
Burhan Qurbani,11898,39070,27172
Kang Hyo-jin,1971,29110,27139
Tom Reeve,2450,29540,27090
James Franco,8664,35720,27056
Euros Lyn,42774,69790,27016
David Marconi,7450,34450,27000
Todd Graff,61730,88720,26990
Jeff Garlin,24894,51840,26946
Rasmus Tirzitis,5982,32900,26918
Per Fly,32076,58950,26874
Brian Welsh,20981,47820,26839
Michael Winterbottom,20810,47640,26830
Paul McGuigan,80620,107430,26810
Matthias Temmermans,4006,30700,26694
Cody Calahan,29576,56248,26672
S.R. Bindler,64796,91440,26644
Victor Kossakovsky,2746,29390,26644
David Price,3730,30290,26560
Maria Sadowska,15879,42430,26551
Conor McPherson,5092,31360,26268
Adrian Langley,2298,28490,26192
Majid Majidi,13150,39250,26100
Jang Jae-hyun,23800,49810,26010
Malik Vitthal,47980,73970,25990
Hua-Tao Teng,1186,27160,25974
Fernando González Molina,50093,76060,25967
Thomas Sieben,40414,66310,25896
Adam Leon,37171,62980,25809
Tarik Saleh,67424,93230,25806
Valentyn Vasyanovych,1014,26770,25756
Allan Ungar,25448,51170,25722
Guillaume Canet,17170,42880,25710
Jeong-hyang Lee,16422,42052,25630
Greg Glienna,18762,44340,25578
Luis Estrada,36292,61780,25488
Robert Towne,75450,100920,25470
Boyapati Srinu,15105,40570,25465
Tetsuya Nakashima,2117,27543,25426
Allison Burnett,104626,130050,25424
Kenny Ortega,226460,251870,25410
Dolph Lundgren,18280,43680,25400
DJ Pooh,37040,62438,25398
Sameh Zoabi,590,25980,25390
Ian Mune,1294,26605,25311
Leo Scherman,2906,28180,25274
Vincent D'Onofrio,69948,95160,25212
Sang-il Lee,8945,34150,25205
Uli Edel,164310,189490,25180
Jason Freeland,10410,35530,25120
Phil Volken,64881,90000,25119
Sathyan Anthikad,27314,52430,25116
Stephen Burke,10460,35560,25100
Christopher Hatton,16300,41360,25060
Abolhassan Davoodi,1581,26598,25017
Marcelo Galvão,3997,28990,24993
Mark Tonderai,72320,97240,24920
Emmanuel Mouret,4977,29860,24883
Adam Massey,10638,35502,24864
Rachel Perkins,5254,30112,24858
Won-Chan Hong,38498,63290,24792
Adam Coleman Howard,3520,28310,24790
Pouran Derakhshandeh,732,25472,24740
Byung-chun Min,21504,46200,24696
Ryûhei Kitamura,56498,81190,24692
Michael O. Sajbel,4616,29286,24670
Sebastián Schindel,20859,45510,24651
Steven Soderbergh,105910,130440,24530
Michael Winnick,19093,43560,24467
Aleksandr Rogozhkin,1699,26153,24454
Benjamín Naishtat,3438,27880,24442
Jingming Guo,19590,44026,24436
Lin Oeding,324340,348750,24410
Bette Gordon,9112,33490,24378
JK Youn,37180,61490,24310
Hong Sang-soo,11890,36190,24300
Matthew Ryan Hoge,218766,243060,24294
Michael Taverna,37384,61580,24196
Aleksandr Sokurov,5858,30050,24192
Ramón Salazar,16210,40350,24140
Michael Moore,180160,204270,24110
Takashi Doscher,14873,38920,24047
Philippe Van Leeuw,5790,29820,24030
Steve Stanulis,22262,46286,24024
Gérald Hustache-Mathieu,5650,29660,24010
Emmanuel Courcol,5440,29430,23990
Oliver Schmitz,7432,31410,23978
Juho Kuosmanen,26240,50170,23930
Karen Oganesyan,11388,35250,23862
Fred Olen Ray,11700,35520,23820
Nagesh Kukunoor,16568,40373,23805
Andrew Davis,958460,982230,23770
Xavier Beauvois,2099,25830,23731
Jeff Barnaby,30520,54220,23700
Catherine Corsini,3062,26750,23688
Rémi Bezançon,24340,47970,23630
Barry Avrich,1449,25058,23609
Taylor Morden,25723,49316,23593
Alex Winter,7810,31358,23548
Kaige Chen,7080,30560,23480
Martin Asphaug,4440,27890,23450
Steven Goldmann,18680,42110,23430
Rolf de Heer,4680,28090,23410
Barry Alexander Brown,1290,24680,23390
Agnès Merlet,5268,28640,23372
Kurtis David Harder,27288,50650,23362
Andrew Lau,1304,24660,23356
Jim Taihuttu,45476,68820,23344
Yan Han,6520,29860,23340
Ulli Lommel,649,23973,23324
Francesco Munzi,2111,25290,23179
Roel Reiné,7470,30640,23170
Terence Davies,40110,63250,23140
Shawn Seet,18040,41140,23100
Çagatay Tosun,30348,53400,23052
Ian Iqbal Rashid,44720,67770,23050
Magnus von Horn,15600,38550,22950
Sarah Gavron,32770,55710,22940
Maria Pulera,56277,79200,22923
Rob W. King,61613,84520,22907
Claudia Llosa,17800,40680,22880
Felix Chong,28425,51290,22865
Danny Lerner,12290,35140,22850
Charles Matthau,196820,219643,22823
Adamo P. Cultraro,38274,61070,22796
Uwe Boll,15626,38389,22763
Hugo Gélin,38055,60790,22735
Steven Silver,92816,115520,22704
Stuart McDonald,9672,32360,22688
Milap Zaveri,23205,45860,22655
Sherry Hormann,1955,24520,22565
Mitsuo Hashimoto,74665,97210,22545
David Keating,19690,42174,22484
Ashok G.,24048,46497,22449
Jorge Ameer,4378,26794,22416
Skye Borgman,201030,223360,22330
Philippe Haïm,15169,37370,22201
Chanya Button,26570,48770,22200
Gerard Stembridge,14266,36365,22099
Stephen Fung,11630,33700,22070
Louis Garrel,21540,43580,22040
Young-Joo Byun,1058,23093,22035
Natasha Kermani,6374,28400,22026
Nigina Sayfullaeva,7950,29970,22020
Tom DeNucci,7102,29120,22018
Eric Khoo,2600,24560,21960
Alain Guiraudie,3190,25140,21950
Stéphane Demoustier,1810,23740,21930
François Girard,31448,53370,21922
Alejandro Brugués,88290,110100,21810
Anna Justice,1598,23370,21772
Antoine Blossier,8271,30030,21759
Peter Sehr,4061,25770,21709
Pedring Lopez,3016,24660,21644
Nico Mastorakis,18010,39654,21644
David Victori,15193,36820,21627
Will Gluck,461190,482730,21540
Ryan Shiraki,26759,48270,21511
Mitchell Altieri,7732,29190,21458
Anthony Scott Burns,90780,112210,21430
Fernando Colomo,3647,25042,21395
Laura Mañá,16907,38280,21373
Jeffrey Schwarz,6182,27506,21324
Vincent Garenq,14230,35530,21300
Reza Bagher,34984,56200,21216
Sylvie Verheyde,958,22160,21202
Michael G. Kehoe,4540,25740,21200
Philippe Caland,6966,28120,21154
Gérard Corbiau,2940,24010,21070
Patricio Valladares,3459,24520,21061
Frank Whaley,29660,50700,21040
John Laing,2560,23583,21023
Ellie Kanner,2433,23450,21017
Sergei Dvortsevoy,1668,22680,21012
Dror Soref,7756,28740,20984
Lukas Feigelfeld,49088,70050,20962
Jay Martin,26070,47010,20940
Jeong-woo Park,11827,32710,20883
Sébastien Marnier,10370,31250,20880
Sammo Kam-Bo Hung,4387,25243,20856
Ferenc Török,22217,43040,20823
Stephen Poliakoff,36300,57100,20800
Teona Strugar Mitevska,4735,25530,20795
Tony Krantz,53170,73960,20790
Michael Meredith,16752,37530,20778
Paula Ortiz,14377,35140,20763
Jehane Noujaim,73375,94090,20715
Alfredo Rodriguez de Villa,8783,29462,20679
Robert Salis,1026,21670,20644
John Paragon,20600,41200,20600
Eytan Fox,9258,29840,20582
Ping Lumpraploeng,14095,34630,20535
Arnaud Desplechin,4660,25190,20530
Cãlin Peter Netzer,3756,24280,20524
Nawapol Thamrongrattanarit,7979,28480,20501
Peter Hedges,221510,242010,20500
Kenji Kodama,3455,23950,20495
Yann Gozlan,23740,44190,20450
Rose Troche,23320,43750,20430
Tom Six,178086,198510,20424
Xavier Durringer,4675,25030,20355
Daniel Algrant,17540,37892,20352
Kim Sung-hoon,28082,48420,20338
Vince Offer,27500,47830,20330
Dae-woo Kim,4170,24430,20260
Harry Baweja,20320,40572,20252
Erik Van Looy,8670,28900,20230
Kris Rey,16429,36570,20141
Wilson Coneybeare,18541,38680,20139
Lynn Shelton,27680,47812,20132
Jayro Bustamante,32670,52798,20128
Lucio A. Rojas,5026,25130,20104
Jeff Celentano,3862,23952,20090
Tomas Alfredson,19949,40000,20051
Israel Horovitz,80362,100410,20048
Paula van der Oest,5964,25960,19996
Kitarô Kôsaka,3302,23280,19978
Onur Tukel,3368,23337,19969
Lourens Blok,2548,22510,19962
Patricia Ferreira,3762,23718,19956
Kirby Dick,11218,31130,19912
Orhan Oguz,8043,27935,19892
Todd Sheets,2474,22353,19879
Bradley Rust Gray,12142,32000,19858
Richard Brandes,26760,46572,19812
Philippe Diaz,2307,22110,19803
Götz Spielmann,1019,20732,19713
Jeethu Joseph,11043,30750,19707
Hyun-seok Kim,3513,23200,19687
Gabriel Mascaro,2721,22390,19669
Giuseppe Capotondi,42210,61820,19610
Daniel Robbins,18899,38490,19591
Nadav Schirman,746,20336,19590
Valérie Lemercier,14372,33950,19578
Gregg Bishop,57124,76670,19546
Jonathan Winfrey,1266,20750,19484
Giles Alderson,22608,42080,19472
Paul Rachman,14560,33910,19350
Roy Knyrim,12070,31390,19320
Aleksey German Jr.,2974,22280,19306
Matthew Hope,15560,34770,19210
Reem Kherici,21570,40760,19190
Rob Hardy,6132,25300,19168
Eran Riklis,1907,21050,19143
Mark Steilen,5486,24620,19134
Lee Hae-young,27345,46430,19085
Ronny Yu,9878,28950,19072
Matthew Leutwyler,8552,27522,18970
Blair Treu,9818,28786,18968
Eric Steven Stahl,10318,29270,18952
Callie Khouri,209890,228820,18930
Charlie Kaufman,985540,1004460,18920
Ousmane Sembene,22773,41600,18827
Adrian Noble,3920,22730,18810
Salvador Calvo,36070,54660,18590
William Tannen,3160,21663,18503
Erik Canuel,5847,24330,18483
Svyatoslav Podgaevskiy,11494,29970,18476
Alante Kavaite,15762,34200,18438
Travis Fine,16556,34990,18434
Charlotte Brändström,4990,23392,18402
Anne K. Black,20410,38780,18370
Lisa Krueger,22120,40490,18370
Alexandre Arcady,5316,23680,18364
Robert Kirbyson,9122,27485,18363
Fernando Frias,76088,94440,18352
Mark O'Connor,2385,20720,18335
Osman Sinav,20966,39282,18316
Eirik Svensson,6020,24330,18310
Caner Özyurtlu,28086,46348,18262
Juan Martínez Moreno,6584,24800,18216
Madeleine Sackler,10695,28870,18175
Ross Boyask,4580,22710,18130
Jackie Chan,227530,245650,18120
Brandon Christensen,45180,63270,18090
Saeed Soheili,697,18771,18074
Dean Semler,79446,97484,18038
Craig Singer,5587,23590,18003
Chris Sun,20903,38890,17987
Geoffrey Enthoven,2025,20005,17980
Jesús Garay,4668,22640,17972
Ed Herzog,1839,19726,17887
John R. Carter,9380,27260,17880
Angel Manuel Soto,12526,30400,17874
Shyam Benegal,6981,24808,17827
Guillaume Brac,8097,25870,17773
Richie Mehta,26714,44450,17736
Tommy O'Haver,55996,73680,17684
Charles Martin Smith,9050,26710,17660
Michael Keusch,2649,20300,17651
Henk Pretorius,6988,24630,17642
Gabriel Le Bomin,2534,20150,17616
Anders Østergaard,5138,22736,17598
Sönke Wortmann,10514,28090,17576
Vince Di Meglio,12674,30200,17526
Samir Karnik,13468,30948,17480
Werner Herzog,7310,24748,17438
Maria Schrader,9248,26680,17432
Louis Malle,34320,51740,17420
Ian Cheney,3647,21064,17417
Abner Pastoll,38120,55500,17380
Andrzej Wajda,16060,33430,17370
Rudolf Buitendach,3717,21070,17353
Brendan Steere,70298,87560,17262
Sean Olson,7500,24740,17240
Dean Murphy,7833,25030,17197
Nuel C. Naval,3260,20440,17180
Agustí Villaronga,11648,28810,17162
Rohena Gera,68976,86120,17144
Chi-Kin Kwok,2420,19560,17140
Ash Baron-Cohen,13056,30190,17134
David M. Rosenthal,18456,35580,17124
Stephen Cornwell,5270,22350,17080
Christian Tafdrup,8930,26010,17080
Mathieu Kassovitz,11740,28800,17060
Raymond De Felitta,4270,21289,17019
Rumle Hammerich,6762,23730,16968
Rocco DeVilliers,17671,34630,16959
Brian Goodman,132540,149490,16950
Beom-gu Cho,8814,25730,16916
Shawn Christensen,100850,117760,16910
Jean-Marie Poiré,30520,47430,16910
Filip Renc,3245,20108,16863
David Lister,1524,18340,16816
Will Wallace,1606,18420,16814
Chi Leung 'Jacob' Cheung,1532,18330,16798
Stig Björkman,8199,24990,16791
Wojciech Smarzowski,48460,65240,16780
Peter Medak,81623,98398,16775
Talal Derki,10730,27500,16770
Steve Barnett,12436,29200,16764
Sandra Goldbacher,31620,48360,16740
Daisy von Scherler Mayer,68220,84900,16680
Steve Boyum,31930,48600,16670
Tristan Séguéla,6371,23040,16669
Jong-ho Huh,10888,27550,16662
Stéphane Lafleur,6110,22770,16660
Emmanuel Carrère,39382,56020,16638
Jordan Downey,54800,71420,16620
Seok-hoon Lee,6016,22607,16591
Zak Penn,44340,60912,16572
Philippe Lioret,2800,19370,16570
Irwin Winkler,96040,112590,16550
Leena Yadav,15605,32140,16535
Tung-Shing Yee,9470,26000,16530
Ümit Ünal,14011,30516,16505
Iñaki Dorronsoro,3620,20090,16470
Ben Shelton,39422,55890,16468
Rodrigo H. Vila,484,16920,16436
Sophie Deraspe,2272,18700,16428
Jake Paltrow,87530,103930,16400
Johannes Nyholm,11690,28080,16390
Wei Tung,6861,23236,16375
Gabriele Muccino,12904,29250,16346
Wanuri Kahiu,16800,33120,16320
Claude Chabrol,6234,22550,16316
Diego Cohen,9832,26070,16238
Gregory Hatanaka,9992,26201,16209
Tinto Brass,47250,63450,16200
David Caffrey,21770,37960,16190
Vladan Nikolic,3417,19601,16184
Jay Anania,936,17110,16174
Richard Linklater,235450,251590,16140
Ali Zamani,3862,19890,16028
Mukunda Michael Dewil,143928,159840,15912
Kevin Allen,64290,80199,15909
Amal Neerad,29120,45012,15892
Miroslav Lekic,13021,28904,15883
Soi Cheang,1711,17590,15879
Vivian Qu,9105,24960,15855
Ognjen Glavonic,1967,17810,15843
Andreas Dresen,5463,21290,15827
Mora Stephens,65174,80970,15796
Grímur Hákonarson,915,16690,15775
Steven Schachter,21200,36950,15750
Jane Simpson,2350,18060,15710
Ella Lemhagen,17750,33396,15646
János Szász,3294,18875,15581
Robert Hall,29048,44608,15560
Rafael Eisenman,2195,17750,15555
Sijie Dai,295,15796,15501
Stephen Bradley,2960,18450,15490
Yoshihiro Nakamura,2325,17804,15479
Julie Davis,10998,26460,15462
Letia Clouston,6572,22026,15454
Chang-min Choo,3666,19112,15446
Stephan Elliott,11540,26980,15440
Péter Bergendy,19012,34430,15418
Edoardo Leo,6548,21952,15404
Christopher Alender,63388,78780,15392
Kei Kumai,754,16080,15326
Amanda Sthers,50138,65449,15311
Ozan Açiktan,39770,55050,15280
K.C. Bascombe,2990,18249,15259
Christian Vincent,8884,24110,15226
Tosca Musk,11072,26292,15220
Sophie Letourneur,1826,17040,15214
Wi Ding Ho,6562,21730,15168
Alex Steyermark,20640,35795,15155
Des McAnuff,28430,43554,15124
Dieter Berner,248,15340,15092
Sturla Gunnarsson,5672,20753,15081
Paul Dugdale,4520,19594,15074
Naomi Kawase,4788,19830,15042
Benjamin Ree,28249,43270,15021
Vikram Gandhi,61956,76920,14964
Matthieu Delaporte,5450,20410,14960
Atul Sabharwal,44914,59870,14956
Yesim Ustaoglu,14185,29130,14945
Nora Fingscheidt,134035,148900,14865
Giacomo Campiotti,2350,17190,14840
Stefan Westerwelle,1083,15890,14807
Bill Morrison,6814,21570,14756
J.C. Chandor,1451740,1466480,14740
Aleksey Balabanov,7890,22600,14710
Caroline Vignal,23136,37840,14704
Karl Mueller,44090,58790,14700
Renzo Martinelli,5603,20300,14697
Liz Gill,2812,17500,14688
Aaron Woodley,8225,22900,14675
Pat O'Connor,2570,17240,14670
Bertrand Bonello,11366,26020,14654
Kiyoshi Kurosawa,3876,18510,14634
Takahiro Imamura,7730,22320,14590
Andrzej Zulawski,7390,21960,14570
Vadim Shmelyov,4334,18900,14566
Denys Arcand,28360,42800,14440
Jan P. Matuszynski,34216,48640,14424
Harold Cronk,11606,26022,14416
Brian Crano,35002,49410,14408
Xiao Feng,33638,48020,14382
Ethan Hawke,22180,36530,14350
Ron Bonk,1699,16044,14345
Yu-Hsun Chen,4738,19080,14342
Jed Weintrob,15368,29640,14272
Ian Edelman,33770,48010,14240
James C.E. Burke,2330,16532,14202
Bahram Tavakoli,10555,24748,14193
Michal Marczak,4446,18630,14184
Simon Hunter,13220,27400,14180
Fernando Fragata,8811,22990,14179
Anne Fontaine,6293,20470,14177
Ui-Seok Kim,540,14670,14130
Joji Matsuoka,1270,15381,14111
Kate Melville,19535,33640,14105
Felix Randau,15600,29690,14090
S.V. Krishna Reddy,559,14619,14060
Marco Bonfanti,13280,27340,14060
Rob Meltzer,126596,140650,14054
Peter Ho-Sun Chan,4006,18022,14016
Mickey Keating,14800,28811,14011
Jean-Luc Godard,16030,29990,13960
Mohamed Diab,48130,62040,13910
Robert Kurtzman,12950,26830,13880
William Nicholson,48270,62150,13880
Balaji Mohan,21004,34870,13866
Mandie Fletcher,29274,43120,13846
David Trueba,7027,20860,13833
Neil Johnson,11517,25344,13827
Jon Garcia,25663,39470,13807
Kourosh Ahari,20986,34760,13774
Edouard Deluc,10048,23810,13762
Pedro Costa,11010,24740,13730
Jon Sherman,22092,35800,13708
Norberto López Amado,15265,28970,13705
Tennyson Bardwell,30655,44340,13685
João Pedro Rodrigues,23978,37660,13682
Rowan Athale,42470,56090,13620
Chad Burns,23846,37430,13584
Philippe Lacôte,15170,28730,13560
Daniel Monzón,10420,23940,13520
Jae-gon Son,4709,18220,13511
Gregory Dark,3260,16750,13490
Han Jae-rim,11265,24750,13485
Peter A. Dowling,34920,48350,13430
Axel Sand,10865,24280,13415
Denis Côté,1681,15080,13399
Ahmad Reza Darvish,1056,14450,13394
Brandon Nutt,24298,37690,13392
Petra Biondina Volpe,17100,30490,13390
Alessio Liguori,4752,18130,13378
Kjell-Åke Andersson,4126,17504,13378
Marcel Sarmiento,9208,22560,13352
Dave Schram,15104,28450,13346
Esteban Sapir,32913,46230,13317
Wolfgang Becker,2030,15320,13290
Reto Salimbeni,20624,33900,13276
Pierre-François Martin-Laval,5005,18190,13185
Hans Steinbichler,3266,16450,13184
Masayuki Suzuki,7788,20962,13174
Gavin Lin,501,13650,13149
Gary Wang,3140,16270,13130
Valerie Breiman,9004,22060,13056
Nae Caranfil,13538,26594,13056
Emily Atef,2435,15490,13055
Matt Wolf,8542,21590,13048
Nick Vallelonga,1560,14592,13032
Tristan Price,8549,21573,13024
Karthik Subbaraj,106600,119580,12980
Ji-Yeong Hong,3545,16490,12945
Reg Traviss,9990,22920,12930
Craig Lahiff,7205,20130,12925
Alankrita Shrivastava,65863,78690,12827
Jeremy Sims,24842,37650,12808
Vash,6434,19230,12796
Xavier Giannoli,5885,18680,12795
Tuva Novotny,11650,24440,12790
Adam Rifkin,36390,49150,12760
Richard Gray,36422,49170,12748
Konstantin Statskiy,5594,18330,12736
Reverge Anselmo,7238,19970,12732
Dmitriy Meskhiev,1080,13754,12674
Mark Murphy,4332,16970,12638
Cheol-ha Lee,4524,17160,12636
Francesco Rosi,5700,18320,12620
Cédric Kahn,778,13350,12572
Eva Isaksen,6483,19016,12533
Goran Radovanovic,369,12885,12516
Hervé Renoh,5460,17950,12490
Ha Yoo,8486,20970,12484
Rodrigo Sepúlveda,2508,14970,12462
Stacy Cochran,11348,23808,12460
Kirill Mikhanovsky,9674,22130,12456
Rod Hardy,112033,124470,12437
Branko Schmidt,1963,14375,12412
Louis-Julien Petit,3760,16170,12410
Mijke de Jong,2555,14952,12397
Keith Parmer,21788,34180,12392
Bobby Boermans,10760,23126,12366
Benjamin Heisenberg,7883,20244,12361
Adam Salky,44900,57220,12320
Marc Hampson,637,12945,12308
Andrew Cohn,29864,42150,12286
Dallas Jenkins,15358,27614,12256
Tim Kirkby,110217,122450,12233
Leslie Greif,18110,30330,12220
Cherie Nowlan,7370,19590,12220
Harold Becker,275550,287710,12160
Tony Gatlif,11500,23650,12150
Muayad Alayan,1040,13170,12130
Richard Wong,31982,44110,12128
Yong-ho Son,11192,23320,12128
Sanaa Hamri,144750,156860,12110
Stere Gulea,5550,17660,12110
Manouchehr Hadi,842,12936,12094
Rusty Nixon,6170,18246,12076
Midi Z,1193,13260,12067
Olivier Masset-Depasse,8016,20060,12044
Joel Viertel,43280,55320,12040
Arnaud Lemort,13178,25210,12032
Lili Horvát,15880,27880,12000
Conor McMahon,23410,35390,11980
Cédric Jimenez,123080,135020,11940
Kar Lok Chin,2559,14470,11911
Vanessa Jopp,6230,18140,11910
David Batty,9782,21680,11898
Rob Stefaniuk,29965,41856,11891
Joe Robert Cole,31955,43820,11865
Tim Trachte,4042,15902,11860
Harmesh Malhotra,1312,13164,11852
Scott Cooper,948540,960360,11820
Ariel Zeitoun,6654,18460,11806
Clement Virgo,2240,14030,11790
Sam Feder,49182,60970,11788
Guido Chiesa,2718,14500,11782
Antonello Grimaldi,14162,25944,11782
John McKay,39630,51410,11780
Eoin Macken,2292,14060,11768
Guy Maddin,16410,28162,11752
Phillip Guzman,14920,26655,11735
Anne Zohra Berrached,6160,17870,11710
Charles McDougall,7070,18780,11710
Lucien Jean-Baptiste,18325,30030,11705
Hari Sama,2622,14320,11698
Harvey Kahn,7470,19160,11690
Charles-Olivier Michaud,4850,16510,11660
Herman Yau,1265,12912,11647
Michael Schroeder,2710,14356,11646
Marie Kreutzer,2389,14010,11621
Elie Wajeman,6754,18360,11606
Carine Tardieu,8158,19740,11582
Borja Cobeaga,16975,28527,11552
Robert Downey Sr.,5390,16930,11540
Pirjo Honkasalo,1100,12630,11530
Jonas Carpignano,17930,29460,11530
Nicolas Pariser,15965,27470,11505
Jenõ Hódi,2659,14150,11491
Vicky Wight,46288,57770,11482
Sinan Çetin,22966,34444,11478
Jon Wright,65470,76920,11450
Konstantin Maksimov,8480,19910,11430
Serge Bozon,5181,16600,11419
Ant Horasanli,6179,17560,11381
Rob Spera,550,11922,11372
Kristina Buozyte,17305,28630,11325
Riccardo Milani,3409,14730,11321
Lawrence Fowler,16230,27550,11320
Masaya Fujimori,10119,21434,11315
Mark Hartley,46980,58293,11313
D. Kerry Prior,101937,113250,11313
Marius Holst,6980,18290,11310
Roberto Sneider,12178,23480,11302
Guillaume Senez,4880,16140,11260
Anders Refn,6392,17590,11198
John Mackenzie,16540,27720,11180
Aigars Grauba,14138,25310,11172
Jae-geun Yoon,10000,21160,11160
Icíar Bollaín,9295,20410,11115
Jun'ichi Mori,5554,16660,11106
Dan Ireland,40470,51570,11100
Saeed Roustayi,176260,187360,11100
Olivier Abbou,21773,32850,11077
Sheldon Wilson,2420,13490,11070
Niall Johnson,4710,15770,11060
Emanuele Crialese,21094,32150,11056
Stéphane Brizé,11132,22180,11048
Wayne Isham,4643,15660,11017
Susan Seidelman,10728,21690,10962
Gaurav Seth,1672,12600,10928
Frederikke Aspöck,3360,14278,10918
George Ovashvili,13450,24340,10890
Carl Reiner,29990,40870,10880
Mohamed Khan,4466,15342,10876
Willard Carroll,8740,19600,10860
Jonás Trueba,4853,15710,10857
Ivan Calbérac,4710,15560,10850
Ulrich Seidl,1794,12620,10826
Tolga Örnek,13090,23912,10822
Jorge Ramírez Suárez,5143,15951,10808
César Rodrigues,18899,29680,10781
Dong-won Kim,7023,17790,10767
Shinsuke Sato,30840,41600,10760
Ayumu Watanabe,26455,37180,10725
Liang Zhao,1426,12150,10724
Narges Abyar,21076,31798,10722
Jun Ichikawa,677,11394,10717
Álvaro Fernández Armero,4916,15630,10714
Alan Brown,18080,28780,10700
Sergey Loznitsa,1954,12640,10686
Jem Cohen,3730,14400,10670
Rohan Sippy,32736,43395,10659
Heung-sun Jeong,2973,13620,10647
Roberto Faenza,2684,13310,10626
Jang Sun-woo,1338,11960,10622
Mark Jenkin,42601,53220,10619
Daniel Adams,2068,12662,10594
Derek Jarman,15188,25779,10591
Jerzy Skolimowski,10116,20700,10584
Justin Steele,8210,18750,10540
Alex Kendrick,46740,57280,10540
Angela Schanelec,1488,12020,10532
John V. Soto,31190,41721,10531
Haofeng Xu,6730,17248,10518
Christopher Menaul,6050,16530,10480
Venkat Prabhu,21513,31979,10466
Sam Macaroni,15270,25730,10460
Birger Larsen,2596,13035,10439
Christian Schwochow,4000,14430,10430
Robert Marcarelli,2943,13372,10429
Sudabeh Mortezai,1728,12152,10424
Emmanuel Finkiel,3450,13860,10410
Nicolas Benamou,26456,36830,10374
Cathy Garcia-Sampana,3534,13870,10336
Andrew van den Houten,20690,31010,10320
Raymond Martino,1098,11410,10312
Mitsutoshi Tanaka,1190,11485,10295
Giorgio Diritti,6965,17260,10295
Jacques Doillon,4166,14430,10264
Miwa Nishikawa,8232,18430,10198
Kodi Ramakrishna,453,10643,10190
Kyu-sung Jang,2988,13170,10182
Mark Joffe,22160,32330,10170
Tony Chan,2184,12350,10166
Yong-gyun Kim,12645,22800,10155
Ngai Choi Lam,10850,21003,10153
Annette K. Olesen,8316,18460,10144
Lola Doillon,6138,16280,10142
Antonio Tublen,11406,21540,10134
Matt Shapira,8318,18440,10122
Blaine Thurier,10556,20630,10074
Mani Haghighi,12901,22970,10069
Ning Hao,6107,16170,10063
Jerry Rothwell,1413,11460,10047
Junfeng Boo,8136,18180,10044
Scott Teems,26409,36450,10041
G.J. Echternkamp,2317,12350,10033
Philip Ridley,93780,103800,10020
John Bradshaw,1810,11818,10008
Marcel Walz,1662,11665,10003
Craig Clyde,2374,12360,9986
Mai Masri,1032,11000,9968
Antony Szeto,6245,16212,9967
Ira Sachs,10032,19990,9958
Gustavo Ron,8484,18420,9936
Chris Ver Wiel,39946,49880,9934
Alexis Dos Santos,15910,25840,9930
Barry W. Blaustein,94870,104790,9920
Stefano Mordini,2712,12626,9914
Waymon Boone,8790,18700,9910
Paolo Barzman,4675,14580,9905
Scott Ziehl,8780,18684,9904
Andy Garcia,89468,99360,9892
Alain Gomis,1652,11530,9878
Alexs Stadermann,13756,23630,9874
Ebrahim Hatamikia,13893,23746,9853
Tom Nagel,17664,27510,9846
Yôichi Sai,1317,11160,9843
Andrew Bowler,88642,98480,9838
Lee Han,19925,29760,9835
Damion Dietz,2621,12432,9811
Pierre Schoeller,5660,15460,9800
José Pepe Bojórquez,4780,14571,9791
Tristán Bauer,489,10279,9790
Javier Ruiz Caldera,32390,42180,9790
Joyce Bernal,510,10294,9784
Jeff Stanzler,5630,15390,9760
Martin Lund,2640,12380,9740
Tim Kirkman,10080,19810,9730
Satoshi Kon,965570,975300,9730
Kristoffer Tabori,8254,17950,9696
Randa Haines,59270,68940,9670
Sandra Wollner,4885,14510,9625
Henning Carlsen,1728,11310,9582
Donald Farmer,2655,12212,9557
Sooraj R. Barjatya,226110,235660,9550
Óskar Thór Axelsson,43650,53180,9530
J. Christian Ingvordsen,1100,10624,9524
Gonzalo Tobal,15796,25320,9524
Peter Richardson,16570,26090,9520
J.Q. Lee,9930,19440,9510
Monique Gardenberg,4168,13642,9474
Kim Mordaunt,22566,32040,9474
Harry Basil,5475,14944,9469
Renaud Gauthier,21806,31270,9464
N. Chandra,2695,12146,9451
Gregory Orr,7680,17130,9450
Tony Ayres,4846,14289,9443
Matthew Newton,3581,13020,9439
Homayoon Ass'adian,491,9927,9436
Robert Sarkies,11630,21054,9424
Rohit Jugraj,6854,16276,9422
Britt Allcroft,38428,47840,9412
Rob Diamond,1275,10682,9407
Gianfranco Rosi,3834,13240,9406
Jun'ya Satô,7797,17184,9387
Daming Chen,504,9885,9381
Sicheng Chen,22350,31730,9380
Michael Steinberg,24990,34370,9380
Alejandro Montiel,22042,31420,9378
Danielle Arbid,1835,11210,9375
Elbert van Strien,14510,23870,9360
Emmanuelle Bercot,5770,15130,9360
Svetozar Ristovski,10667,20025,9358
Kelvin Tong,9569,18925,9356
Darin Ferriola,8384,17739,9355
Lydia Dean Pilcher,84428,93760,9332
Daniel Nolasco,3630,12960,9330
Alistair Banks Griffin,24452,33770,9318
Nikos Grammatikos,4372,13679,9307
Josef Rusnak,3424,12717,9293
Justin McConnell,6023,15300,9277
Véra Belmont,2394,11650,9256
José Luis Cuerda,3123,12366,9243
Ron Carlson,5386,14590,9204
Petr Jákl,13309,22500,9191
Julian Fellowes,46580,55770,9190
Emma Dante,6580,15770,9190
Volodymyr Tykhyy,488,9651,9163
Reza Mirkarimi,4147,13292,9145
Keoni Waxman,2039,11160,9121
Maria Ramos,1302,10412,9110
Anca Damian,4504,13600,9096
David Raynr,24846,33935,9089
Ping He,5814,14901,9087
Im Sang-soo,3653,12701,9048
Jefery Levy,2558,11604,9046
Chayanop Boonprakob,21456,30500,9044
Yun-su Jeon,1180,10220,9040
André van Duren,2994,12010,9016
Steven Cantor,1869,10881,9012
Lee Myung-se,664,9675,9011
Catherine Breillat,3922,12920,8998
James Merendino,1540,10528,8988
Charlie Steeds,4925,13913,8988
Ibolya Fekete,2856,11810,8954
Tom Waller,3036,11980,8944
Todd Rohal,12300,21236,8936
Rafi Pitts,1973,10898,8925
Greg Carter,1215,10134,8919
Gustav Deutsch,1209,10120,8911
Pedro Aguilera,4072,12960,8888
Jesper W. Nielsen,1794,10670,8876
Lena Koppel,8180,17043,8863
Glenn Gers,15098,23960,8862
Adina Pintilie,21498,30330,8832
Shin'ichirô Sawai,240,9050,8810
Jaime Eliezer Karas,18129,26930,8801
Massoud Bakhshi,2105,10880,8775
Gillian Armstrong,4750,13517,8767
Daniele Vicari,4847,13611,8764
Michiel van Erp,884,9636,8752
Sérgio Graciano,2934,11685,8751
Maciej Kawulski,30726,39468,8742
Dawn Porter,7032,15752,8720
Nils Tavernier,5862,14580,8718
Fernando Sariñana,5439,14155,8716
Yulene Olaizola,2415,11120,8705
Robinson Devor,15262,23958,8696
Dominik Graf,5780,14473,8693
Albert Serra,5370,14050,8680
Debbie Allen,22459,31120,8661
Pema Tseden,1038,9690,8652
Salvador García Ruiz,7155,15780,8625
Gitta Gsell,5887,14500,8613
Jeroen Krabbé,30030,38630,8600
H.M. Coakley,11010,19610,8600
Fien Troch,4006,12600,8594
Oskar Roehler,2691,11280,8589
Perry Lang,37172,45730,8558
Thierry Donard,547,9086,8539
Stephen Johnson,16594,25130,8536
Nurbek Egen,755,9290,8535
Alonso Ruizpalacios,51270,59800,8530
Arto Halonen,173,8674,8501
Marco Filiberti,16976,25460,8484
Dante Lam,1973,10450,8477
Argyris Papadimitropoulos,48405,56860,8455
Ivan Silvestrini,15670,24112,8442
Andrea Pallaoro,5730,14150,8420
Wellson Chin,830,9236,8406
Takahiro Miki,6806,15198,8392
Rose Bosch,32589,40980,8391
Marilyn Agrelo,35540,43930,8390
Park Jin-Pyo,5060,13442,8382
Claude Lelouch,5820,14200,8380
Patricia Cardoso,66163,74495,8332
Michele Placido,1538,9833,8295
Jian Liu,14052,22340,8288
Ruba Nadda,16764,25040,8276
Princeton Holt,3846,12120,8274
Ali F. Mostafa,13905,22170,8265
Victor Vu,1961,10204,8243
Daniel Farrands,21085,29318,8233
Josh Greenbaum,18798,27030,8232
Matthew Ninaber,15660,23860,8200
Márta Mészáros,2590,10786,8196
Andrey Proshkin,1546,9728,8182
Hugo Stuven,24388,32560,8172
Allan Harmon,7780,15940,8160
Myriam Aziza,11375,19520,8145
Unjoo Moon,21110,29240,8130
Lech Majewski,3318,11430,8112
Christopher Papakaliatis,84280,92370,8090
Zalman King,18770,26820,8050
Matthias Glasner,1418,9468,8050
Patricio Guzmán,1286,9330,8044
Murat Seker,18778,26819,8041
Adam Egypt Mortimer,28290,36330,8040
Giedre Zickyte,2440,10470,8030
José Eduardo Belmonte,3054,11082,8028
Hao Zhou,749,8740,7991
Murray Fahey,1454,9410,7956
Jong-kwan Kim,1398,9340,7942
Emin Alper,40054,47980,7926
Paprika Steen,8520,16440,7920
Tara Miele,11640,19510,7870
Sang-Hyo Yook,1155,9020,7865
Sean Hanish,9236,17090,7854
Padraig Reynolds,23080,30930,7850
Antonio Chavarrías,1558,9400,7842
Teja,5327,13164,7837
Shunsuke Tada,3024,10860,7836
Kwang-hoon Lee,918,8750,7832
Stephan Komandarev,568,8371,7803
Enzo Monteleone,7559,15361,7802
Richard Lowry,1614,9402,7788
Gilles Béhat,6494,14280,7786
Ron Oliver,2090,9870,7780
Helena Bergström,14416,22182,7766
Franco Amurri,57670,65420,7750
Colette Burson,18420,26160,7740
Daniele Luchetti,6499,14220,7721
Craig Bolotin,31840,39560,7720
John Asher,14510,22230,7720
Filip Bajon,2115,9830,7715
Camille Delamarre,441640,449350,7710
Salomé Breziner,5635,13345,7710
Florian Habicht,1052,8752,7700
Henrik Martin Dahlsbakken,10496,18188,7692
Lou Simon,8600,16283,7683
Sam Loh,6470,14150,7680
Yen Tan,17545,25220,7675
Craig Goodwill,10356,18030,7674
Dominique Monfery,2430,10100,7670
Zara Hayes,69019,76670,7651
Quentin Lee,4629,12264,7635
Lucie Borleteau,9100,16690,7590
Sophie Hyde,15410,22990,7580
Alki David,12080,19636,7556
Robert Young,2630,10184,7554
Bob Byington,2590,10141,7551
Jérôme Bonnell,4430,11976,7546
Gerardo Herrero,2580,10110,7530
Pupi Avati,1319,8848,7529
Alejandro Fadel,3256,10780,7524
Ryan White,21160,28680,7520
Alê Abreu,68671,76190,7519
Bryan Poyser,2805,10320,7515
Sion Sono,2226,9720,7494
Nicholas Humphries,8951,16420,7469
Constantin Popescu,5856,13318,7462
Pandiraj,9895,17340,7445
Claudio Noce,4976,12420,7444
Nicolas Klotz,429,7872,7443
Katsuyuki Motohiro,5826,13212,7386
Katia Lewkowicz,2088,9460,7372
Doug Campbell,4170,11540,7370
Romain Gavras,42180,49540,7360
David Lam,560,7910,7350
Evan Oppenheimer,3074,10420,7346
Angeliki Antoniou,366,7708,7342
Massimo Venier,23974,31314,7340
Terry Miles,4132,11462,7330
Nils Malmros,5622,12950,7328
Alicia Scherson,4284,11610,7326
Martin Schreier,14204,21530,7326
Mohsen Makhmalbaf,3787,11112,7325
Jeremy Podeswa,19746,27050,7304
Alan Rudolph,14890,22168,7278
Nikolaus Leytner,12866,20140,7274
Marc Dugain,5850,13120,7270
John L'Ecuyer,1643,8908,7265
Syamsul Yusof,1680,8944,7264
Steve Gomer,12236,19490,7254
Todor Chapkanov,10040,17290,7250
Yoo-jin Kim,1692,8940,7248
Harry Sinclair,3960,11208,7248
Peter Svatek,8860,16099,7239
Nicole Garcia,3405,10640,7235
Dae-gyu Kang,9543,16770,7227
Ryan Callaway,3283,10494,7211
Rodrigue Jean,1882,9090,7208
Isaac Ezban,43450,50620,7170
Edgar Reitz,8255,15420,7165
Salvador Simó,17358,24510,7152
Philippe Le Guay,5025,12150,7125
Eisuke Naitô,1516,8641,7125
Olivia M. Lamasan,1104,8224,7120
Dominic Savage,17490,24610,7120
Jason Alexander,5550,12669,7119
Gavin Grazer,64117,71210,7093
Jean-François Laguionie,5300,12380,7080
Kunle Afolayan,3431,10510,7079
Andrew Prowse,2240,9315,7075
Eric Barbier,984,8050,7066
Thomas Clay,11274,18340,7066
Miguel Gomes,10088,17144,7056
Silvio Soldini,1386,8440,7054
Jeffrey Nachmanoff,414749,421800,7051
Dan Sallitt,2560,9600,7040
Johnnie To,2232,9258,7026
Jérémie Guez,18930,25940,7010
Catherine Cyran,4798,11800,7002
Stanley Tucci,53840,60820,6980
Daniel D'Or,2950,9870,6920
Daniela Goggi,19932,26840,6908
Anahí Berneri,6739,13620,6881
Matías Gueilburt,552,7400,6848
Semih Kaplanoglu,5147,11990,6843
Dominga Sotomayor,7210,14050,6840
Carl Strathie,37720,44550,6830
K. Selvaraghavan,43314,50143,6829
Bernardo Arellano,404,7210,6806
Joaquín Oristrell,3540,10326,6786
Tim Blake Nelson,43577,50360,6783
Attila Till,31786,38560,6774
Angga Dwimas Sasongko,3611,10336,6725
Kim Bass,3210,9920,6710
Robert Greene,3424,10120,6696
Sasi,14573,21264,6691
Antonio Hens,15090,21764,6674
Fabien Constant,11238,17910,6672
Wai-Man Yip,4033,10700,6667
Peter Lindmark,15894,22560,6666
Richard Gabai,6760,13416,6656
Dani de la Orden,13624,20270,6646
Gerardo Vera,5115,11754,6639
Mick Davis,14260,20890,6630
Erik Gustavson,5992,12615,6623
Marina Seresesky,7590,14210,6620
Hernán Jiménez,5239,11830,6591
Ulrich Köhler,6420,13000,6580
Joseph Merhi,2344,8903,6559
Peter Bebjak,1280,7834,6554
Han Han,17190,23740,6550
Jeanne Herry,19660,26190,6530
Gillies MacKinnon,13260,19790,6530
Kim Hong Sun,10488,17010,6522
Antonio Morabito,10685,17190,6505
K.S. Ravikumar,748,7240,6492
Tyler Russell,4033,10520,6487
Eugene Jarecki,6274,12760,6486
Randall Cole,15842,22320,6478
Eric Eason,21041,27500,6459
John Shepphird,5230,11680,6450
Viesturs Kairiss,470,6912,6442
Mariana Rondón,17931,24360,6429
Hiroyuki Imaishi,45944,52360,6416
Paul Goldman,9044,15450,6406
Kim Longinotto,785,7180,6395
Minhal Baig,23919,30310,6391
Lonny Price,5830,12210,6380
Curtis Vowell,11520,17900,6380
Park Hoon-jung,82108,88480,6372
Julia Solomonoff,5239,11610,6371
Shyamaprasad,2611,8982,6371
Bent Hamer,9580,15950,6370
Joe Tornatore,1272,7640,6368
Pablo Fendrik,2815,9180,6365
François Favrat,4614,10970,6356
Andrew Piddington,1920,8270,6350
Daniel Burman,5808,12156,6348
Jerrold Tarog,3246,9580,6334
Roman Coppola,50970,57290,6320
Ruud Schuurman,1264,7580,6316
Tomonori Sudô,20202,26500,6298
Wing-Cheong Law,3475,9744,6269
Paul Wittenberger,1298,7558,6260
Woon-hak Baek,14140,20398,6258
Philip J. Jones,486,6740,6254
Jack Ersgard,5005,11240,6235
Eric Schaeffer,43300,49530,6230
Ursula Macfarlane,25856,32080,6224
Yannis Economides,21444,27668,6224
Edwin,3052,9268,6216
Yukihiko Tsutsumi,968,7178,6210
German Kral,950,7160,6210
Ivan Ostrochovský,3750,9950,6200
Santi Amodeo,4002,10196,6194
Margus Paju,6300,12470,6170
Diego Kaplan,11472,17630,6158
Elisa Fuksas,6782,12933,6151
Róbert I. Douglas,2325,8474,6149
Mostafa Kiaei,8405,14550,6145
Óskar Jónasson,9562,15686,6124
Christopher Cantwell,24688,30810,6122
Brenton Spencer,5720,11825,6105
Nobuhiko Ôbayashi,2985,9084,6099
Dana Lustig,5010,11104,6094
Frederick Wiseman,1156,7230,6074
Michelle Schumacher,11928,18000,6072
Siu-Hung Leung,936,6984,6048
Alex Lehmann,148413,154460,6047
Udi Aloni,1344,7380,6036
Nihat Durak,17068,23090,6022
Audrius Juzenas,5440,11440,6000
Erin Lee Carr,28564,34540,5976
Dustin Rikert,3528,9500,5972
Nick Broomfield,16179,22140,5961
Nicos Perakis,4556,10504,5948
Jean-Paul Civeyrac,1020,6960,5940
Carlos Carrera,4583,10500,5917
Heung-sik Park,3266,9180,5914
Gopal B.,1542,7445,5903
Marc Price,10061,15950,5889
Everardo González,962,6836,5874
Jennifer Peedom,28265,34138,5873
Ronnie Sandahl,10448,16320,5872
Naoko Yamada,22760,28620,5860
Scott McGinnis,3620,9480,5860
Gracia Querejeta,1929,7776,5847
Austin Chick,33610,39410,5800
Alex McAulay,52227,58020,5793
Theo van Gogh,4185,9977,5792
Édouard Molinaro,8921,14710,5789
Sherif Arafa,11378,17164,5786
Yoon-ki Lee,4757,10522,5765
Hayley Cloake,8180,13940,5760
Javier Fesser,43360,49113,5753
Philip Saville,36460,42210,5750
Bill Bennett,21340,27082,5742
Virpi Suutari,1380,7120,5740
Chantal Akerman,5274,11010,5736
Rachel Lee Goldenberg,70170,75892,5722
Étienne Faure,3476,9190,5714
Sylvia Chang,2684,8394,5710
Masato Harada,4105,9815,5710
Kang Woo-suk,1310,7010,5700
Nicholas Winter,1737,7424,5687
Israel Luna,3882,9546,5664
Kan Eguchi,22772,28430,5658
Je-yong Lee,5490,11145,5655
Hüseyin Tabak,2037,7684,5647
Sandip Ray,2469,8108,5639
Nikolay Khomeriki,2527,8152,5625
Neil Jones,2272,7878,5606
Dito Tsintsadze,1152,6737,5585
Casper Andreas,9062,14641,5579
Matthias X. Oberg,2251,7797,5546
Julius Sevcík,5127,10660,5533
Mark Cousins,2308,7825,5517
Rory Kennedy,10420,15907,5487
Tôru Kamei,168,5640,5472
Tom Donahue,11532,16993,5461
B. Harrison Smith,8266,13710,5444
V.V. Vinayak,14088,19531,5443
Sebastian del Amo,21975,27410,5435
Yôjirô Takita,1271,6702,5431
Isaki Lacuesta,2552,7980,5428
Eric Bross,5234,10660,5426
Chinonye Chukwu,49068,54490,5422
João Canijo,1665,7080,5415
Andrés Wood,4118,9530,5412
Ina Weisse,7998,13380,5382
Tobe Hooper,15640,21020,5380
Patrick Leung,1516,6887,5371
Parviz Shahbazi,2162,7529,5367
Ben Cookson,13565,18920,5355
Gary J. Tunnicliffe,15520,20870,5350
Rikiya Imaizumi,318,5662,5344
Andrés Couturier,2999,8340,5341
Waldemar Krzystek,2316,7650,5334
Shinobu Yaguchi,3120,8450,5330
Robert Ginty,1580,6910,5330
Jordi Llompart,3314,8634,5320
Sonia Anderson,1160,6476,5316
Gerry Lively,3130,8444,5314
Denis Delic,19150,24460,5310
Jaime Rosales,8364,13670,5306
Eiji Uchida,1404,6710,5306
Michal Aviad,639,5940,5301
Timothy Greenfield-Sanders,3722,9020,5298
Håvard Bustnes,921,6210,5289
Sreenu Vaitla,10271,15556,5285
David Petrucci,8406,13690,5284
Rainer Matsutani,4080,9360,5280
Cécile Telerman,10170,15440,5270
Larry Fessenden,14354,19620,5266
Laurent Cantet,17546,22810,5264
Ross MacGibbon,479,5740,5261
Sergiu Nicolaescu,3300,8554,5254
Jesper Ganslandt,29580,34820,5240
Anton Bormatov,10640,15880,5240
Karen Moncrieff,37070,42300,5230
Greg Zglinski,2998,8228,5230
Giorgio Bruno,2750,7972,5222
Juraj Herz,870,6089,5219
Feliks Falk,2600,7819,5219
Dariusz Gajewski,2473,7690,5217
Marc Evans,4593,9798,5205
Shô Tsukikawa,318,5502,5184
Dominique Farrugia,7111,12280,5169
Michael A. Nickles,1575,6720,5145
V.K. Prakash,939,6069,5130
Richard Lanni,20578,25700,5122
Baoping Cao,10709,15830,5121
Thomas Arslan,2560,7681,5121
Ody C. Harahap,603,5720,5117
Ralph Hemecker,4130,9240,5110
Ramesh Sippy,13485,18594,5109
Brian Brough,13028,18136,5108
Aly Muritiba,1744,6850,5106
Markus Imhoof,5064,10168,5104
Priyadarshan,10296,15394,5098
Christian Frosch,1475,6559,5084
Daryl Wein,7158,12227,5069
Maximiliano Contenti,20502,25570,5068
Kevan Peterson,3522,8577,5055
Patrick Dewolf,6028,11080,5052
Visar Morina,6471,11520,5049
Dzintars Dreibergs,45469,50500,5031
Akiko Ôku,891,5913,5022
Arsen A. Ostojic,16425,21438,5013
Andrew Goth,7580,12590,5010
Jens Jonsson,12400,17410,5010
Peter Flinth,7020,12022,5002
Christina Rosendahl,10041,15040,4999
Sung-Hong Kim,982,5970,4988
Cedric Sundstrom,33832,38819,4987
Gilles Bourdos,9571,14554,4983
Kieron J. Walsh,13340,18320,4980
Gianni Amelio,10020,14995,4975
Pascale Bailly,20172,25130,4958
Alan Mak,1010,5960,4950
Dmitriy Grachev,8684,13630,4946
Berit Nesheim,3896,8836,4940
Hideo Jôjô,861,5796,4935
Marcus Lindeen,5574,10500,4926
Rustem Abdrashev,2041,6960,4919
Gonzalo Calzada,2451,7360,4909
Taneli Mustonen,11526,16427,4901
Reza Dormishian,12316,17214,4898
Lisa Ohlin,2005,6901,4896
Farah Khan,404340,409180,4840
Gábor Herendi,48689,53516,4827
Paul Borghese,3754,8578,4824
Vasiliy Chiginskiy,4946,9760,4814
Israel Adrián Caetano,13368,18180,4812
Alessandro Capone,1650,6460,4810
Arthur Egeli,1067,5872,4805
Ludovico Di Martino,43516,48320,4804
Asli Özge,4948,9750,4802
Morten Arnfred,1210,5990,4780
Andrey Paounov,2345,7120,4775
Margarethe von Trotta,914,5680,4766
Jan Verheyen,3715,8468,4753
Hyuk Byun,8212,12960,4748
Michael Haussman,35025,39766,4741
Kim Tae-yong,12895,17636,4741
Kung-Lok Lee,4560,9300,4740
Max Kestner,492,5206,4714
Suzi Yoonessi,13765,18460,4695
Vibeke Idsøe,10751,15440,4689
Ron Yuan,18874,23560,4686
Cristina Comencini,1293,5968,4675
Rakhshan Banietemad,7570,12244,4674
Niki Karimi,1912,6580,4668
Alan Jacobs,7330,11995,4665
Jake Mahaffy,3095,7750,4655
Stephen Manuel,12449,17100,4651
Yû Irie,736,5383,4647
Steve Lawson,1258,5898,4640
Peter Mimi,13882,18510,4628
Tomasz Wasilewski,14192,18810,4618
Tigran Keosayan,3530,8145,4615
Cris D'Amato,5758,10370,4612
Milos Radovic,10014,14620,4606
Joaquin Rodriguez,3708,8312,4604
Valeriy Todorovskiy,2603,7198,4595
Allan A. Goldstein,3370,7960,4590
Justin Lee,10022,14610,4588
Lee Friedlander,8202,12790,4588
Annemarie Jacir,14700,19250,4550
William Byron Hillman,1288,5830,4542
Shane Meadows,20569,25110,4541
Bobby Roth,1820,6360,4540
Claudio Cupellini,19970,24508,4538
Dan T. Hall,8271,12809,4538
Bruno Podalydès,5036,9570,4534
Eduardo Schuldt,1746,6272,4526
Yuki Tanada,4344,8850,4506
J.D. Dillard,92750,97250,4500
Philippe Faucon,1129,5618,4489
David Mackay,3202,7690,4488
Lee Jong-pil,2214,6700,4486
Leonel Vieira,4651,9136,4485
Charlotte de Turckheim,3209,7689,4480
Tamás Sas,3897,8376,4479
Andrés G. Schaer,3050,7520,4470
Satish Rajwade,5157,9618,4461
Nacho Vigalondo,689660,694110,4450
Kôji Fukada,2880,7327,4447
Mika Kaurismäki,5620,10063,4443
N. Linguswamy,8177,12620,4443
Madhur Bhandarkar,22436,26878,4442
Valerie Weiss,5160,9600,4440
Daisuke Miura,4658,9060,4402
Lawrence Roeck,48580,52980,4400
Gilles de Maistre,2346,6736,4390
Viktor Shamirov,7118,11504,4386
Ruth Beckermann,969,5350,4381
Stephan Streker,2782,7151,4369
Ermanno Olmi,5414,9780,4366
Dennis Devine,3293,7659,4366
Pepe Danquart,4932,9283,4351
Gavin Wilding,895,5240,4345
Jamie Thraves,33162,37506,4344
Kianoush Ayari,1408,5742,4334
Byron Werner,7422,11750,4328
Lidiya Bobrova,1042,5358,4316
Tayfun Pirselimoglu,6238,10552,4314
K. Madhu,879,5188,4309
Maïwenn,9426,13720,4294
Mark Mann,39009,43300,4291
Wolfgang Groos,5070,9360,4290
Eric Weston,3010,7297,4287
Zrinko Ogresta,3358,7630,4272
Mark Malone,7720,11980,4260
Sergio Manfio,1942,6190,4248
Jean-Paul Lilienfeld,3566,7808,4242
Subhash Ghai,26780,31018,4238
Paco Cabezas,17160,21390,4230
Andrey Bogatyrev,17630,21860,4230
Akiz,27603,31830,4227
Janjot Singh,30210,34430,4220
Miguel Albaladejo,6171,10386,4215
Gary Hardwick,50840,55050,4210
Serge Rodnunsky,471,4668,4197
Paul Levine,3630,7820,4190
Jens Hoffmann,15830,20013,4183
Garin Nugroho,538,4720,4182
T.C. Christensen,2196,6370,4174
Giuseppe Tornatore,44510,48680,4170
Markku Pölönen,5722,9890,4168
Maria Sødahl,21736,25900,4164
Mike Schaerer,11128,15280,4152
Albertina Carri,3634,7780,4146
Sasa Gedeon,6835,10980,4145
Travis Mathews,6604,10748,4144
Danny Huston,2820,6956,4136
Tim Disney,2174,6300,4126
Dag Johan Haugerud,4356,8460,4104
Sergio Martino,564,4662,4098
Karim Dridi,2264,6354,4090
Michael McGowan,38486,42575,4089
Kaisa Rastimo,772,4850,4078
Mathieu Weschler,10173,14250,4077
Sólveig Anspach,4167,8229,4062
Kimble Rendall,37740,41800,4060
Jonathan Glendening,17751,21807,4056
Salvador Espinosa,10804,14860,4056
Ray Yeung,11730,15760,4030
Lucas Pavetto,12467,16496,4029
Lucas Santa Ana,6258,10281,4023
Bogdan Dreyer,1280,5290,4010
Aarón Fernández Lesur,4722,8730,4008
Leonie Krippendorff,8534,12530,3996
Roger Planchon,3020,7010,3990
Bernard Rose,7960,11950,3990
Maria Lindberg,2350,6340,3990
Noah Buschel,10199,14175,3976
Carlos Therón,15502,19470,3968
Terry Green,7716,11676,3960
Philippe Garrel,5260,9220,3960
John K.D. Graham,4620,8570,3950
Konstantin Lopushanskiy,1613,5560,3947
Roberto Andò,5380,9324,3944
Hari,12416,16360,3944
Masud Kimiai,1979,5919,3940
Philippe Lesage,10282,14190,3908
Mila Turajlic,8744,12650,3906
James Cotten,27913,31818,3905
Wai-Lun Lam,2066,5970,3904
Roberto D'Antona,7861,11760,3899
Antoinette Jadaone,5094,8990,3896
Ivan Cotroneo,8678,12570,3892
James Bruce,1412,5303,3891
Markus Imboden,2939,6814,3875
Carlo Verdone,10433,14300,3867
Toshiya Shinohara,14180,18036,3856
Miguel Ángel Jiménez,825,4670,3845
G. Nageswara Reddy,2154,5997,3843
William Sachs,2160,5989,3829
Keiichi Hara,6602,10430,3828
Kongdej Jaturanrasamee,2619,6446,3827
Andreas Pichler,658,4474,3816
Julian Richards,3934,7748,3814
Jean Beaudin,6129,9938,3809
Phil Hawkins,6814,10605,3791
Michael W. Watkins,17050,20838,3788
Raghava Lawrence,14247,18018,3771
Bryan Michael Stoller,614,4385,3771
Simon Aeby,7021,10780,3759
Mark Lamprell,4862,8620,3758
Jean-Jacques Beineix,7640,11390,3750
Eddie O'Flaherty,8350,12100,3750
John Eyres,9870,13610,3740
Brett Kelly,2522,6256,3734
Joel Novoa,8338,12060,3722
Mohamed Hamidi,6920,10630,3710
Francis Whately,22200,25910,3710
Ilkka Järvi-Laturi,5532,9240,3708
Giovanni Veronesi,5112,8814,3702
Bryan Buckley,108230,111930,3700
Hernán Belón,7170,10870,3700
Govind Nihalani,2500,6198,3698
Ali Atshani,497,4190,3693
Bruce Wemple,5993,9685,3692
Mario Martone,4050,7737,3687
Daniel Schmid,1800,5477,3677
Steven Hilliard Stern,1224,4900,3676
Jeffrey W. Byrd,20417,24092,3675
Igor Legarreta,8188,11860,3672
Kenny Young,4070,7732,3662
Antonio Margheriti,1530,5190,3660
Syllas Tzoumerkas,5092,8740,3648
Carlo Mazzacurati,1642,5272,3630
Tonie Marshall,2480,6110,3630
BC Fourteen,2944,6564,3620
Vitaliy Manskiy,374,3990,3616
Lionel Steketee,8958,12570,3612
Bastian Günther,1678,5290,3612
Marc S. Grenier,2216,5823,3607
Michael Jenkins,3290,6890,3600
Olivier Baroux,8922,12510,3588
Ching-Po Wong,15360,18947,3587
Jeta Amata,2062,5649,3587
Yûichirô Hirakawa,3263,6848,3585
Vasiliy Sigarev,14375,17952,3577
Stéphane Robelin,27596,31170,3574
Raúl Ruiz,1692,5260,3568
Shunichi Nagasaki,2457,6013,3556
Louise Alston,5143,8690,3547
Deane Taylor,5405,8950,3545
Marc Gracie,3243,6784,3541
Simeon Halligan,16195,19735,3540
Lucas Belvaux,1634,5170,3536
Chi-Keung Fung,1890,5404,3514
Chad Ferrin,5282,8784,3502
Wolfgang Murnberger,17896,21392,3496
Bruce Pittman,1614,5103,3489
Bojan Vuletic,4034,7520,3486
Elena Hazanova,702,4184,3482
Michael Stevens,9190,12666,3476
Robert Lepage,16320,19790,3470
Susanna Nicchiarelli,7652,11120,3468
Guillaume Nicloux,3959,7420,3461
Nathan Morlando,46010,49470,3460
Tomer Heymann,1176,4630,3454
Paddy Breathnach,18336,21790,3454
Santiago Alvarado Ilarri,8770,12220,3450
Dee McLachlan,2592,6040,3448
P. Vasu,3119,6564,3445
Julien Abraham,5691,9130,3439
Joe Maggio,6234,9670,3436
Lee Thongkham,8525,11960,3435
Ian Barry,2726,6160,3434
Cédric Anger,3997,7430,3433
Manolo Caro,16600,20028,3428
Naoko Ogigami,16165,19580,3415
Shinji Imaoka,897,4300,3403
Pau Masó,3780,7170,3390
Sara Driver,3190,6580,3390
Roman Bondarchuk,2704,6093,3389
Jose Thomas,675,4057,3382
Shahrbanoo Sadat,3470,6850,3380
Henry Barrial,2367,5744,3377
Jeanine Meerapfel,1290,4665,3375
Mateo Gil,25980,29350,3370
Jun Lana,679,4046,3367
Frédéric Berthe,5804,9170,3366
Stefano Incerti,540,3902,3362
Hilmar Oddsson,1155,4507,3352
Robert Guédiguian,6068,9420,3352
Michal Rosa,1153,4504,3351
Krzysztof Lang,1419,4758,3339
Robert Mullan,5724,9060,3336
Russell Owen,30262,33590,3328
Richard Elfman,5056,8384,3328
Patrice Toye,5370,8690,3320
Gonzalo Suárez,2311,5629,3318
Osamu Dezaki,9952,13270,3318
Liang Ying,677,3987,3310
Miguel Llansó,7630,10940,3310
Péter Engert,12702,16010,3308
Marek Koterski,12144,15452,3308
Gunnar Vikene,6782,10090,3308
Pavel Ruminov,4484,7768,3284
Nigel Dick,5910,9181,3271
Phil Nibbelink,1148,4410,3262
Sami Saif,2340,5599,3259
James Fargo,4500,7750,3250
Gianni Zanasi,6440,9670,3230
Leung Chun 'Samson' Chiu,878,4105,3227
Keisuke Yoshida,1553,4779,3226
Samantha Lang,4420,7638,3218
Hideyuki Hirayama,1332,4546,3214
Gustavo Nieto Roa,3970,7170,3200
Craig Pryce,2610,5805,3195
Natasha Arthy,7698,10888,3190
Awi Suryadi,269,3451,3182
Alexander Voulgaris,1943,5124,3181
Michale Boganim,6050,9230,3180
John Irvin,5380,8557,3177
Daniel de la Vega,2254,5424,3170
Marco Risi,5687,8850,3163
Mohammad Hossein Latifi,2429,5575,3146
Laurent Micheli,3750,6880,3130
Chuck Workman,5466,8596,3130
Jayaraj,1521,4647,3126
Jeanne Labrune,2647,5761,3114
B. Unnikrishnan,7049,10160,3111
Marc Levin,796,3903,3107
Mel Smith,39200,42298,3098
Gary Graver,1895,4992,3097
Evgeny Ruman,3376,6470,3094
Selma Vilhunen,5766,8852,3086
Sean Garrity,2310,5390,3080
Griff Furst,14545,17624,3079
Maggie Peren,4570,7640,3070
Jon Hewitt,11131,14200,3069
Hinde Boujemaa,1524,4590,3066
Jin Xie,1187,4242,3055
Kôzô Kusuba,3132,6180,3048
Siew Hua Yeo,12212,15250,3038
Patrik-Ian Polk,6763,9798,3035
Anne Wheeler,940,3974,3034
Pierre Pinaud,8750,11780,3030
Laurent Tirard,17620,20650,3030
Jason Paul Laxamana,598,3626,3028
Jie Liu,1750,4770,3020
Daniel Cohen,13281,16290,3009
Vera Glagoleva,202,3208,3006
Peter Masterson,7390,10394,3004
David Winning,2950,5946,2996
Georges Lautner,1170,4165,2995
Thomas Vincent,3595,6588,2993
Johan Nijenhuis,17939,20920,2981
Alessandro D'Alatri,2086,5064,2978
Henrik Ruben Genz,5573,8550,2977
Aleksey Uchitel,10391,13365,2974
Beda Docampo Feijóo,1433,4401,2968
Fedor Popov,660,3624,2964
Lucio Pellegrini,4114,7068,2954
Brian Cox,3550,6494,2944
Craig Roberts,20476,23420,2944
Ana Katz,2798,5730,2932
Kyung-jung Joo,3432,6360,2928
Charles Officer,1009,3930,2921
Kamal,1639,4559,2920
Nikolay Dostal,7474,10376,2902
Jaime Chávarri,1336,4235,2899
Özgür Bakar,5035,7925,2890
Lav Diaz,1021,3910,2889
Pau Freixas,5176,8064,2888
Jûzô Itami,3330,6215,2885
Leopoldo Aguilar,8629,11500,2871
Richard Gale,7610,10480,2870
Olmo Omerzu,2022,4890,2868
Peter Liechti,946,3802,2856
Larry Brand,3486,6330,2844
Kei Horie,3330,6170,2840
Pascal Plante,4895,7730,2835
Teddy Soeriaatmadja,528,3359,2831
Mehrdad Oskouei,422,3252,2830
Taru Mäkelä,1056,3882,2826
Maya Da-Rin,4437,7260,2823
Mainak Bhaumik,3197,6019,2822
Florence Quentin,3509,6330,2821
Heiward Mak,3098,5917,2819
Rebecca Daly,4510,7313,2803
Michael Feifer,5086,7887,2801
Harvey Frost,910,3690,2780
António Ferreira,2408,5187,2779
Duccio Tessari,3860,6620,2760
G. Philip Jackson,1906,4660,2754
Romas Zabarauskas,3212,5960,2748
Georges Gachot,574,3320,2746
Yousry Nasrallah,1895,4640,2745
Adrian Kwan,2123,4845,2722
Joshiy,7136,9852,2716
Xiaowen Zhou,3094,5810,2716
Algimantas Puipa,203,2910,2707
Vadim Jean,5480,8186,2706
Frank Sabatella,24640,27340,2700
Dan Golden,3010,5708,2698
Andrey Nekrasov,533,3229,2696
Ole Christian Madsen,5439,8130,2691
Thanakorn Pongsuwan,4370,7056,2686
Guillermo Iván,3565,6250,2685
Francesca Comencini,1316,4000,2684
Matt Chow,752,3435,2683
Matthew Miele,4672,7352,2680
Scott Windhauser,5610,8290,2680
Xiaolu Guo,900,3578,2678
Harry Cleven,2314,4990,2676
Jesse Moss,11064,13740,2676
Rodolphe Marconi,4206,6876,2670
Alex Graves,3020,5690,2670
Anders Rønnow Klarlund,5328,7994,2666
Benjamín Ávila,24274,26940,2666
Markus Dietrich,3476,6140,2664
Adrian Teh,597,3256,2659
Stevan Mena,37970,40629,2659
Chuck Parello,17211,19870,2659
Jeong Ji-yeong,1388,4041,2653
Mitch Jenkins,10958,13610,2652
Kwon Hyeong-jin,2834,5470,2636
Mattie Do,4066,6700,2634
Clara Law,2060,4694,2634
Ho Yim,5603,8236,2633
Noboru Iguchi,1231,3851,2620
Vivian Naefe,1730,4347,2617
Brett Bentman,3983,6596,2613
Bae Chang-ho,440,3048,2608
David Bezmozgis,2180,4780,2600
Rabi Kinagi,343,2939,2596
Alex Wright,4276,6870,2594
Erin Dignam,4848,7440,2592
Aktan Arym Kubat,2119,4710,2591
Vincent Paronnaud,23684,26270,2586
Masoud Atyabi,3318,5900,2582
Kenneth Gyang,6409,8980,2571
Eduardo Mendoza de Echave,1627,4188,2561
Diastème,4186,6745,2559
Adilkhan Yerzhanov,952,3505,2553
Yasuo Furuhata,183,2734,2551
Steve Rash,18430,20980,2550
Edgar Michael Bravo,1340,3890,2550
Bruno Chiche,6032,8580,2548
Antonio Tibaldi,6224,8769,2545
Rolando Ravello,7528,10070,2542
Detlev Buck,13998,16540,2542
Matti Ijäs,1902,4442,2540
Luis Puenzo,7832,10360,2528
Alireza Raisian,3624,6148,2524
Steven Feder,23063,25580,2517
Frans Weisz,1077,3593,2516
Lee Stanley,4344,6830,2486
Richard Trank,1494,3970,2476
Murray Battle,448,2920,2472
Jennifer Westcott,10196,12660,2464
Luís Galvão Teles,2865,5324,2459
Frankie Chan,1676,4135,2459
Veikko Aaltonen,4167,6623,2456
Jayprakkash Shaw,1659,4110,2451
Christian Lo,1801,4250,2449
Ben Hickernell,5981,8420,2439
Quang Dung Nguyen,1242,3679,2437
Christopher Monger,5870,8304,2434
Anna Wieczur-Bluszcz,12682,15110,2428
Mark Atkins,4377,6802,2425
Katsuhito Ishii,16062,18484,2422
Ben Verbong,4450,6870,2420
Michael Herbig,131424,133840,2416
Micheal Bafaro,1796,4207,2411
Byun Sung-hyun,28410,30820,2410
Fernando Ayllón,332,2737,2405
Emilio Maillé,12924,15324,2400
Antonio Méndez Esparza,2410,4798,2388
Andres Veiel,3481,5862,2381
Thierry Klifa,5575,7930,2355
Ugo Chiti,6324,8670,2346
Jorge Montesi,2565,4910,2345
Agustí Vila,2645,4986,2341
David Hugh Jones,25380,27720,2340
Gregory Lamberson,2553,4892,2339
Alejandro Springall,5642,7976,2334
Raymond Depardon,2130,4458,2328
Man Kit Poon,4598,6923,2325
Nick Everhart,2897,5210,2313
Paula Hernández,4995,7290,2295
Julio Hernández Cordón,2011,4290,2279
Kevin Brodie,7890,10160,2270
Yun-ho Yang,2330,4587,2257
Stefan Haupt,1232,3484,2252
Youssef Delara,6273,8520,2247
Rodney McDonald,6740,8982,2242
Fredrik Gertten,4888,7130,2242
Li Yin,1347,3583,2236
James Seale,6924,9156,2232
Jeremy LaLonde,7920,10151,2231
Peter W. Kunhardt,20417,22643,2226
Anocha Suwichakornpong,4046,6260,2214
Masahiro Shinoda,2177,4382,2205
Richard Lowenstein,24722,26920,2198
Anders Grönros,9040,11236,2196
Nikolaus Geyrhalter,612,2800,2188
K.C. Bokadia,2153,4339,2186
Filip Zylber,1775,3950,2175
Giulio De Santi,11990,14163,2173
Oeke Hoogendijk,2284,4440,2156
Joseph Mazzaferro,7351,9506,2155
Buddhadev Dasgupta,1468,3617,2149
Ron Senkowski,3466,5610,2144
Chris Marker,7340,9480,2140
Abdolreza Kahani,4266,6400,2134
Erden Kiral,1630,3758,2128
RP Kahl,4685,6810,2125
Timothy Boyle,2876,4999,2123
Satish Kaushik,9883,12003,2120
Vinayan,668,2782,2114
Charlie Shackleton,9696,11810,2114
Uri Barbash,386,2498,2112
Lauri Törhönen,4912,7015,2103
Barbara Albert,6040,8140,2100
Saul Metzstein,18802,20890,2088
Goutam Ghose,2329,4414,2085
Maurice Barthélémy,5926,8010,2084
John Trengove,18851,20910,2059
Michael Linn,5178,7236,2058
Jan Schütte,739,2796,2057
Sophie Fillières,2797,4854,2057
Mitch Marcus,3190,5245,2055
Hélène Angel,3176,5230,2054
Sepideh Farsi,168,2220,2052
Daniel Dencik,4940,6991,2051
Alireza Amini,554,2605,2051
Ángel Alonso,2333,4380,2047
Thomas Balmès,261,2302,2041
Shawn Burkett,12389,14428,2039
Jaak Kilmi,5070,7104,2034
Rubaiyat Hossain,2757,4790,2033
Rita Azevedo Gomes,2248,4280,2032
Amos Gitai,572,2600,2028
Terry Ingram,4244,6262,2018
Hanung Bramantyo,1795,3805,2010
Tikoy Aguiluz,976,2985,2009
Anthony Woodley,9285,11290,2005
Andibachtiar Yusuf,2989,4994,2005
Ziad H. Hamzeh,520,2515,1995
Bruce La Bruce,7826,9810,1984
Michael Anderson,6730,8690,1960
Yannis Smaragdis,27210,29166,1956
Andrew Shea,3472,5425,1953
Hajime Hashimoto,569,2520,1951
Mark Verkerk,3495,5443,1948
Yibai Zhang,4469,6411,1942
Helfi C.H. Kardit,614,2548,1934
Joaquim Leitão,2135,4059,1924
Rodman Flender,16220,18144,1924
Samuel Collardey,1892,3814,1922
Esben Toft Jacobsen,6890,8810,1920
Atiq Rahimi,5334,7250,1916
Nicolás Pereda,1055,2970,1915
Everett Lewis,1582,3494,1912
Paul Andresen,3220,5127,1907
Travis Wilkerson,1269,3174,1905
Tom Jennings,4726,6630,1904
Nabil Ben Yadir,7616,9516,1900
Justin Dix,32000,33900,1900
Mika Ronkainen,1660,3550,1890
Adrian Sitaru,9920,11810,1890
José Celestino Campusano,1464,3352,1888
Niklaus Hilber,3693,5580,1887
Lynn Hershman Leeson,6040,7920,1880
Niyi Akinmolayan,563,2435,1872
Ryôta Nakano,11254,13126,1872
Emilie Deleuze,1510,3380,1870
Michael Paul Girard,995,2864,1869
Richard Mansfield,982,2848,1866
Blain Brown,2836,4700,1864
Mario Salieri,129,1993,1864
Oleg Fesenko,6547,8406,1859
Tahmineh Milani,4518,6372,1854
Samir,2550,4400,1850
Hermine Huntgeburth,4031,5881,1850
Takahisa Zeze,423,2268,1845
Giuseppe Piccioni,1465,3310,1845
Dominique Cabrera,1107,2949,1842
Bin Bunluerit,268,2108,1840
Yuan Zhang,3422,5262,1840
Yûki Kobayashi,462,2290,1828
Nobuhiro Suwa,2838,4656,1818
Michael S. Ojeda,40032,41850,1818
Philip Spink,3384,5196,1812
Jerzy Sladkowski,185,1990,1805
Takashi Ishii,1630,3434,1804
Fereydoun Jeyrani,8651,10453,1802
Jean-Stéphane Bron,942,2740,1798
Justin Webster,2480,4269,1789
Deepa Mehta,5910,7691,1781
Alan Roberts,14270,16050,1780
Shawn Ku,69580,71360,1780
William Lau,16012,17780,1768
Kazuyoshi Kumakiri,4112,5878,1766
Soumik Sen,20158,21922,1764
Patrick McGuinn,3272,5029,1757
Alberto Fuguet,4000,5750,1750
Akihiko Shiota,7574,9322,1748
Yoram Gross,2770,4512,1742
Rama Rao Tatineni,2014,3756,1742
Yuhang Ho,1316,3056,1740
George Erschbamer,5530,7270,1740
Monika Treut,1076,2815,1739
Valeria Sarmiento,915,2650,1735
Gil Baroni,4706,6440,1734
James D. Deck,5961,7690,1729
Santosh Sivan,11770,13498,1728
Jeong-Yeol Choi,11112,12840,1728
Kiumars Poorahmad,709,2428,1719
João Botelho,516,2231,1715
Florian Gottschick,13300,14994,1694
Matt Salmon,285,1977,1692
Khavn,344,2033,1689
Jennifer Warren,4070,5750,1680
Kaushik Ganguly,4176,5850,1674
Jos Stelling,6020,7688,1668
Paolo Virzì,14752,16420,1668
Silvio Nacucchi,2800,4460,1660
Jerzy Stuhr,5620,7274,1654
Yûzô Asahara,170,1814,1644
Gordian Maugg,429,2068,1639
Quentin Dupieux,59782,61420,1638
Ford Austin,2608,4245,1637
Élie Chouraqui,3198,4834,1636
Alejandro Gamboa,2156,3788,1632
Tom Holland,36300,37931,1631
Péter Gárdos,1110,2740,1630
Constantine Giannaris,962,2592,1630
Tim Trageser,4200,5830,1630
József Pacskovszky,589,2215,1626
Knut Erik Jensen,1240,2865,1625
Kristijan Milic,10050,11669,1619
Licínio Azevedo,207,1820,1613
Adrian Garcia Bogliano,2311,3918,1607
Cheik Doukouré,2160,3764,1604
Savi Gabizon,2669,4260,1591
Julia Hart,79120,80710,1590
Claus Drexel,1790,3380,1590
Vladimir Bortko,4122,5710,1588
Ryûichi Hiroki,911,2497,1586
Verónica Chen,2130,3710,1580
Kurt Voss,1912,3491,1579
Tsutomu Shibayama,4850,6429,1579
Steve DiMarco,938,2516,1578
Juan Antonio de la Riva,705,2281,1576
Harvey Lowry,1932,3498,1566
Steve Kroschel,1250,2811,1561
David Mitchell,9090,10650,1560
Hansjörg Thurn,2028,3587,1559
Bret Wood,2874,4430,1556
Gregory C. Haynes,2586,4140,1554
João César Monteiro,5524,7060,1536
Jianya Zhang,729,2262,1533
Hun-Su Park,1563,3095,1532
Carmine Amoroso,3340,4870,1530
Karsten Kiilerich,3472,5000,1528
Mahamat-Saleh Haroun,4472,6000,1528
Thaddeus O'Sullivan,3660,5187,1527
Michael Tully,19822,21343,1521
Rachid Hami,6850,8370,1520
Tor Iben,5070,6586,1516
Carlo Vanzina,2772,4288,1516
Douglas Buck,14785,16300,1515
Yôji Yamada,2176,3690,1514
Trey Haley,4573,6078,1505
François Delisle,1526,3025,1499
Francesca Archibugi,3566,5056,1490
Douglas Kung,439,1923,1484
Thomas Heise,187,1670,1483
Tom Paton,14631,16111,1480
Donald F. Glut,4450,5917,1467
John Walker,727,2188,1461
Stewart Sugg,13444,14898,1454
Brent Huff,1070,2522,1452
Kin-Nam Cho,200,1646,1446
Stefan Ruzowitzky,9684,11120,1436
René Féret,357,1789,1432
Alice Nellis,3031,4448,1417
Cheng-sheng Lin,1471,2884,1413
Sandra Kogut,4660,6070,1410
Lu Zhang,1301,2711,1410
Alireza Davoudnejad,1447,2856,1409
Rudolf Havlik,2838,4240,1402
Philip Gröning,3070,4470,1400
Alessandro Piva,3546,4945,1399
Nobuhiro Yamashita,1934,3329,1395
Rafael Montero,1338,2731,1393
Michael Preece,5670,7056,1386
Sirus Alvand,1201,2570,1369
Jean Pellerin,4789,6158,1369
Luís Filipe Rocha,848,2205,1357
Shaji Kailas,1006,2360,1354
Jon Brewer,652,2004,1352
Miroslav Terzic,11109,12460,1351
Bertrand Tavernier,8470,9820,1350
J.R. Bookwalter,2025,3374,1349
Eiichirô Hasumi,3283,4630,1347
Martin Sulík,1458,2802,1344
Mamat Khalid,1325,2668,1343
Jack Perez,3294,4630,1336
Pankaj Batra,5156,6490,1334
Graham Guit,3990,5321,1331
Thom Zimny,10990,12320,1330
Chito S. Roño,391,1715,1324
Alex Infascelli,11798,13119,1321
Rúnar Rúnarsson,15240,16560,1320
Fred Kelemen,751,2070,1319
Jo Baier,9528,10846,1318
Matthew Porterfield,7261,8576,1315
Valerio Mieli,11476,12790,1314
Kwok-Man Keung,2306,3620,1314
Joan Carr-Wiggin,2888,4200,1312
Paul Thomas,659,1970,1311
Nina Grosse,544,1855,1311
Shaohong Li,950,2252,1302
Christian Drew Sidaris,10670,11970,1300
Tom Collins,3520,4820,1300
Blandine Lenoir,12514,13810,1296
Costas Kapakas,11736,13031,1295
Ai Weiwei,333,1628,1295
Phillip J. Roth,4268,5559,1291
Rory B. Quintos,576,1855,1279
Maria Beatty,448,1726,1278
Huang He,300,1576,1276
Léa Fazer,4354,5626,1272
Andrzej Fidyk,269,1540,1271
Dagur Kári,96290,97560,1270
Kôichi Imaizumi,1070,2340,1270
Vishal Pandya,17262,18530,1268
Ho Choi,4976,6244,1268
Claude Lanzmann,3274,4540,1266
Montxo Armendáriz,7504,8770,1266
Joel Lamangan,335,1598,1263
K. Raghavendra Rao,5198,6457,1259
Sterling Van Wagenen,4830,6078,1248
Ted Nicolaou,6730,7977,1247
Damien Manivel,2284,3530,1246
Lorena Muñoz,8926,10164,1238
James Lemmo,2397,3630,1233
Juliusz Machulski,8868,10099,1231
Florian Cossen,8420,9644,1224
Shu-Kai Chung,408,1629,1221
Marius Vaysberg,7105,8320,1215
Kevan Otto,1382,2594,1212
Tanwarin Sukkhapisit,898,2110,1212
Robert Dornhelm,1873,3081,1208
Mark Bessenger,5127,6335,1208
Hassen Ferhani,994,2200,1206
Ann Hui,5157,6350,1193
Teresa Villaverde,1600,2782,1182
Krzysztof Zanussi,3776,4952,1176
Terry Cunningham,4500,5675,1175
Oley Sassone,3880,5050,1170
Hélier Cisterne,1304,2470,1166
Amanda Adolfsson,5395,6560,1165
Yeung Kong,4936,6100,1164
Rolando Colla,266,1419,1153
Mark Polonia,1346,2495,1149
Guntur Soeharjanto,662,1809,1147
Yam Laranas,3962,5105,1143
Lorna Tucker,10396,11530,1134
Patric Chiha,1483,2610,1127
Richard Hobert,2905,4032,1127
Michel Poulette,5066,6192,1126
Tom Shell,2145,3265,1120
Nicholas Kendall,3721,4836,1115
Víctor García León,2840,3950,1110
Man-Kei Chin,4202,5308,1106
Attila Janisch,2434,3540,1106
Pablo Trapero,10755,11860,1105
Ursula Meier,50380,51483,1103
Shinji Aoyama,1568,2669,1101
Rabah Ameur-Zaïmeche,2790,3890,1100
Milan Cieslar,2248,3347,1099
Preston A. Whitmore II,17443,18538,1095
Ismail Merchant,3002,4096,1094
Lukas Valenta Rinner,4084,5170,1086
Leonardo Di Costanzo,3267,4350,1083
John T. Bone,1156,2235,1079
Joe Lujan,1667,2743,1076
Roland Reber,856,1918,1062
Charles Wilkinson,1146,2208,1062
Attila Gigor,27550,28610,1060
Kôta Yoshida,1472,2524,1052
Robert-Adrian Pejo,1411,2460,1049
Yûji Tajiri,485,1529,1044
Manuel Gutiérrez Aragón,1947,2989,1042
Mark David,3342,4374,1032
Eva Husson,27318,28350,1032
Amelia Moses,13466,14497,1031
Jesus Garces Lambert,3142,4170,1028
Eduard Cortés,11230,12256,1026
Rosa von Praunheim,453,1478,1025
Gajendra Vitthal Ahire,298,1323,1025
James Bickert,13705,14730,1025
Yûya Ishii,574,1598,1024
Fabien Onteniente,6740,7760,1020
Aleksey Kiryushchenko,9228,10240,1012
Frédéric Mermoud,11260,12270,1010
Bradford May,10590,11600,1010
Jaroslav Soukup,1702,2708,1006
Richard Styles,2141,3146,1005
Richard Boddington,5396,6400,1004
Farid Bentoumi,4460,5460,1000
Lise I. Osvoll,780,1780,1000
Wiktor Grodecki,6190,7188,998
Vasilis Mazomenos,284,1280,996
Pappi Corsicato,1682,2678,996
Juan José Jusid,972,1968,996
Antonio Hernández,4403,5398,995
Dasari Narayana Rao,513,1507,994
Rudolf van den Berg,8460,9454,994
Ineke Houtman,4544,5537,993
Benoît Jacquot,5100,6090,990
Tso-chi Chang,2126,3110,984
D. Rajendra Babu,285,1267,982
Mototsugu Watanabe,257,1236,979
Edgardo Cozarinsky,339,1317,978
Heidi Maria Faisst,1320,2298,978
Rick Rosenthal,7990,8968,978
William Mesa,9464,10442,978
Erik Clausen,3318,4282,964
Jason Murphy,4280,5240,960
Kazuyuki Izutsu,684,1643,959
Nicolas Boukhrief,19203,20160,957
Scott Reynolds,31350,32300,950
Ryan Combs,5863,6810,947
Rodrigo Bellott,7034,7980,946
Maryo J. de los Reyes,162,1108,946
Chadd Harbold,16550,17494,944
Sergio Rubini,3710,4652,942
Alain Zaloum,1422,2358,936
John Quinn,988,1921,933
Hadrah Daeng Ratu,3252,4185,933
Arne Toonen,14912,15840,928
Shih-Han Liao,4510,5430,920
Varante Soudjian,10068,10986,918
Léa Pool,838,1756,918
Izuru Narushima,4824,5740,916
Yves Montmayeur,1381,2293,912
Sarawut Intaraprom,282,1192,910
Ed Hansen,5132,6041,909
Ming Jin Woo,607,1510,903
Katsuhide Motoki,1405,2300,895
Esa Illi,806,1700,894
Shay Kanot,3062,3953,891
Raya Martin,979,1870,891
Kaspar Munk,6040,6930,890
Marco Martins,17784,18670,886
Jeffrey Jeturian,4118,5003,885
Carlo Lizzani,730,1611,881
Tara Pirnia,1319,2188,869
Daisuke Yamanouchi,308,1176,868
Ester Martin Bergsmark,10352,11217,865
Shigeaki Kubo,5610,6464,854
Marisa Sistach,3824,4676,852
Marco Mak,760,1611,851
Wayne Crawford,5738,6588,850
Peter Maris,4056,4901,845
Dror Shaul,5332,6176,844
Tonislav Hristov,1292,2136,844
Bill Haney,1626,2466,840
A. Razak Mohaideen,420,1260,840
Taylor Wong,1750,2580,830
Jeffrey Obrow,9630,10458,828
Shirley Frimpong-Manso,309,1134,825
Nicolae Margineanu,1698,2523,825
Martial Fougeron,7526,8350,824
Roswitha Haas,1122,1946,824
Manuel Poirier,806,1629,823
Peeter Simm,1104,1926,822
Leonard Nimoy,15770,16590,820
Anna Maria Tatò,3450,4270,820
Jean-Pierre Limosin,16810,17626,816
Eric Mandelbaum,8276,9090,814
John Boorman,17890,18700,810
Haranath Chakraborty,220,1027,807
Francesco Miccichè,1486,2292,806
Miklós Jancsó,3225,4030,805
Maria Sole Tognazzi,8370,9160,790
Joey Klein,9327,10110,783
Masahide Ichii,1168,1950,782
Rita Horst,4484,5260,776
Thulasidas,717,1492,775
Kristijonas Vildziunas,1796,2570,774
Jingle Ma,4522,5290,768
Eyal Halfon,612,1375,763
Sérgio Tréfaut,1359,2121,762
Wes Miller,18899,19660,761
Alan Gilsenan,783,1539,756
Katja von Garnier,6020,6770,750
Jørgen Leth,1814,2560,746
Jérôme Cornuau,4112,4858,746
Olivier Ringer,908,1649,741
Francis Nam,1007,1746,739
Mae Czarina Cruz,1197,1935,738
Rasoul Sadrameli,3634,4369,735
Danny Garcia,2547,3280,733
Svetlana Proskurina,277,1002,725
Rupesh Paul,4366,5090,724
Jens Dahl,15959,16680,721
Kôji Wakamatsu,803,1521,718
Yusup Razykov,224,941,717
Daniel Millican,3968,4684,716
Ifa Isfansyah,1536,2249,713
Tetsu Maeda,1595,2308,713
Amir Valinia,6540,7252,712
Yue Lü,1795,2506,711
Gino M. Santos,1820,2530,710
Tak-Sam Leong,471,1177,706
José Luis Torres Leiva,1039,1740,701
Leopoldo Laborde,1566,2262,696
Sophie Marceau,4334,5030,696
Jose Poernomo,445,1139,694
Mj Dixon,3933,4620,687
Reiner Holzemer,3508,4190,682
Herb Freed,1630,2312,682
Shô Miyake,4103,4782,679
Richard Dutcher,10387,11066,679
Miu-Suet Lai,1724,2400,676
Dieudo Hamadi,624,1298,674
Daniel Zirilli,4047,4718,671
Leonardo Guerra Seràgnoli,2650,3320,670
Oksana Karas,3783,4445,662
José Luis López-Linares,1069,1731,662
Faouzi Bensaïdi,2575,3232,657
Bragi Thor Hinriksson,1056,1710,654
Wings Hauser,1834,2488,654
Christopher Forbes,2197,2846,649
Kavi Raz,4866,5515,649
Rex Piano,3552,4200,648
Giuseppe Ferrara,2480,3114,634
Rich Christiano,6810,7442,632
Mauricio Walerstein,1178,1810,632
Im Kwon-taek,1502,2130,628
Ryan Balas,562,1189,627
Richard LeMay,6975,7600,625
Ariel Rotter,4000,4620,620
Sacha Polak,18050,18670,620
Daoud Abdel Sayed,11000,11614,614
Jennifer Devoldère,15830,16442,612
Gísli Snær Erlingsson,2092,2698,606
Bourlem Guerdjou,1617,2220,603
Marcos Bernstein,9970,10572,602
Yaron Shani,1347,1947,600
Pierre Jolivet,3296,3895,599
Vasiliy Rovenskiy,3482,4080,598
Jill Hayworth,468,1065,597
Emmanuel Itier,2270,2864,594
Fernando Pérez,1040,1630,590
John Sjogren,1085,1672,587
Michal Kondrat,850,1433,583
Thomas Imbach,570,1150,580
Thierry Schiel,2000,2580,580
Rudolf Thome,448,1024,576
Lee Seung-won,14788,15364,576
Tony Y. Reyes,244,815,571
Sherman Wong,728,1295,567
Jalal Merhi,1504,2070,566
Tôru Murakawa,649,1214,565
Ulrike Ottinger,439,1003,564
Bryan Goeres,4940,5503,563
Stephen Purvis,5480,6040,560
Dylan Bank,2429,2988,559
Viktor Lakisov,6712,7270,558
Junji Sakamoto,680,1233,553
Harish Shankar,30461,31014,553
Noémie Lvovsky,2730,3280,550
Edgar Pêra,514,1061,547
Santiago Loza,1736,2280,544
Ari Kristinsson,1476,2020,544
Chus Gutiérrez,1406,1950,544
James Yuen,1508,2050,542
Jacek Bromski,2861,3402,541
Antonio Zavala Kugler,5659,6200,541
Robert Conway,7032,7572,540
Rituparno Ghosh,5669,6203,534
Toto Natividad,195,727,532
Jay Madison,1462,1993,531
James Snider,1202,1733,531
Doris Dörrie,4492,5020,528
Gray Hofmeyr,1407,1933,526
Gregory Gieras,5314,5840,526
Ivan Nichev,2268,2791,523
Eddy Terstall,2889,3408,519
Igor Sterk,2274,2790,516
Larisa Sadilova,796,1312,516
Soo Sung Lee,484,998,514
Jose Pozo,10020,10531,511
Mariano Barroso,4734,5244,510
Barbara Wong Chun-Chun,1827,2328,501
Le Luo,529,1030,501
Scott Chambers,14144,14644,500
Stephen La Rocque,4754,5250,496
Jeshua Dreyfus,1854,2340,486
Oleg Kovalov,254,739,485
Anders Engström,9395,9878,483
Larry Weinstein,1237,1718,481
Andy Sidaris,15200,15680,480
Eyra Rahman,204,683,479
Henrique Couto,1728,2200,472
Mac Alejandre,400,865,465
Alessandro Perrella,438,895,457
Keisuke Toyoshima,1282,1730,448
Samuthirakani,5624,6071,447
Kamran Ghadakchian,298,744,446
Giulio Base,975,1420,445
Václav Vorlícek,1946,2388,442
Abolfazl Jalili,446,888,442
Tamar Halpern,1929,2370,441
Jonathan Sagall,1900,2341,441
Wai-Ying Yip,290,730,440
Fred Williamson,2280,2718,438
Norbert Lechner,733,1170,437
Ashok Pati,181,617,436
Eva Neymann,679,1113,434
Yûichi Onuma,1688,2121,433
Antony Smith,4418,4848,430
Brigitte Roüan,4500,4930,430
Max Färberböck,70120,70550,430
Paul Wynne,1944,2368,424
Ruggero Deodato,5506,5930,424
Shuki Levy,1857,2280,423
Paul Vecchiali,414,837,423
Eloy Enciso,1707,2130,423
Abbas Rafei,328,748,420
Ivano De Matteo,5773,6192,419
Ralph E. Portillo,1558,1974,416
Roberto Minervini,6756,7170,414
Abbas Fahdel,3539,3952,413
Haim Bouzaglo,274,685,411
Mehdi Sabbaghzadeh,658,1069,411
Philippe Godeau,11741,12150,409
Micha Lewinsky,2638,3045,407
Emir Skalonja,409,815,406
Kai Keung Lai,1188,1590,402
Derek Chiu,556,956,400
Stephen Kijak,10756,11150,394
Tomasz Szafranski,1541,1934,393
Ron Mann,4713,5105,392
Eric Gibson,851,1240,389
Paul Leder,399,788,389
Piers Garland,151,539,388
Ernest G. Sauer,1137,1524,387
Duane Clark,3458,3843,385
Helena Trestíková,375,760,385
Umberto Lenzi,2307,2690,383
John Feldman,2222,2605,383
Claire Simon,481,859,378
Harutyun Khachatryan,425,798,373
Valérie Donzelli,6410,6780,370
David A. Prior,4626,4994,368
Nadir Moknèche,3834,4196,362
Vincent Mariette,6310,6670,360
Marilou Diaz-Abaya,247,604,357
Jose Javier Reyes,374,730,356
Raj Chakraborty,6774,7130,356
Kenneth Branagh,304270,304620,350
Melanie Orr,5414,5762,348
Gil Cates Jr.,11862,12210,348
Andreas Dalsgaard,3830,4175,345
Pierre-Yves Vandeweerd,620,964,344
Kiyoshi Sasabe,851,1194,343
Rene Perez,2405,2747,342
Carlos Siguion-Reyna,795,1137,342
Daisuke Gotô,1257,1598,341
Giovanni Troilo,1700,2040,340
Wenn V. Deramas,1435,1774,339
Stefan Schwietert,669,1006,337
Kutlug Ataman,8010,8345,335
Richard Pepin,4935,5266,331
Otto Chan,529,860,331
Matthew Saville,36990,37318,328
Daphna Kastner,1972,2300,328
Drew Thomas,3996,4320,324
Philip Gardiner,150,467,317
Rocky Soraya,6304,6620,316
Al Carretta,209,524,315
Simon Chung,3071,3382,311
Daria Onyshchenko,2094,2400,306
Cheol-su Park,164,468,304
Tetsuo Imazawa,1019,1322,303
Eric Baudelaire,910,1211,301
Nino Kirtadze,324,622,298
Michael J. Sarna,2991,3289,298
Toshiki Satô,484,781,297
Kevin Alber,1078,1373,295
David Sington,69290,69582,292
Matthew Bourne,516,807,291
Javier Elorrieta,694,983,289
Al Tantay,210,498,288
Justin Edgar,3013,3300,287
Nicole Nielsen Horanyi,1732,2019,287
S. Narayan,607,893,286
Dale G. Bradley,536,820,284
Mel Chionglo,772,1056,284
David Pujol,1790,2070,280
Roman Vávra,1971,2250,279
Jack Snyder,5535,5812,277
Florian Opitz,2538,2814,276
Edoardo Winspeare,1636,1910,274
Joey Travolta,2965,3238,273
Tadhg O'Sullivan,676,940,264
Arto Koskinen,3510,3774,264
Jerry Lopez Sineneng,576,840,264
Gonzalo Justiniano,1610,1874,264
Bob Bragg,367,630,263
Yossi Wein,2650,2910,260
Steven 'Prozak' Shippy,2002,2257,255
Kevin Lewis,2459,2712,253
Christian González,259,512,253
Pekka Lehto,1451,1699,248
Leonard Retel Helmrich,1936,2180,244
Francis Posadas,274,513,239
Masayuki Ochiai,10342,10580,238
Teddy Page,596,833,237
Fanny Ardant,1840,2074,234
Antonio D'Agostino,120,351,231
Seiji Kishi,4770,5000,230
Phedon Papamichael,32766,32994,228
Swapan Saha,202,429,227
Danielle Winter,851,1077,226
Joe Ma,560,782,222
Lina Mannheimer,2570,2790,220
Mani Maserrat-Agah,10392,10610,218
Topel Lee,816,1033,217
Takayuki Shibasaki,793,1010,217
Serik Aprimov,540,755,215
Michel Deville,4928,5139,211
Greg Yaitanes,6580,6790,210
Janez Lapajne,1170,1380,210
Chi-Ngai Lee,2377,2586,209
Graeme Duane,150,356,206
Nisar,350,553,203
Jeon Kyu-hwan,562,758,196
Creep Creepersin,708,901,193
Salvatore Mereu,2827,3018,191
Bas Devos,5061,5250,189
Kim Harrington,257,445,188
Efren Jarlego,181,368,187
Chip Rossetti,381,563,182
Prasanna Vithanage,1411,1591,180
Greg Pritikin,69420,69600,180
Ramon Térmens,2177,2350,173
Jason Holt,578,749,171
Rako Prijanto,646,816,170
Bret McCormick,1005,1175,170
Michael Vickerman,2758,2926,168
Roger Lay Jr.,279,445,166
Sukit Narintr,565,730,165
Corey Michael Eubanks,4146,4310,164
Christoph Schaub,855,1018,163
Pawel Lozinski,1651,1814,163
Michael Fredianelli,628,786,158
Romain Goupil,1737,1894,157
Zaza Urushadze,2338,2494,156
Reinhard Schwabenitzky,699,854,155
George Mihalka,4050,4202,152
Jordan Hill,921,1072,151
Ringo Lam,3930,4080,150
Raja Chanda,2568,2717,149
Chil-in Kwon,2961,3110,149
Hara Patnaik,128,276,148
Amir Naderi,1352,1499,147
Yee-Hung Lam,222,369,147
Takafumi Hatano,1460,1606,146
Axelle Ropert,3220,3362,142
Johnny Gogan,410,551,141
Thunska Pansittivorakul,389,530,141
Brian Grant,7710,7846,136
Yilmaz Arslan,1814,1950,136
Marcel Lozinski,353,488,135
Masaaki Yuasa,41618,41750,132
Vitaliy Melnikov,789,919,130
Xavier Bermúdez,420,548,128
Teddy Smith,3426,3554,128
Henri Charr,508,635,127
Mario Camus,1550,1672,122
Daniele Gaglianone,1874,1993,119
Dan Villegas,2509,2622,113
Travis Mills,608,720,112
Jirô Nagae,500,610,110
Dang Nhat Minh,1116,1222,106
Mike Donahue,943,1049,106
Emilio Ruiz Barrachina,900,1005,105
Malcolm Clarke,2430,2535,105
Peder Hamdahl Næss,560,662,102
Lawrence Lanoff,1972,2073,101
Slávek Horák,4980,5079,99
Masafumi Yamada,1554,1652,98
Lisa Mulcahy,3682,3778,96
Kanti Shah,208,299,91
Rod Hewitt,1952,2040,88
Fernand Melgar,784,869,85
Pablo César,137,222,85
Romy Suzara,350,434,84
Guðný Halldórsdóttir,1824,1906,82
Augusto Salvador,118,199,81
Celso Ad. Castillo,395,474,79
Jacques Maillot,5432,5510,78
Víctor Matellano,5062,5138,76
Henri Pachard,311,385,74
Aziz M. Osman,307,380,73
Behnam Behzadi,4588,4659,71
T.K. Rajeev Kumar,1819,1886,67
Gonzalo Gonzalez,220,283,63
Zhanna Issabayeva,193,255,62
Alain Tanner,1330,1392,62
Chris McIntyre,1710,1772,62
Paul Lynch,6980,7042,62
Cesar S.B. Abella,113,173,60
Montazur Rahman Akbar,82,139,57
Dimitris Athanitis,590,646,56
Chris Martinez,966,1019,53
Harris Done,2703,2754,51
Milos Twilight,134,184,50
Naoyuki Itô,1292,1342,50
Christophe Blanc,1961,2010,49
Khosro Masumi,1213,1262,49
Harun Farocki,1065,1113,48
Arizal,364,412,48
Asep Kusdinar,1312,1353,41
Gerardo Chijona,574,613,39
Roberta Grossman,2599,2638,39
Najwa Najjar,3661,3700,39
Juan Carlos Desanzo,4306,4344,38
Ivana Mladenovic,4022,4060,38
Enrique Murillo,205,243,38
Boris Boo,333,370,37
Péter Forgács,409,446,37
Lawrence L. Simeone,1341,1378,37
Juan Carlos Valdivia,1740,1777,37
Muthyala Subbaiah,783,818,35
S.A. Chandrashekhar,3622,3655,33
Chris Jiménez,120,150,30
Jose 'Kaka' Balagtas,292,321,29
Carlo J. Caparas,220,249,29
Matt Johnson,79902,79930,28
Tae-gyun Kim,11583,11610,27
Bernard Salzmann,2004,2030,26
Yiu-Kuen Ng,1053,1077,24
Christopher Nolen,911,934,23
John Weidner,4350,4371,21
Akiyoshi Kimata,838,858,20
Larry Rosen,548,568,20
Edward Holzman,1697,1716,19
Nikos Kornilios,263,282,19
Laurice Guillen,453,472,19
Pasquale Fanetti,624,638,14
Fernando Merinero,308,321,13
Ridha Tlili,84,93,9
John Hamilton,1872,1881,9
Baljit Singh Deo,2813,2820,7
Gustavo Fontán,451,458,7
Yang Lu,22384,22390,6
Taweewat Wantha,4354,4357,3
Wu Ma,1228,1230,2
Yoshio Takeuchi,4823,4824,1
Joshua Caldwell,34689,34690,1
Pol Cruchten,1451,1452,1
I.V. Sasi,1158,1159,1
Daniel Prochaska,43310,43310,0
Kristoffer Nyholm,207880,207880,0
Sebastián Muñoz,17000,17000,0
Martin Gero,196260,196260,0
Martin Horský,8430,8430,0
Dan Trachtenberg,3559980,3559980,0
Florian Zeller,1945660,1945660,0
Kevin Yagher,246740,246740,0
Maria Lease,34620,34620,0
Christian De Vita,18810,18810,0
Martin Lawrence,54290,54290,0
Kevin Williamson,217440,217440,0
Matthew Robbins,31300,31300,0
Charles Martin,47490,47490,0
Bill Benz,15090,15090,0
Mikko Makela,35590,35590,0
Annabel Jankel,68450,68450,0
Anthony Z. James,4640,4640,0
Christopher Jenkins,41530,41530,0
Matthew Michael Carnahan,305590,305590,0
Matthew Hastings,53230,53230,0
Kris Isacsson,157570,157570,0
Filippo Meneghetti,37960,37960,0
Christopher Crowe,24180,24180,0
Franc Roddam,72570,72570,0
Chris Renaud,2180170,2180170,0
Shannon Murphy,191170,191170,0
Frank Miller,628890,628890,0
Fran Rubel Kuzui,496070,496070,0
Chris Miller,1930260,1930260,0
Charles Haid,94240,94240,0
Frank Nissen,84700,84700,0
Massy Tadjedin,507000,507000,0
Stéphanie Di Giusto,27620,27620,0
Matthew O'Callaghan,181920,181920,0
Marti Noxon,550330,550330,0
Rapman,82330,82330,0
Kuang-Hui Liu,79600,79600,0
Kevin Tancharoen,169450,169450,0
Martin Ritt,85400,85400,0
Christian Rivers,1414730,1414730,0
Ryan Spindell,146270,146270,0
Kevin Johnson,39610,39610,0
Fred Dekker,545160,545160,0
Dan Rush,532130,532130,0
Anthony Maras,714130,714130,0
Chad Faust,40210,40210,0
Marcos Efron,187610,187610,0
Anna Foerster,812160,812160,0
Esteban Crespo,51340,51340,0
Gilles Volta,1220,1220,0
Steven Jacobson,63850,63850,0
Arantxa Echevarría,34570,34570,0
Steven Baigelman,116020,116020,0
Fernanda Cardoso,59500,59500,0
Marco Schnabel,550530,550530,0
Kevin Donovan,888640,888640,0
Ralph Bakshi,250270,250270,0
Evan Morgan,226260,226260,0
Anthony Silverston,64930,64930,0
Sean Mathias,88380,88380,0
Sean McConville,58260,58260,0
Matthias Luthardt,11030,11030,0
Andrew Jay Cohen,470460,470460,0
Frank Longo,53300,53300,0
Younuts,31840,31840,0
Anthony Hemingway,373010,373010,0
Daniel Stern,310950,310950,0
Frant Gwo,364510,364510,0
Chris McCoy,109860,109860,0
Martin Sheen,61170,61170,0
Masahiro Hosoda,299210,299210,0
Steven Gomez,150460,150460,0
Christian Gudegast,1241100,1241100,0
Scott Walker,676970,676970,0
Ziming Wang,31410,31410,0
Matthew Weiner,167260,167260,0
Andrew Heckler,41510,41510,0
Ralph S. Singleton,126880,126880,0
Christian Forte,41290,41290,0
Steven E. de Souza,754590,754590,0
Stéphane Rybojad,195610,195610,0
Marina Nefyodova,3550,3550,0
Giulio Ricciarelli,140340,140340,0
Pilar Palomero,27320,27320,0
Scott L. Flynn,18430,18430,0
Kirk DeMicco,125310,125310,0
Kim Min-Ho,52270,52270,0
Mats Stenberg,99730,99730,0
Stuart Blumberg,295790,295790,0
Francis Glebas,87380,87380,0
Christina Wayne,35050,35050,0
Steve Shill,344260,344260,0
Stiles White,570940,570940,0
Christophe Offenstein,25500,25500,0
Daniel Goldhaber,362110,362110,0
Scott Aukerman,369220,369220,0
Mike Bigelow,534700,534700,0
Éric Cazes,4630,4630,0
Scot Armstrong,82850,82850,0
Seth Kearsley,256640,256640,0
Mark DiSalle,48720,48720,0
Filip Marczewski,16390,16390,0
Charles Dance,127220,127220,0
Kirill Sokolov,53190,53190,0
Mike Gan,71920,71920,0
Mark Helfrich,946240,946240,0
Daniel Ragussis,500990,500990,0
Kim Yong-hoon,56440,56440,0
Stuart Townsend,151920,151920,0
Eugen Jebeleanu,13920,13920,0
Kimo Stamboel,24579,24579,0
Christoph Waltz,61760,61760,0
Mark Neveldine,192270,192270,0
Franck Dubosc,52020,52020,0
Kinka Usher,707600,707600,0
Mark Levin,248230,248230,0
Stuart Orme,97200,97200,0
Ángeles Reiné,13850,13850,0
Ángel Gómez Hernández,170230,170230,0
Sergio G. Sánchez,398710,398710,0
Daniel Ribeiro,277280,277280,0
Daniel Sackheim,399350,399350,0
Matt Codd,11480,11480,0
Scott Elliott,46660,46660,0
Matt Palmer,334920,334920,0
Mark Cullen,210030,210030,0
Aaron Kaufman,91410,91410,0
Matt Schrader,48810,48810,0
Benjamin Rocher,42940,42940,0
Pieter Jan Brugge,143710,143710,0
Rand Ravich,575100,575100,0
Mathew Cullen,122810,122810,0
Yoshifumi Kondô,730800,730800,0
Steven Seagal,255420,255420,0
Daniel Scheinert,73880,73880,0
Kiefer Sutherland,52450,52450,0
Steven S. DeKnight,1277650,1277650,0
Chris Roberts,174340,174340,0
Antonin Baudry,212120,212120,0
Seong-yun Oh,10550,10550,0
Konstantin Khabenskiy,58010,58010,0
Shane Acker,1480640,1480640,0
Miguel Sapochnik,1108350,1108350,0
Matthew Chapman,204370,204370,0
Frank De Felitta,32480,32480,0
Frank E. Flowers,68990,68990,0
Markus Blunder,19950,19950,0
Zu Quirke,122390,122390,0
Charles Grosvenor,60570,60570,0
Mark Toia,81160,81160,0
Bill Eagles,39500,39500,0
Mark A.Z. Dippé,724630,724630,0
Matt Spicer,480830,480830,0
Mike P. Nelson,106780,106780,0
Klay Hall,487660,487660,0
Eugene Levy,53430,53430,0
Ádám Császi,46810,46810,0
Shainee Gabel,272470,272470,0
Kim Hyun-joo,640,640,0
Kim Henkel,261220,261220,0
Mathias Malzieu,10180,10180,0
Kim Do-Young,42860,42860,0
Chris Sanders,566160,566160,0
Ko Kyoung,8900,8900,0
Koan Hui,29770,29770,0
Eugenio Derbez,327450,327450,0
Kogonada,210730,210730,0
Francine McDougall,153730,153730,0
Ant Timpson,204930,204930,0
Farhad Safinia,512200,512200,0
Marc Schölermann,333310,333310,0
Kyohei Ishiguro,55010,55010,0
Michael Bortman,11740,11740,0
Stephen Dunn,92340,92340,0
Lukasz Kosmicki,126000,126000,0
Michael Brandt,315960,315960,0
George LaVoo,36600,36600,0
Lukas Dhont,170540,170540,0
Stephen Carpenter,96540,96540,0
Lennart Ruff,335320,335320,0
Skip Woods,201120,201120,0
Andy Wolk,19030,19030,0
Michael Caleo,40890,40890,0
Sngmoo Lee,272800,272800,0
Michael Carney,85830,85830,0
Andy Wilson,79820,79820,0
Michael Chaves,579090,579090,0
Stephanie Laing,104510,104510,0
Gary Chapman,244710,244710,0
Gary Dauberman,875110,875110,0
Sonia Liza Kenterman,8360,8360,0
Michael Clancy,92850,92850,0
Rene Eller,34080,34080,0
Cooper Karl,104290,104290,0
Coralie Fargeat,487330,487330,0
Adam Alleca,91380,91380,0
Lucia Aniello,559530,559530,0
Gary David Goldberg,331080,331080,0
Chazz Palminteri,106760,106760,0
Leigh Janiak,275370,275370,0
Gilles Mimouni,159470,159470,0
Samu Fuentes,35590,35590,0
Mic Rodgers,308380,308380,0
Galder Gaztelu-Urrutia,2743830,2743830,0
M. Cahill,236880,236880,0
Léonor Serraille,29380,29380,0
Léa Mysius,33420,33420,0
Stephen J. Anderson,1118330,1118330,0
Simon Kinberg,2059810,2059810,0
Yuefeng Song,33980,33980,0
Angel Kristi Williams,11510,11510,0
Michael Angelo Covino,51620,51620,0
Simon Stone,55140,55140,0
Lee Sang-geun,76260,76260,0
Chong Zhang,20280,20280,0
Michael Austin,29950,29950,0
Gareth Carrivick,366510,366510,0
George P. Cosmatos,52160,52160,0
Simone North,54480,54480,0
Stephen Fingleton,187350,187350,0
Cody Cameron,132900,132900,0
Lee Unkrich,8948090,8948090,0
Stephen Durham,63920,63920,0
Michael Patrick Jann,409980,409980,0
Aneil Karia,38400,38400,0
Luke Snellin,250120,250120,0
Luke Scott,462190,462190,0
Chloé Mazlo,11420,11420,0
Gary Halvorson,37450,37450,0
Michael McCullers,475610,475610,0
Samuel Bayer,1077480,1077480,0
Remi Weekes,486810,486810,0
Crispian Mills,163230,163230,0
Lou Diamond Phillips,6516,6516,0
Michael Katleman,150900,150900,0
Michael Duggan,76140,76140,0
Gavin Rothery,265030,265030,0
Linda Mendoza,44510,44510,0
Lindsey Schmitz,2980,2980,0
Lino DiSalvo,47210,47210,0
Gary Sinise,474300,474300,0
Michael Fimognari,467680,467680,0
Lior Geller,50950,50950,0
Michael Ian Black,174130,174130,0
Cheryl Hines,88770,88770,0
Craig McCracken,110630,110630,0
Michael Goldenberg,87910,87910,0
Stanislav Sokolov,1070,1070,0
Rachel Griffiths,46940,46940,0
Craig Zisk,131310,131310,0
Michael Greenspan,169580,169580,0
Michael Gracey,3127300,3127300,0
Michael Grandage,214260,214260,0
Liz Friedlander,266870,266870,0
Lluís Quílez,45990,45990,0
Stanley Kubrick,3765020,3765020,0
Michael Lander,123510,123510,0
Gee Malik Linton,168540,168540,0
Liev Schreiber,599630,599630,0
Lewin Webb,15900,15900,0
Chiwetel Ejiofor,446820,446820,0
Bertrand Mandico,32260,32260,0
Gary Lennon,88990,88990,0
Ben Ramsey,359240,359240,0
Beth Schacter,25670,25670,0
Michael Mailer,45340,45340,0
Michael M. Scott,187500,187500,0
Loukman Ali,9560,9560,0
Graeme Clifford,25880,25880,0
Gary McKendry,1356340,1356340,0
Gary Oldman,102160,102160,0
Cory Edwards,19910,19910,0
Lou Jeunet,36230,36230,0
Michael Lockshin,76680,76680,0
Spencer Susser,541650,541650,0
Michael Dudok de Wit,388760,388760,0
Srdjan Spasojevic,720450,720450,0
Stefon Bristol,116500,116500,0
Gary Rydstrom,122460,122460,0
Yuriy Kovalyov,30380,30380,0
Liam Gavin,215370,215370,0
Stefen Fangmeier,1306560,1306560,0
Gene Stupnitsky,820850,820850,0
Gary Shore,2080710,2080710,0
Clay Staub,68640,68640,0
Stephen Kemp,26400,26400,0
Clay Kaytis,836010,836010,0
Maxim Ford,17860,17860,0
Fredrik Bond,298440,298440,0
Sarah Kernochan,76230,76230,0
Fritz Böhm,143460,143460,0
Yu Yang,85600,85600,0
Marc Klein,77870,77870,0
Raúl Arévalo,126550,126550,0
Lance Young,28940,28940,0
Lara Shapiro,120980,120980,0
Chung-Hyun Lee,439570,439570,0
Max Joseph,406270,406270,0
Felix Herngren,427010,427010,0
Dan Bradley,807190,807190,0
Frédéric Petitjean,57270,57270,0
Manuk Depoyan,5030,5030,0
Dan Aykroyd,275110,275110,0
Bibo Bergeron,227210,227210,0
Larry Cohen,42120,42120,0
Steve Antin,934550,934550,0
Manuel Sicilia,64290,64290,0
Max Minghella,97560,97560,0
Cindy Chupack,125890,125890,0
Sam Hargrave,2643020,2643020,0
Steve 'Spaz' Williams,277260,277260,0
Max Nichols,739840,739840,0
Larysa Kondracki,358000,358000,0
Max Adams,99400,99400,0
Sam Esmail,196930,196930,0
Chuck Sheetz,117090,117090,0
Gilbert Adler,158150,158150,0
Marco D'Amore,74790,74790,0
Kyung Ho Lee,11010,11010,0
Gilles Lellouche,120110,120110,0
Andrew Patterson,451410,451410,0
Gille Klabin,67320,67320,0
Fred Savage,179940,179940,0
Matías Moltrasio,14110,14110,0
Steve Martino,499210,499210,0
Maurice Joyce,35440,35440,0
Marcelo Martinessi,32900,32900,0
Shintaro Shimosawa,178930,178930,0
Mauro Bolognini,4620,4620,0
Salvatore Samperi,2670,2670,0
Chris Evans,639630,639630,0
Marcel Langenegger,408760,408760,0
Christos Nikou,54880,54880,0
Kôtarô Tamura,80070,80070,0
Shona Auerbach,225000,225000,0
Marc Vigil,42170,42170,0
LP,112320,112320,0
Ladj Ly,284090,284090,0
Steve Kloves,63540,63540,0
Gaspar Antillo,49710,49710,0
Dan Friedkin,58150,58150,0
Abel Ferry,83620,83620,0
Andrew Sipes,138740,138740,0
Michael Pearce,157540,157540,0
Damien O'Connor,17890,17890,0
Maksim Fadeev,11430,11430,0
Damian Mc Carthy,70750,70750,0
Regina King,343550,343550,0
Maja Milos,72190,72190,0
Yûsuke Hirota,6680,6680,0
Chris Bolan,49450,49450,0
Mahnaz Mohammadi,4440,4440,0
Lawrence Sher,213960,213960,0
Gabriele Mainetti,163220,163220,0
Meir Zarchi,35100,35100,0
Lazar Bodroza,113180,113180,0
Ezekiel Norton,28750,28750,0
Federico D'Alessandro,348240,348240,0
Gail Mancuso,288310,288310,0
Maggie Carey,419900,419900,0
Simon Baker,38760,38760,0
Melina Matsoukas,346860,346860,0
Macon Blair,643160,643160,0
Stephen Merchant,877720,877720,0
Gerald Rascionato,50640,50640,0
Chris Addison,659270,659270,0
Sanna Lenken,17780,17780,0
Antony Hoffman,600010,600010,0
Gerald McMorrow,181870,181870,0
Lee Cronin,224590,224590,0
Damian Nieman,132490,132490,0
Mehdi Barsaoui,12850,12850,0
Charlie Stratton,96970,96970,0
Sid Bennett,58640,58640,0
Reb Braddock,55940,55940,0
Laure de Clermont-Tonnerre,145220,145220,0
Félix Enríquez Alcalá,191390,191390,0
Chris Carter,941020,941020,0
Lauren Miller Rogen,231680,231680,0
Laurence Dunmore,378290,378290,0
Charlie Bean,245890,245890,0
Damien LeVeck,87140,87140,0
Damien Dante Wayans,127710,127710,0
Adam Elliot,1871450,1871450,0
Ewan McGregor,180880,180880,0
Claire Scanlon,648020,648020,0
Claude Barras,292870,292870,0
Laurent Lafitte,18830,18830,0
Manele Labidi,39460,39460,0
Michael Uppendahl,14140,14140,0
Chris Butler,288650,288650,0
Zach Helm,477310,477310,0
Maïmouna Doucouré,326190,326190,0
Stephen Susco,385880,385880,0
Clark Duke,153770,153770,0
Malik Bendjelloul,730620,730620,0
Chris Brinker,93860,93860,0
Gerard Johnstone,376550,376550,0
Michael Dinner,66960,66960,0
Guillaume Maidatchevsky,8380,8380,0
Andrea Berloff,230270,230270,0
Bo Welch,881730,881730,0
Henry Winkler,92270,92270,0
Tomm Moore,632890,632890,0
Tommy Lee Wallace,80640,80640,0
Joachim Rønning,1193220,1193220,0
Herb Gardner,18610,18610,0
Richie Smyth,445360,445360,0
Emmanuel Osei-Kuffour,173470,173470,0
Jirí Havelka,10970,10970,0
Noah Hawley,87210,87210,0
Tommy Wiseau,952400,952400,0
Bruce Paltrow,100750,100750,0
Jimmy T. Murakami,21790,21790,0
Hettie Macdonald,258300,258300,0
Bo Widerberg,75940,75940,0
Diego Quemada-Diez,51380,51380,0
Jim Sonzero,307520,307520,0
Jim Kohlberg,86950,86950,0
Wil Shriner,88250,88250,0
Joby Harold,807560,807560,0
Joel Gallen,1163410,1163410,0
Jodi Scurfield,39930,39930,0
Joel Coen,1151410,1151410,0
Joel Anderson,293290,293290,0
Joe Talbot,220090,220090,0
Joe Pytka,2141920,2141920,0
Joe Penna,584860,584860,0
Tom Savini,456320,456320,0
Tom Schulman,111340,111340,0
Joe Miale,102920,102920,0
Dewey Nicks,152590,152590,0
Henry Bromell,90560,90560,0
Alex Thompson,53320,53320,0
Tom Stoppard,239170,239170,0
Tom Volf,21240,21240,0
Joe Charbanic,285280,285280,0
Henry Hobson,468070,468070,0
Tomer Eshed,21350,21350,0
Diane English,231440,231440,0
Nora Twomey,283180,283180,0
Hikari,31320,31320,0
Robin Bissell,196870,196870,0
Rick Friedberg,404990,404990,0
Jerusha Hess,237440,237440,0
Hiroyuki Okiura,81700,81700,0
Dominique Rocher,160120,160120,0
Jeremy Rush,223240,223240,0
Ricky Staub,98030,98030,0
Peter Glanz,134730,134730,0
Aun Hoe Goh,11960,11960,0
Oleh Malamuzh,29300,29300,0
Oliver Daly,132920,132920,0
Brian Taylor,274840,274840,0
Emma Sullivan,41680,41680,0
Brian Newell,18040,18040,0
Peter Farrelly,5762290,5762290,0
Wayne Thornley,76380,76380,0
Holger Tappe,54230,54230,0
Jenny Popplewell,329560,329560,0
Jenny Gage,662640,662640,0
Tony Richardson,82020,82020,0
Hiroyuki Morita,648500,648500,0
Ofir Raul Graizer,51530,51530,0
Bruce Hunt,415450,415450,0
Jieho Lee,349670,349670,0
Barnaby Thompson,55210,55210,0
Tony Cervone,301510,301510,0
Peter Horton,107200,107200,0
Domenico de Feudis,46740,46740,0
Bob Bowen,54810,54810,0
Bruce Joel Rubin,122090,122090,0
Jessica Swale,93380,93380,0
Emma Tammi,95430,95430,0
Jessica Sharzer,295310,295310,0
Alethea Jones,65060,65060,0
Jessica Bendinger,304840,304840,0
Peter Hastings,61450,61450,0
Nzingha Stewart,268810,268810,0
Akira Kurosawa,75950,75950,0
Peter Hall,73370,73370,0
Joel Crawford,532970,532970,0
Dermot Mulroney,95750,95750,0
David Von Ancken,347250,347250,0
John Payson,145300,145300,0
John Patrick Kelley,21010,21010,0
Tim Mielants,25390,25390,0
Dea Kulumbegashvili,24040,24040,0
John Ottman,189930,189930,0
John Nicolella,87940,87940,0
Tim Roth,112440,112440,0
Dean Craig,222820,222820,0
John Milius,77530,77530,0
Nicol Paone,37720,37720,0
Tim Wardle,402110,402110,0
John Malkovich,68870,68870,0
Dean Wright,53410,53410,0
John Maclean,480660,480660,0
Harry Winer,92770,92770,0
Nicolai Fuglsig,922600,922600,0
John Lasseter,10717340,10717340,0
William Oldroyd,274120,274120,0
Tim Metcalfe,24090,24090,0
Peter Sohn,1278610,1278610,0
Tom McLoughlin,67240,67240,0
John Pieplow,76940,76940,0
John Swanbeck,150630,150630,0
Barry Skolnick,419030,419030,0
John Stevenson,141120,141120,0
Tim Fehlbaum,123910,123910,0
Tim Garrick,123660,123660,0
John Stainton,82370,82370,0
John Slattery,124520,124520,0
Tim Hamilton,59570,59570,0
Blake Harris,9180,9180,0
Alice Filippi,32220,32220,0
Tim Johnson,1118370,1118370,0
Nick Rowland,71550,71550,0
Ali Soozandeh,50090,50090,0
Nick Sarkisov,37340,37340,0
Harry Bradbeer,2206240,2206240,0
Dax Shepard,508060,508060,0
John Poliquin,275010,275010,0
Maryam Touzani,18950,18950,0
Haruka Fujita,65780,65780,0
Richard Wenk,20290,20290,0
John Krokidas,413290,413290,0
Heidi Ewing,16930,16930,0
Nikita Argunov,116450,116450,0
John Bruno,299830,299830,0
Tom DeCerchio,106180,106180,0
John Barr,29010,29010,0
Alexander Witt,2104270,2104270,0
John August,346460,346460,0
Tom Elkins,182820,182820,0
John Andreas Andersen,146850,146850,0
William A. Graham,215920,215920,0
Tom Gormican,1075450,1075450,0
Bo Hu,80410,80410,0
Richie Keen,457390,457390,0
Joey Stewart,120250,120250,0
Alexander Bulkley,74930,74930,0
Peter Malota,31370,31370,0
Barry Battles,160500,160500,0
John Carroll Lynch,261800,261800,0
Bo Burnham,826890,826890,0
Barry Primus,23980,23980,0
John Glenn,193330,193330,0
Agnieszka Wojtowicz-Vosloo,412170,412170,0
John Hughes,232960,232960,0
John Hoffman,46650,46650,0
Richard Williams,46480,46480,0
Timothy Reckart,93960,93960,0
Roger Corman,41690,41690,0
Bryce Dallas Howard,13980,13980,0
John Gatins,141110,141110,0
Hatsuki Tsuji,90860,90860,0
Peter Ramsey,1930700,1930700,0
John Forte,21290,21290,0
Denise Di Novi,167600,167600,0
Hatem Khraiche,84960,84960,0
Deniz Akcay Katiksiz,10840,10840,0
Todd Lincoln,206560,206560,0
Alexandre Espigares,41300,41300,0
Jennifer Westfeldt,431340,431340,0
Emma Seligman,335920,335920,0
Olivia Wilde,1315710,1315710,0
James Tovell,71980,71980,0
Dylan Brown,127600,127600,0
Albert Hughes,666790,666790,0
Patrick Vollrath,331140,331140,0
Irvin Kershner,934450,934450,0
Isaac Gabaeff,57620,57620,0
Bradley Parker,686910,686910,0
Bradley King,492900,492900,0
E. Max Frye,99130,99130,0
Bonnie Hunt,228680,228680,0
Pawo Choyning Dorji,67270,67270,0
Paul Abascal,157020,157020,0
Paul Bettany,54050,54050,0
Boots Riley,885520,885520,0
James Griffiths,200010,200010,0
Bradley Cooper,4211630,4211630,0
Vicky Jenson,151090,151090,0
James Gartner,489220,489220,0
James Schamus,126400,126400,0
James Vanderbilt,212670,212670,0
Jennifer Kaytin Robinson,253530,253530,0
Patrick Tatopoulos,1681730,1681730,0
Patrice Laliberté,99040,99040,0
Ilya Naishuller,1021640,1021640,0
Pen Densham,45180,45180,0
Jan Eliasberg,15630,15630,0
Bobs Gannaway,198770,198770,0
Brenda Chapman,57510,57510,0
Brannon Braga,99710,99710,0
Jan Belcl,75850,75850,0
Brandon Trost,267040,267040,0
Jamie Travis,169160,169160,0
Indar Dzhendubaev,63000,63000,0
Elijah Bynum,236000,236000,0
Jamie Linden,272100,272100,0
Albert Pintó,58050,58050,0
Ingmar Bergman,85320,85320,0
Bradley Walsh,114990,114990,0
James Ward Byrkit,1471940,1471940,0
Ed Blum,61350,61350,0
James F. Robinson,33110,33110,0
Paul Dano,314730,314730,0
Ed Decter,377460,377460,0
Jae-Hoon Choi,54550,54550,0
Paul Mayeda Berges,56130,56130,0
Jacques Dorfmann,54350,54350,0
Egor Abramenko,274030,274030,0
Vince Gilligan,2934430,2934430,0
Alan Cohn,163760,163760,0
Paul Schibli,26650,26650,0
Jacky St. James,8350,8350,0
Jack Nicholson,155370,155370,0
Rob Thomas,547340,547340,0
Alan Alda,39520,39520,0
Rob Schneider,473580,473580,0
Borja Brun,20370,20370,0
Paul Urkijo Alijo,135580,135580,0
Boris von Sychowski,32110,32110,0
Edward Hall,86050,86050,0
Rob Pritts,137560,137560,0
Paul Katis,144100,144100,0
Paul Johansson,143410,143410,0
Eduardo Casanova,71370,71370,0
Virginie Wagon,8220,8220,0
Victor Danell,89830,89830,0
James D. Parriott,40270,40270,0
James D'Arcy,110030,110030,0
Ed Stone,82300,82300,0
Isold Uggadottir,35110,35110,0
Alan Poul,523910,523910,0
Robert D. Krzykowski,138490,138490,0
Braden R. Duemmler,85270,85270,0
Robert Butler,126320,126320,0
James B. Harris,65870,65870,0
Jamel Debbouze,13580,13580,0
Banksy,689060,689060,0
Paul Hunter,522660,522660,0
Viggo Mortensen,70390,70390,0
Rob McKittrick,1063980,1063980,0
Edson Oda,118820,118820,0
Rob Greenberg,412630,412630,0
Pat Proft,293900,293900,0
Brent Bonacorso,144290,144290,0
Hugh Johnson,101110,101110,0
Peter Dodd,6720,6720,0
Jeff Betancourt,90440,90440,0
Doug Lefler,371350,371350,0
Brian DeCubellis,137870,137870,0
Hoyt Yeatman,501320,501320,0
Troy Nixey,506220,506220,0
Jeff Abugov,65370,65370,0
Tsuneo Kobayashi,177580,177580,0
Douglas Attal,61300,61300,0
Otto Bathurst,796760,796760,0
Jeanette Nordahl,18490,18490,0
Robert Machoian,53320,53320,0
Owen Hurley,22400,22400,0
Oz Rodriguez,111520,111520,0
Brian Burns,26330,26330,0
Wally Pfister,2391920,2391920,0
Tuck Tucker,78470,78470,0
Tristram Shapeero,82650,82650,0
Howard Michael Gould,34800,34800,0
Brian Duffield,174840,174840,0
Robert Stromberg,4010970,4010970,0
Donald Wrye,25950,25950,0
Peter Faiman,144040,144040,0
Hong-soo Park,48600,48600,0
Hossein Amini,337420,337420,0
Warren Leight,30270,30270,0
Jeffrey A. Brown,84610,84610,0
Autumn de Wilde,631380,631380,0
Robert Smigel,247050,247050,0
Brian Fee,1230270,1230270,0
Jeff Tomsic,1471910,1471910,0
Robert Resnikoff,49040,49040,0
Jeff Nathanson,43900,43900,0
Jeff Lowell,256360,256360,0
Robert Mulligan,185960,185960,0
Oren Uziel,167370,167370,0
Jeff Fowler,1604380,1604380,0
Ringan Ledwidge,44110,44110,0
Robert Lorenz,687240,687240,0
Dustin Hoffman,212670,212670,0
Emerald Fennell,2129070,2129070,0
Bob Gale,369320,369320,0
Jason Orley,161060,161060,0
Bret Michaels,16360,16360,0
Jason Hall,156980,156980,0
Jason Eisener,487210,487210,0
Jason Cabell,103190,103190,0
Ian Samuels,412220,412220,0
Eliza Schroeder,39520,39520,0
Paris Barclay,617330,617330,0
Jarand Herdal,123970,123970,0
Perry Andelin Blake,273380,273380,0
Brent Dawes,13030,13030,0
Vladimir Nikolaev,7950,7950,0
Jang-Hoon Lee,71250,71250,0
Duncan Tucker,423840,423840,0
Pasha Patriki,74220,74220,0
Robert Harling,50270,50270,0
Alec Baldwin,62110,62110,0
Elizabeth Chomko,47540,47540,0
Jason Woliner,1542090,1542090,0
Peter Care,142010,142010,0
Aleksandr Boguslavskiy,45660,45660,0
Aleksander Bach,958520,958520,0
Hunter Richards,247890,247890,0
Robert Longo,763640,763640,0
Eléonore Pourriat,157840,157840,0
Axelle Laffont,73470,73470,0
Robert Kouba,116640,116640,0
Uga Carlini,14690,14690,0
Ian Corson,14870,14870,0
Drew Barrymore,703180,703180,0
Robert Klane,144970,144970,0
Pailin Wedel,6470,6470,0
Elizabeth Wood,117650,117650,0
Aleem Khan,43290,43290,0
Drew Pearce,586240,586240,0
Elizabeth Lo,16950,16950,0
Nick Guthe,86280,86280,0
Alexis Michalik,37360,37360,0
Eric Blakeney,78650,78650,0
Tadayoshi Yamamuro,239930,239930,0
Guillermo Arriaga,213750,213750,0
Philipp Yuryev,15860,15860,0
David Kerr,835590,835590,0
Carla Simón,84970,84970,0
Terry Hughes,88550,88550,0
Josh Cooley,2815240,2815240,0
Josh Duhamel,85840,85840,0
Jóhann Jóhannsson,44830,44830,0
Josh Janowicz,37410,37410,0
Josh Lawson,278130,278130,0
Josh Schwartz,151570,151570,0
Myroslav Slaboshpytskyi,120170,120170,0
Nathan Grossman,83880,83880,0
Allen Hughes,834650,834650,0
David J. Burke,162850,162850,0
Xavier Legrand,103510,103510,0
Amy Poehler,230290,230290,0
Joshua Wong,6220,6220,0
Jérémy Clapin,367070,367070,0
Yasemin Samdereli,72310,72310,0
Josie Rourke,554910,554910,0
David Atkins,117610,117610,0
David Auburn,41650,41650,0
Guillaume Pierret,142250,142250,0
Tab Murphy,59870,59870,0
Carl Rinsch,1715710,1715710,0
Dave Wilson,851560,851560,0
Jorge Dorado,251610,251610,0
Karen J. Lloyd,18610,18610,0
Karel Reisz,13780,13780,0
Rose Glass,475040,475040,0
Ameen Nayfeh,21130,21130,0
Jorge R. Gutiérrez,782470,782470,0
David Leveaux,154830,154830,0
Dave Filoni,733580,733580,0
Jorma Taccone,474800,474800,0
Bill Purple,47570,47570,0
Hallie Meyers-Shyer,352190,352190,0
Dave Franco,384070,384070,0
Dave McCary,178480,178480,0
Halle Berry,160510,160510,0
Carl Tibbetts,127440,127440,0
Mtjj,23300,23300,0
Halina Reijn,28690,28690,0
Joseph Gordon-Levitt,2474810,2474810,0
Neal Brennan,225990,225990,0
Grégory Levasseur,273050,273050,0
Xan Cassavetes,54090,54090,0
Grégory Magne,19960,19960,0
Guangxi Chang,910,910,0
Amy Holden Jones,34860,34860,0
David Hollander,92010,92010,0
Arthur Benzaquen,26750,26750,0
David Barrett,276270,276270,0
Naomi Foner,163920,163920,0
Billy Hopkins,29040,29040,0
Philip G. Atwell,970500,970500,0
Nacho Cerdá,133150,133150,0
Roxann Dawson,110490,110490,0
Carlo Mirabella-Davis,284420,284420,0
Arseny Syuhin,55350,55350,0
Guy Jenkin,92470,92470,0
Julia Ducournau,895360,895360,0
Julia Leigh,346850,346850,0
Julius Berg,96220,96220,0
Eric Tosti,23160,23160,0
David Galán Galindo,76710,76710,0
Aditya Dhar,724870,724870,0
Amarjit Singh Saron,5090,5090,0
Julio Soto Gurpide,16440,16440,0
Nahnatchka Khan,628560,628560,0
Roy London,22220,22220,0
Guðmundur Arnar Guðmundsson,62070,62070,0
Nagisa Ôshima,80940,80940,0
David Duchovny,98260,98260,0
Julian Rosefeldt,72560,72560,0
Julie Jordan,4630,4630,0
July Jung,32150,32150,0
Juan José Ramírez Mascaró,2230,2230,0
Jun Falkenstein,204130,204130,0
Junta Yamaguchi,82160,82160,0
Natalie Portman,43560,43560,0
Natalie Krinsky,102540,102540,0
Takahiro Ômori,218260,218260,0
Justin Reardon,301920,301920,0
Philip Seymour Hoffman,87410,87410,0
David Bonneville,3410,3410,0
Justin Dec,458800,458800,0
Just Philippot,80810,80810,0
Natalie Erika James,303860,303860,0
Gustav Möller,646320,646320,0
Phil Dornfeld,62070,62070,0
David Grovic,171790,171790,0
Takeshi Nozue,232080,232080,0
José Peña Coto,150,150,0
Carlos Gutiérrez Medrano,8280,8280,0
David Brooks,254200,254200,0
Ruairi Robinson,390230,390230,0
David Hayter,104710,104710,0
Jung Dae-man,2530,2530,0
Phil Roman,121210,121210,0
Amjad Abu Alala,26880,26880,0
Philip Martin,133340,133340,0
Jordan Scott,211330,211330,0
Taran Killam,153710,153710,0
Gregory Widen,334410,334410,0
Keith Thomas,98820,98820,0
Jonah Hill,784110,784110,0
Jonah Markowitz,241130,241130,0
Nicholas Mastandrea,142960,142960,0
David Ross,128100,128100,0
Jonas McCord,95230,95230,0
Thomas Kruithof,26110,26110,0
David Raymond,272120,272120,0
Thomas Kail,1145480,1145480,0
Anders Walter,330520,330520,0
Jonathan Baker,108480,108480,0
Jonathan Darby,133010,133010,0
Nicholas Kazan,61140,61140,0
Ceyda Torun,159180,159180,0
Ryan Fleck,921690,921690,0
Kelly Fremon Craig,1408560,1408560,0
Camille Vidal-Naquet,55050,55050,0
Mitch Rouse,104330,104330,0
Karen Maine,179580,179580,0
Yonfan,4593,4593,0
Hans Stjernswärd,43750,43750,0
Kellen Moore,53830,53830,0
Jonathan Hopkins,49290,49290,0
Hans Horn,199920,199920,0
Grant Sputore,996580,996580,0
David Salle,13870,13870,0
Kenneth Johnson,150970,150970,0
Alice Waddington,175940,175940,0
Susan Montford,73050,73050,0
Eric Bress,121220,121220,0
Tigran Sahakyan,22770,22770,0
Kevin Alyn Elders,71630,71630,0
Winston Azzopardi,49220,49220,0
David Steiman,112440,112440,0
Tiffanie DeBartolo,29560,29560,0
Kerry Conran,875620,875620,0
Aristomenis Tsirbas,122110,122110,0
Keola Racela,26490,26490,0
David Silverman,3505090,3505090,0
Susannah Grant,286370,286370,0
Jon Harris,517400,517400,0
Ryan Gosling,191420,191420,0
Susan Stroman,448380,448380,0
Kent Alterman,861440,861440,0
Eric D. Howell,122010,122010,0
Danil Andreev,2340,2340,0
Jon Poll,667600,667600,0
David Semel,32450,32450,0
Blair Simmons,2240,2240,0
Eskil Vogt,91030,91030,0
David Oyelowo,46290,46290,0
David Prior,389490,389490,0
Russell Crowe,780910,780910,0
Richard Rush,258080,258080,0
Bill Holderman,325710,325710,0
Nia Vardalos,88330,88330,0
Kate Barker-Froyland,103050,103050,0
Dapeng Zhang,960,960,0
David Madden,10280,10280,0
Nelson Shin,300,300,0
Kay Cannon,862700,862700,0
Bill Kroyer,340550,340550,0
Jonathan Prince,107000,107000,0
Bill Muir,19030,19030,0
Thomas Cailley,62660,62660,0
Jong-Yeol Baek,79630,79630,0
Jong-suk Lee,39960,39960,0
Katie Found,26390,26390,0
Philippe Rousselot,18320,18320,0
Thierry Frémaux,16070,16070,0
Theresa Connelly,34400,34400,0
Keanu Reeves,410100,410100,0
Rupert Harvey,83460,83460,0
Ronald Dalton Jr.,7920,7920,0
Nic Mathieu,650490,650490,0
Gregory Poirier,197140,197140,0
Sylvio Tabet,35880,35880,0
Danny Mooney,97170,97170,0
David Ondaatje,53130,53130,0
Rich Moore,4598490,4598490,0
Eric Heisserer,308600,308600,0
Danny Strong,108320,108320,0
Rupert Everett,58870,58870,0
Adam Schindler,142900,142900,0
Ash Brannon,60190,60190,0
David Nutter,253730,253730,0
Dario Piana,136630,136630,0
Cedric Nicolas-Troyan,1197850,1197850,0
Dante Ariola,78320,78320,0
Karey Kirkpatrick,158460,158460,0
Armen Oganezov,10900,10900,0
Park Kwang-su,1235,1234,-1
Fadhel Jaziri,130,128,-2
Stephan Yip,264,262,-2
Gordon Chan,24154,24150,-4
Bakhtyar Khudojnazarov,1243,1239,-4
François Zabaleta,93,89,-4
Sammy Myller,215,210,-5
Taieb Louhichi,158,152,-6
Brent Christy,7410,7404,-6
Kye Jang-Hyuk,159,152,-7
Philippe Ramos,1388,1381,-7
Eric Quizon,663,655,-8
Mauro Gia Samonte,163,155,-8
Tim Gray,415,405,-10
Choi Jin-Chul,612,601,-11
Audrey Estrougo,2560,2548,-12
Rashid Masharawi,1380,1367,-13
Giuliano Montaldo,3049,3032,-17
Ki-hwan Oh,4233,4216,-17
Damian Chapa,3278,3258,-20
Nick Peterson,140,120,-20
Márk Bodzsár,28980,28960,-20
Leon Ding,2310,2290,-20
Ben Feleo,295,274,-21
Huayang Fu,1055,1031,-24
Somaratne Dissanayake,1434,1410,-24
Wing-Chiu Chan,2924,2898,-26
Sadao Nakajima,267,241,-26
Madison Monroe,1703,1675,-28
Raúl Perrone,350,321,-29
Sanjay Nayak,163,130,-33
Garnet Mae,1174,1140,-34
Saawan Kumar Tak,6392,6358,-34
Syed Noor,414,379,-35
Yûki Yamato,8389,8353,-36
Yeon-Shick Shin,835,795,-40
Gilberto de Anda,248,208,-40
Issei Shibata,2306,2262,-44
Kazuki Ômori,352,306,-46
Giuseppe Bertolucci,1252,1205,-47
Flora Gomes,1550,1503,-47
Mark Jackson,5340,5290,-50
Rachid Ferchiou,174,124,-50
Houchang Allahyari,414,362,-52
Kasper Juhl,732,677,-55
Eric DelaBarre,4395,4340,-55
Dan Pita,1358,1301,-57
Alonso O. Lara,122,64,-58
Lee Dong-Joon,980,918,-62
Damián Romay,2966,2902,-64
Christian Dyekjær,1404,1340,-64
Vincenzo Marra,1486,1422,-64
John Hau,242,176,-66
Shin'ya Ayabe,1006,939,-67
Tibor Takács,26800,26730,-70
Kiti Luostarinen,452,382,-70
Toshiyuki Morioka,571,499,-72
Khaled Ghorbal,384,310,-74
Ninì Grassia,443,368,-75
Gary Sinyor,2930,2855,-75
Hisayasu Satô,588,511,-77
David Blyth,4530,4452,-78
Jaroslav Vojtek,359,276,-83
Jason Figgis,841,757,-84
Jacques Deray,3440,3350,-90
Heinz Emigholz,531,440,-91
Rergchai Poungpetch,795,704,-91
Andy Wing-Keung Chin,396,305,-91
Amir Karakulov,236,145,-91
Marion Laine,3480,3386,-94
Avi Mograbi,705,610,-95
David Verbeek,2063,1966,-97
Arie Azis,670,573,-97
Pavol Barabas,399,301,-98
Sungkyu Cho,460,360,-100
Dayyan Eng,16060,15958,-102
André Erkau,6174,6070,-104
Eric Bergkraut,538,431,-107
Chun-Ku Lu,460,352,-108
Lorenzo Doumani,2050,1942,-108
Rodrigo Aragão,3694,3584,-110
Peter Foldy,1679,1566,-113
Nicolas Wadimoff,669,555,-114
Jarret Tarnol,7614,7500,-114
John Hay,15405,15290,-115
Rafa Lara,2124,2007,-117
Mark Lewis,1539,1422,-117
Thom Fitzgerald,30850,30730,-120
F.C. Rabbath,1096,974,-122
Dan Setton,300,177,-123
Andreas Johnsen,2563,2440,-123
Torun Lian,7180,7056,-124
Ara Paiaya,6626,6500,-126
Masanori Tominaga,929,801,-128
Viji Thampi,1230,1099,-131
Nouri Bouzid,1018,877,-141
Worth Keeter,3790,3649,-141
Charlie Minn,1723,1582,-141
Claudio Costa,233,87,-146
Rob Nilsson,237,90,-147
Kôichirô Miki,1207,1058,-149
Andrew Kotting,1860,1710,-150
Anucha Boonyawatana,7578,7428,-150
Tomás Svoboda,1340,1190,-150
Doron Eran,924,772,-152
T.L.V. Prasad,605,451,-154
Ghassan Salhab,555,395,-160
Leland Price,2630,2470,-160
Magnus Gertten,850,688,-162
Kon Ichikawa,2644,2482,-162
Suzanne Osten,1575,1412,-163
Moses Inwang,679,515,-164
Ben Meyerson,2860,2696,-164
René Cardona III,334,168,-166
João Mário Grilo,748,578,-170
Udayakantha Warnasuriya,610,440,-170
Lech Kowalski,860,690,-170
Neal 'Buboy' Tan,300,125,-175
Joud Saeed,332,152,-180
Sabina Guzzanti,7073,6890,-183
Jo Tae-ho,1220,1036,-184
Enrique Gabriel,1106,922,-184
Iraj Ghaderi,1813,1623,-190
Edwin Brienen,389,196,-193
Douglas Schulze,6337,6144,-193
Alex Wesley,541,347,-194
Alain Cavalier,1060,859,-201
Peter Kern,506,304,-202
Ly Hai,804,600,-204
Yasushi Koshizaka,718,513,-205
Kaspar Astrup Schröder,1556,1350,-206
Jon Steven Ward,8794,8586,-208
Joven Tan,373,157,-216
Findo Purwono,498,282,-216
Ravi Babu,1394,1178,-216
Sandra Werneck,7066,6849,-217
Ivo Ferreira,4958,4740,-218
Ming Zhang,1069,850,-219
Ali Ghavitan,328,108,-220
Jeremy Norrie,1015,786,-229
Petr Václav,1458,1224,-234
Wes Llewellyn,6823,6589,-234
Christoph Hochhäusler,5620,5386,-234
James Fotopoulos,512,277,-235
Jianxin Huang,2086,1850,-236
Kazuya Konaka,1312,1075,-237
Lloyd A. Simandl,1430,1192,-238
Yorgos Avgeropoulos,1234,995,-239
Lee H. Katzin,3500,3260,-240
Sabine Derflinger,1628,1387,-241
Kiefer Liu,654,412,-242
Jonathan Haswell,323,80,-243
Steven Okazaki,15995,15750,-245
Paul D. Hannah,1936,1689,-247
Naoto Takenaka,986,738,-248
Aryan Kaganof,1882,1633,-249
Ricardo Islas,1917,1667,-250
Ute von Münchow-Pohl,5680,5430,-250
David Bickerstaff,684,430,-254
Yoshihiro Fukagawa,1135,880,-255
Eisaku Kawanami,2310,2052,-258
Mircea Daneliuc,2989,2730,-259
James Lee,689,426,-263
Kaila York,4420,4155,-265
Georges Chamchoum,3484,3218,-266
Woo-Seong Choi,418,150,-268
Rui Constantino,2994,2720,-274
Michael McNamara,739,464,-275
Valeri Milev,10650,10370,-280
Nayato Fio Nuala,471,184,-287
Louisa Warren,4486,4198,-288
David Heavener,2242,1954,-288
Masashi Yamamoto,781,492,-289
Vincent Dieutre,450,160,-290
David Caesar,6981,6690,-291
Marion Hänsel,952,660,-292
Eric Tsang,2436,2141,-295
Pauli Janhunen Calderón,895,600,-295
Ahmad Idham,833,536,-297
Patrick Grandperret,3160,2860,-300
Ricard Cussó,3140,2840,-300
Todd Holland,63640,63340,-300
Jonathan Milton,1028,726,-302
Dean McKendrick,6276,5968,-308
Wai-Man Cheng,925,616,-309
Maximilian Elfeldt,7940,7630,-310
Quan'an Wang,7870,7560,-310
William H. Molina,3160,2850,-310
Mike Kesey,1350,1038,-312
Kayode Kasum,961,649,-312
Asoka Handagama,1205,893,-312
Ran Tal,634,320,-314
Marc Recha,1829,1512,-317
Darin Scott,12263,11945,-318
Mohammad Ali Sajjadi,543,225,-318
Rosshan Andrrews,23926,23602,-324
Tim McCann,3789,3465,-324
Giles Walker,2395,2070,-325
Dusan Rapos,1237,911,-326
Matej Minac,4648,4322,-326
Thierry Michel,1469,1142,-327
Piotr Matwiejczyk,513,180,-333
Bruno Mattei,894,560,-334
José Luis Guerín,4970,4632,-338
Nathan Hill,997,658,-339
Volker Koepp,607,267,-340
R. Ellis Frazier,8220,7880,-340
Dave Christiano,2220,1880,-340
Bertrand Blier,13740,13398,-342
Mark Stouffer,8520,8177,-343
Eric Styles,9350,9004,-346
Sekhar Kammula,35866,35520,-346
José Luis García Sánchez,1167,821,-346
Frank Pérez-Garland,1412,1065,-347
Jamil Dehlavi,5296,4947,-349
Tetsuo Shinohara,1534,1184,-350
Jared Cohn,8073,7723,-350
Michael J. Murphy,862,512,-350
Ismail Farouk,2211,1857,-354
Murali Nair,841,486,-355
Jean-Loup Hubert,2210,1855,-355
Andy Bausch,757,402,-355
Javier Colinas,3927,3570,-357
Eduardo Sánchez,109520,109160,-360
Rokuro Mochizuki,717,352,-365
Mohammad Ali Talebi,1926,1559,-367
Howard J. Ford,7875,7508,-367
Saara Cantell,2542,2174,-368
Robbie Moffat,1010,640,-370
Jean Beaudry,1565,1194,-371
Garrett Batty,9102,8730,-372
Antony Hickling,1660,1287,-373
Alec Mills,5634,5260,-374
Byron W. Thompson,4268,3890,-378
Masahiro Kobayashi,989,610,-379
Florian Flicker,1731,1350,-381
Namewee,1475,1094,-381
Ruben Preuss,4355,3973,-382
Marco Simon Puccioni,3446,3063,-383
Christina Olofson,4061,3678,-383
Paul-Anders Simma,525,142,-383
Joshua Patrick Dudley,894,510,-384
Philippe Harel,4405,4020,-385
Mark A. Reyes,1523,1131,-392
Kôichi Sakamoto,2219,1826,-393
Benjamin Gourley,4599,4200,-399
Svetla Tsotsorkova,3420,3020,-400
K.C. Park,3777,3375,-402
Bhandit Rittakol,671,267,-404
Francis Girod,2955,2549,-406
T.V. Chandran,1916,1509,-407
Miguel Gaudêncio,1727,1317,-410
Jilani Saâdi,530,115,-415
Gil Portes,611,191,-420
Arturo Ripstein,3071,2650,-421
Vladimir Khotinenko,2265,1844,-421
Tony Spiridakis,4520,4094,-426
Don Boyd,5380,4949,-431
Hirobumi Watanabe,1601,1167,-434
Chris Angel,7200,6764,-436
Sang-woo Lee,870,432,-438
Richard Dindo,728,287,-441
Stefan C. Schaefer,6434,5987,-447
Rüdiger Suchsland,8980,8530,-450
Erlingur Thoroddsen,11685,11230,-455
Fatmir Koçi,2164,1708,-456
A. Kodandarami Reddy,1323,864,-459
Godfrey Ho,2089,1628,-461
Eva Mulvad,1468,1000,-468
Hideaki Anno,20550,20080,-470
Andrew Jones,9126,8652,-474
Sébastien Pilote,6680,6200,-480
Karin Albou,9100,8610,-490
Nobuo Mizuta,3089,2597,-492
Toka McBaror,907,414,-493
Sébastien Betbeder,4883,4390,-493
Heddy Honigmann,1934,1434,-500
Bogdan George Apetri,9030,8530,-500
Roger Cantin,2806,2304,-502
Jean-Paul Rouve,6920,6417,-503
Marion Vernoux,3784,3280,-504
Roger Cardinal,2968,2464,-504
Tom Lin,8935,8430,-505
Piyapan Choopetch,2065,1560,-505
Mantas Kvedaravicius,1996,1488,-508
Eckhart Schmidt,643,130,-513
Dominik Hartl,15496,14980,-516
Ra'anan Alexandrowicz,3948,3431,-517
Roy Stuart,3010,2490,-520
Rasmus A. Sivertsen,8760,8240,-520
Julie Lopes-Curval,4606,4082,-524
Pablo Moreno,1831,1304,-527
Jean-Charles Tacchella,1678,1150,-528
David Kane,17110,16580,-530
Dustin Mills,2274,1743,-531
Adolfo Alix Jr.,766,234,-532
Paul T.T. Easter,1157,624,-533
Tim Hunter,28300,27766,-534
Yasmin Ahmad,3140,2604,-536
Alfred Cheung,1955,1416,-539
Soo-il Jeon,890,349,-541
Daniel Gordon,8303,7761,-542
Siu-Hung Chung,1399,854,-545
Anthony Power,2190,1640,-550
Nariman Turebaev,761,210,-551
Fajar Nugros,1617,1063,-554
Shimako Sato,7920,7362,-558
Rodney Gibbons,5350,4792,-558
Laura Bispuri,12430,11870,-560
Yoshikazu Katô,803,241,-562
Simo Halinen,6839,6270,-569
Art Camacho,4596,4026,-570
Kriv Stenders,1754,1182,-572
Ricardo Arnaiz,6840,6266,-574
Osamu Kaneda,1446,871,-575
Atsushi Funahashi,1040,461,-579
Om Prakash Rao,828,246,-582
Kaneto Shindô,2206,1620,-586
Júlio Bressane,1852,1265,-587
Shane Stanley,10366,9774,-592
Irena Pavlásková,2443,1850,-593
Monty Tiwa,2561,1961,-600
Terence H. Winkless,6610,6008,-602
Alexander Hahn,3900,3292,-608
André Forcier,1730,1119,-611
Robert Clem,3240,2626,-614
Alberto Lecchi,1946,1331,-615
Alan Byron,1761,1144,-617
Raphaël Nadjari,1316,696,-620
Fabrizio De Angelis,1208,582,-626
Kei Shu,1928,1296,-632
Jesús Franco,1650,1017,-633
Marc F. Voizard,3250,2612,-638
Radu Gabrea,1387,738,-649
Kevin Tenney,6390,5738,-652
James Becket,2310,1656,-654
Lynn Roth,4436,3780,-656
Mark Harris,5164,4505,-659
Shawn Welling,1298,637,-661
Jan Jakub Kolski,2150,1487,-663
Claes Olsson,3056,2392,-664
Armando Bo,16770,16105,-665
Vincent Soberano,1560,895,-665
Albert Magnoli,8860,8194,-666
Stanislaw Mucha,1304,632,-672
Greg Tiernan,3363,2690,-673
Eyal Sivan,2394,1719,-675
David Huey,1886,1209,-677
Pasquale Scimeca,1144,466,-678
Darezhan Omirbayev,2757,2079,-678
Danny A. Abeckaser,6370,5690,-680
Biju Viswanath,1041,360,-681
K.K. Haridas,954,272,-682
Rajiv Chilaka,773,89,-684
Tze-Chung Lam,954,268,-686
Thomas Extreme Cinemagore,1550,860,-690
Karel Kachyna,3038,2346,-692
Albert Hanan Kaminski,2646,1950,-696
Lance Rivera,33980,33280,-700
M.L. Pundhevanop Dhewakul,3624,2919,-705
Scott P. Levy,2925,2220,-705
Nicolas Philibert,2137,1430,-707
Matthew Harrison,6301,5582,-719
Marcy Ronen,3003,2282,-721
Keiichi Kobayashi,1475,753,-722
Connie Macatuno,2817,2094,-723
Norberto Ramos del Val,2287,1561,-726
André Schäfer,1273,544,-729
Jacques Nolot,5812,5080,-732
Luca Viotto,2246,1510,-736
Ken Iizuka,1909,1173,-736
Katja Gauriloff,3317,2578,-739
Jirí Chlumský,2094,1346,-748
Bowie Lau,1113,363,-750
Karl Slovin,5620,4867,-753
Margreth Olin,2716,1962,-754
Antonio Bonifacio,1623,867,-756
Helena Taberna,4030,3274,-756
Sang-hoon Choi,1640,884,-756
Gabriel Bologna,7287,6529,-758
Andoy Ranay,2111,1340,-771
Beppe Cino,1234,460,-774
Amos Kollek,2143,1366,-777
Dustin Ferguson,1143,364,-779
Sean Donohue,1864,1080,-784
Clark Brandon,7521,6734,-787
Martin Miehe-Renard,2298,1510,-788
Hugh Hudson,31560,30770,-790
James Balsamo,1139,347,-792
Daigo Matsui,1904,1110,-794
Steven Vasquez,2166,1371,-795
Jean-Pierre Mocky,1027,231,-796
Larry Yang,3256,2460,-796
José María Cabral,2785,1975,-810
Jin-soo Noh,1610,790,-820
Mark A. Lewis,91260,90438,-822
Sam Akina,8532,7702,-830
Julien Leclercq,29780,28950,-830
Rama Rau,1580,748,-832
Maggie Greenwald,17800,16963,-837
Alanis Obomsawin,1213,374,-839
Lawrence Fajardo,1062,218,-844
Moacyr Góes,3123,2279,-844
Jacob Berger,2159,1312,-847
Ying Ning,1441,591,-850
Bradley Battersby,6200,5348,-852
Edoardo De Angelis,9652,8797,-855
Xing Fei,7615,6760,-855
Bob Keen,12240,11378,-862
Anup Singh,7494,6630,-864
Duccio Chiarini,5910,5041,-869
Alfonso Rodríguez,2393,1522,-871
Peter Luisi,5525,4653,-872
Suri Krishnamma,11850,10977,-873
Crisaldo Pablo,1131,253,-878
Dong-yeob Shin,1490,610,-880
Tomoyuki Takimoto,8006,7125,-881
Jason Mills,1867,985,-882
Danial Hajibarat,2212,1330,-882
María Victoria Menis,2434,1547,-887
Ian McCrudden,4456,3566,-890
Przemyslaw Wojcieszek,1564,673,-891
Christopher R. Mihm,1597,706,-891
Eduardo W. Roy Jr.,3147,2249,-898
Laetitia Masson,2990,2090,-900
António-Pedro Vasconcelos,12410,11504,-906
Michele Mally,2318,1400,-918
Paul Soriano,2375,1453,-922
Kazuhiro Sôda,2324,1400,-924
Paulo Thiago,1688,763,-925
Steven M. Smith,3835,2906,-929
Mike Marvin,3828,2898,-930
Terry Lee Coker,4114,3176,-938
Sam Irvin,4460,3520,-940
Francesco Patierno,4270,3329,-941
Phil Leirness,2363,1416,-947
David Palmieri,2429,1480,-949
Mira Fornay,2570,1614,-956
Vadim Sokolovsky,11040,10079,-961
Marc Punt,5713,4750,-963
Mario Bianchi,1212,236,-976
Kôhei Oguri,3970,2994,-976
Laila Pakalnina,1645,666,-979
Kelley Cauthen,2920,1940,-980
Raul Inglis,7740,6750,-990
Yi-chi Lien,3632,2639,-993
Bill McAdams Jr.,2430,1433,-997
Martin Duffy,7878,6878,-1000
Phillip Ko,1192,192,-1000
Marcos Zurinaga,9152,8144,-1008
Neema Barnette,6902,5893,-1009
Michael Rubbo,3300,2289,-1011
Chatrichalerm Yukol,2384,1373,-1011
Adam Sherman,4533,3516,-1017
Eduardo Mignogna,4859,3840,-1019
Makoto Shinozaki,1362,340,-1022
Andrew Lane,3790,2766,-1024
Carlos Bolado,6740,5712,-1028
Christian Theede,1989,960,-1029
Gi-hoon Jeong,18822,17790,-1032
Jeannot Szwarc,6395,5360,-1035
Shemi Zarhin,4199,3163,-1036
Jeffery Scott Lando,5982,4944,-1038
Calum Waddell,2223,1181,-1042
Poj Arnon,2612,1568,-1044
Benedek Fliegauf,7578,6526,-1052
Ponram,21142,20090,-1052
Mohamed Al Daradji,6703,5640,-1063
Raditya Dika,6081,5012,-1069
Len Kabasinski,2346,1275,-1071
Lior Shamriz,1450,374,-1076
V.M. Vinu,2141,1065,-1076
Jean-Pierre Améris,4740,3660,-1080
Paul Hills,3991,2906,-1085
Miguel Cohan,10393,9304,-1089
Tiina Lymi,8472,7361,-1111
Ventura Pons,1643,529,-1114
Mahesh Kothare,3966,2849,-1117
Harold Trompetero,1661,544,-1117
Erik Matti,4338,3220,-1118
Hiner Saleem,13142,12020,-1122
Florian Ross,4785,3660,-1125
Ryuta Tasaki,1938,810,-1128
Yuriy Bykov,22600,21470,-1130
Francisco J. Lombardi,2145,1010,-1135
Christophe Ruggia,7735,6596,-1139
David Hayman,3658,2517,-1141
Strathford Hamilton,3720,2575,-1145
Beto Brant,8591,7443,-1148
William Winckler,1373,225,-1148
Richard Brauer,1868,719,-1149
Andrew Chiaramonte,2340,1180,-1160
Anna van der Heide,5670,4505,-1165
Brant Sersen,13202,12034,-1168
Kazim Öz,4022,2854,-1168
Sandra L. Martin,6750,5580,-1170
Antonio Nuic,5955,4785,-1170
Seok-beom Kang,9629,8453,-1176
Carlo Fusco,2928,1748,-1180
Paul Ruven,1579,395,-1184
Lotte Svendsen,2767,1582,-1185
Rick Bieber,13556,12370,-1186
Tom Whitus,2117,925,-1192
Nicole van Kilsdonk,3010,1818,-1192
Jim McKay,8335,7142,-1193
Gjergj Xhuvani,2826,1632,-1194
Mark Jonathan Harris,12740,11545,-1195
A.D. Calvo,7880,6680,-1200
Stefan Krohmer,6557,5356,-1201
Juan Carlos Tabío,7866,6664,-1202
Milos Smídmajer,2802,1598,-1204
Jonathan Nossiter,4896,3690,-1206
Brad Keller,4427,3220,-1207
Kam-Hung Yip,3906,2690,-1216
Hannes Michael Schalle,1878,660,-1218
Shun Nakahara,2026,803,-1223
Leigh Scott,5046,3822,-1224
Leon Ichaso,48800,47576,-1224
Matías Piñeiro,3265,2040,-1225
Adam Wong,4369,3142,-1227
Diego Lerman,8920,7690,-1230
Sergey A.,2416,1183,-1233
John Shea,11813,10580,-1233
Hisham Zaman,4832,3596,-1236
Nancy Buirski,5802,4564,-1238
Alison Maclean,40280,39040,-1240
Tomoyuki Furumaya,1670,426,-1244
Margarida Cardoso,2010,765,-1245
Walter Lima Jr.,3952,2698,-1254
Fruit Chan,15527,14270,-1257
Johannes Holzhausen,3881,2624,-1257
Eric Hendershot,4269,3010,-1259
Lina Wertmüller,2760,1500,-1260
Rajasenan,2435,1173,-1262
Joel Paul Reisig,3916,2650,-1266
Clifton Ko,1658,388,-1270
Ahmad El-Badri,2511,1240,-1271
Patrick Kong,1737,464,-1273
Xiaoning Feng,2083,804,-1279
Jac Avila,1836,556,-1280
Aleksandr Proshkin,2278,998,-1280
Theodore Thomas,10950,9666,-1284
André van Heerden,2578,1294,-1284
Seth Breedlove,3396,2106,-1290
Jim McBride,8050,6760,-1290
Alessandro Benvenuti,2183,890,-1293
Alex Tsitsilin,25120,23820,-1300
Elisa Amoruso,5556,4256,-1300
Menahem Golan,2454,1143,-1311
Aaron Mirtes,8170,6846,-1324
Eric Lavaine,12680,11350,-1330
Tim McCanlies,26010,24680,-1330
Ricky Lau,1599,262,-1337
Julián Hernández,3686,2340,-1346
Philippe de Broca,10440,9094,-1346
Bruce Sweeney,1774,427,-1347
Maggie Kiley,11347,10000,-1347
Dorota Kedzierzawska,3009,1662,-1347
Bill Zebub,1989,637,-1352
Richard Griffin,2708,1356,-1352
Nanouk Leopold,6152,4800,-1352
Songyos Sugmakanan,21930,20566,-1364
Lucifer Valentine,10080,8710,-1370
Demetrius Navarro,3268,1893,-1375
Manuel Huerga,15398,14018,-1380
Ranjith,8672,7287,-1385
Jonathan Heap,6660,5270,-1390
Mary McGuckian,3262,1870,-1392
Bruno de Almeida,2880,1487,-1393
Eli Cohen,2641,1248,-1393
Jeff Leroy,2738,1340,-1398
Philip Goodhew,8240,6840,-1400
Kant Leung,1607,205,-1402
Jean-Philippe Duval,5052,3650,-1402
Hansol Shin,8300,6897,-1403
Mark Roper,3352,1942,-1410
Jordan Alan,2480,1067,-1413
Cirio H. Santiago,3300,1878,-1422
Damien Odoul,3821,2399,-1422
Artyom Aksenenko,3619,2194,-1425
Yusheng Tian,3193,1760,-1433
Sam Garbarski,19232,17790,-1442
Donna Deitch,5030,3581,-1449
Greg MacGillivray,3838,2386,-1452
Jochen Hick,2094,633,-1461
Auli Mantila,4940,3477,-1463
Carlos Vermut,35140,33670,-1470
Ackyl Anwari,3940,2461,-1479
Behruz Afkhami,4192,2710,-1482
Avid Liongoren,4742,3260,-1482
David Worth,7130,5646,-1484
Su-won Shin,4220,2733,-1487
John A. Gallagher,3290,1797,-1493
Jamie Adams,3730,2236,-1494
Alessandro Genovesi,12309,10812,-1497
Bernard Émond,3248,1747,-1501
Vincenzo Salemme,4132,2625,-1507
Kinga Debska,12570,11062,-1508
David Stoten,5180,3670,-1510
Federico Veiroj,4740,3220,-1520
Jorge Fons,25816,24295,-1521
Tim Sutton,7866,6340,-1526
Yutaka Ikejima,1882,352,-1530
Panna Rittikrai,6442,4910,-1532
Alan Zweig,2481,944,-1537
Nahid Persson,3310,1767,-1543
Susumu Mitsunaka,3334,1790,-1544
Carlos Diegues,7306,5760,-1546
Daric Gates,14432,12880,-1552
Jag Mundhra,7710,6154,-1556
James Erskine,11247,9690,-1557
Mike Marzuk,4668,3110,-1558
John Webster,2063,496,-1567
Rob Meyer,23970,22395,-1575
Vinci Vogue Anzlovar,3158,1583,-1575
Bartosz Konopka,6367,4790,-1577
Jinglei Xu,6418,4835,-1583
Stefano Milla,4823,3231,-1592
James Benning,1890,298,-1592
Samuel Benchetrit,9070,7477,-1593
Eduardo Montes-Bradley,1700,106,-1594
Pang Eun-jin,13963,12357,-1606
Kirk Harris,10086,8480,-1606
Manuel Gómez Pereira,4500,2893,-1607
Jan Cvitkovic,4670,3060,-1610
Chao Wang,2098,485,-1613
Sanal Kumar Sasidharan,5256,3626,-1630
Laurent Heynemann,3967,2330,-1637
Sundar C.,11560,9910,-1650
Shinnosuke Yakuwa,11696,10040,-1656
Chuen-Yee Cha,2098,439,-1659
Jannik Hastrup,2080,416,-1664
Nina Menkes,3590,1922,-1668
Ken'ichi Fujiwara,2448,780,-1668
Zelimir Zilnik,2090,416,-1674
Roberta Torre,3154,1477,-1677
Chris Sivertson,29000,27310,-1690
Paolo Franchi,4789,3097,-1692
Jonathan Dueck,8630,6934,-1696
J.J. Johnson,3480,1780,-1700
Mauro Lima,17308,15608,-1700
Janez Burger,4120,2413,-1707
Abner Benaim,3610,1898,-1712
Robert Schwartzman,10778,9060,-1718
Sameh Abdulaziz,6340,4617,-1723
Urs Odermatt,4910,3183,-1727
Denis Chernov,5130,3400,-1730
Navaniat Singh,6843,5112,-1731
Tomás Vorel,4037,2304,-1733
Oliver Rihs,4510,2770,-1740
Raffaele Picchio,5350,3610,-1740
Adrian Buitenhuis,8700,6960,-1740
Ulrik Imtiaz Rolfsen,22770,21028,-1742
Claudio Poli,2700,950,-1750
Tsutomu Mizushima,4131,2376,-1755
Dejan Zecevic,10238,8478,-1760
H. Gordon Boos,4760,2990,-1770
Bohdan Sláma,6466,4695,-1771
Rizal Mantovani,3245,1469,-1776
Nick Rotundo,5600,3820,-1780
Santhosh P. Jayakumar,7271,5488,-1783
Mike Sedan,4224,2438,-1786
Didier Le Pêcheur,5195,3406,-1789
Joel Silberg,11870,10080,-1790
Dror Zahavi,5606,3810,-1796
Juan Manuel Cotelo,2827,1030,-1797
Bettina Oberli,6942,5130,-1812
Puri Jagannadh,6336,4515,-1821
Ian Fitzgibbon,24704,22872,-1832
Chris Menges,21920,20080,-1840
Seijun Suzuki,12124,10279,-1845
Finn Taylor,19040,17190,-1850
Baz Taylor,4582,2730,-1852
Keitarô Motonaga,12138,10284,-1854
Merzak Allouache,2496,641,-1855
Enrico Oldoini,4910,3050,-1860
Ute Wieland,8662,6800,-1862
Charlie David,2380,517,-1863
Adam Lipsius,18420,16556,-1864
Mikhail Segal,15065,13200,-1865
Hilary Brougher,9107,7238,-1869
Hanny Saputra,2689,818,-1871
Aleksandr Mindadze,4446,2567,-1879
Manoel de Oliveira,8888,7000,-1888
Celina Murga,4007,2118,-1889
Iara Lee,3099,1210,-1889
Cheyenne Carron,2053,163,-1890
Metod Pevec,2836,938,-1898
Peter Del Monte,2746,840,-1906
Vincent Lannoo,4364,2456,-1908
Robert M. Young,9950,8020,-1930
Jared Masters,2159,221,-1938
J. Horton,6324,4380,-1944
Juraj Lehotsky,3760,1812,-1948
Pascal Rabaté,3914,1961,-1953
Yûichi Satô,5220,3266,-1954
Petr Nikolaev,3968,2004,-1964
Yoav Shamir,4285,2316,-1969
Zhenzhao Lin,3440,1459,-1981
Ebrahim Forouzesh,2674,691,-1983
Anne Le Ny,6310,4313,-1997
Matt Bissonnette,7792,5790,-2002
Sulev Keedus,2910,906,-2004
Kristian Petri,3171,1162,-2009
Adrian Popovici,2661,645,-2016
Paolo Zucca,7570,5554,-2016
Robert Morin,3565,1548,-2017
Philippe Bérenger,5160,3140,-2020
Marco Tullio Giordana,6430,4410,-2020
Mina Shum,6816,4792,-2024
Grethe Bøe-Waal,4044,2017,-2027
Giacomo Campeotto,3735,1706,-2029
Mathieu Amalric,11644,9607,-2037
Kai-Ming Lai,2488,451,-2037
Kazuki Akane,8910,6871,-2039
Lisa Langseth,49670,47630,-2040
Stephen Low,3695,1648,-2047
Jonathan Sobol,19440,17390,-2050
Andrew Blake,3139,1087,-2052
Alexandru Solomon,4860,2804,-2056
Mandeep Benipal,2997,940,-2057
Simone van Dusseldorp,3278,1220,-2058
Laurence Ferreira Barbosa,3480,1408,-2072
Abdullah Oguz,39173,37096,-2077
Yolande Zauberman,3910,1833,-2077
Joselito Altarejos,2435,357,-2078
Anggy Umbara,4285,2206,-2079
Rithy Panh,3180,1095,-2085
Christine Pascal,4688,2600,-2088
Stuart Stone,7212,5124,-2088
Pascal Thomas,4952,2859,-2093
Dmitriy Astrakhan,2455,362,-2093
Henry Jaglom,2995,901,-2094
Jörg Buttgereit,29940,27842,-2098
Jan Balej,4360,2240,-2120
Ivan Ikic,5738,3610,-2128
Julia Rezende,8839,6710,-2129
Stephan Brenninkmeijer,11371,9238,-2133
Lynn Hamrick,3691,1555,-2136
Lance Kawas,6050,3914,-2136
Barbara Bredero,5966,3829,-2137
Michael Spence,4690,2553,-2137
Rafal Zielinski,2885,746,-2139
José Alvarenga Jr.,9833,7690,-2143
Babak Payami,6850,4701,-2149
Duncan Roy,10489,8336,-2153
Melissa Painter,5238,3070,-2168
Tucky Williams,3810,1640,-2170
Gary Walkow,5715,3545,-2170
Josh Becker,8150,5978,-2172
Phil Grabsky,2505,330,-2175
Lavinia Currier,9220,7045,-2175
Oxide Chun Pang,2878,702,-2176
Reinert Kiil,6709,4527,-2182
Andreas Schnaas,6654,4465,-2189
Ali Samadi Ahadi,4400,2210,-2190
Kim Jee-woon,60240,58050,-2190
Anjan Dutt,4456,2254,-2202
Matt Jaissle,3060,858,-2202
Ja-kwan Kong,3366,1160,-2206
Hitoshi Yazaki,3560,1348,-2212
Charlie Vaughn,5266,3049,-2217
Daniel Fridell,6898,4676,-2222
Ricky Tognazzi,9544,7321,-2223
Giada Colagrande,3640,1416,-2224
Lucas Lowe,15460,13234,-2226
Andrejs Ekis,4343,2116,-2227
Rod McCall,5650,3422,-2228
Sean Patrick O'Reilly,17490,15243,-2247
Alessio Maria Federici,5955,3707,-2248
Vitaliy Versace,2706,456,-2250
Valérie Guignabodet,9775,7524,-2251
Carlo Gustaff,4491,2238,-2253
Naoyoshi Shiotani,12192,9937,-2255
Kim Dae-seung,13910,11648,-2262
Temístocles López,4416,2154,-2262
John Penney,11630,9362,-2268
Ron Moler,12490,10220,-2270
Todd Verow,4139,1867,-2272
Christian Klandt,9178,6898,-2280
John Lyde,9090,6800,-2290
Gustavo Graef Marino,6630,4340,-2290
María Novaro,5103,2809,-2294
Andreas Gruber,3250,955,-2295
E.V.V. Satyanarayana,3411,1116,-2295
Phie Ambo,2723,418,-2305
Jong-chan Yun,7006,4701,-2305
Christopher Munch,6754,4425,-2329
Jung Huh,23740,21410,-2330
Szabolcs Hajdu,8921,6588,-2333
Marek Najbrt,5046,2712,-2334
Jean-Pierre Sinapi,5390,3052,-2338
Raymond Jafelice,5910,3570,-2340
Jerry P. Jacobs,5400,3047,-2353
Chalerm Wongpim,7492,5138,-2354
Tova Magnusson,16848,14490,-2358
Jeffrey Lau,6450,4080,-2370
Otar Iosseliani,5880,3510,-2370
Ishaya Bako,2972,600,-2372
Alejandro Fernández Almendras,4467,2085,-2382
Mitsuru Hongô,5028,2644,-2384
Jamie Patterson,7480,5096,-2384
Sergey Solovyov,3563,1172,-2391
Hana Makhmalbaf,12705,10312,-2393
Nick Willing,28550,26148,-2402
Tsutomu Hanabusa,4780,2377,-2403
Rob Williams,9263,6858,-2405
Danny J. Boyle,4338,1930,-2408
Sharon von Wietersheim,8675,6264,-2411
John D. Hancock,4266,1849,-2417
Ryan Bellgardt,9265,6840,-2425
Jeffrey Reiner,8860,6434,-2426
Michael Fischa,4300,1864,-2436
Vladimír Michálek,3477,1039,-2438
Deborah Kampmeier,6070,3632,-2438
Alex van Warmerdam,33820,31367,-2453
Florian Baxmeyer,15490,13033,-2457
James Ivory,34930,32470,-2460
Carol Morley,24355,21890,-2465
Michèle Laroque,6960,4488,-2472
Oleg Asadulin,4205,1732,-2473
Laurent Tuel,6717,4240,-2477
Jamshed Usmonov,4680,2200,-2480
Patrick Braoudé,4890,2406,-2484
Kamlah Abu-Zikri,5331,2840,-2491
Terra Shin,14548,12047,-2501
Alan Berliner,6940,4423,-2517
Anees Bazmee,31049,28530,-2519
Ben Lewis,3102,582,-2520
Lyndon Chubbuck,18070,15550,-2520
Paul Cox,3430,903,-2527
Oleg Novkovic,4460,1922,-2538
Yôichi Higashi,3118,573,-2545
Jean-Claude Brisseau,6070,3520,-2550
Matt Tyrnauer,19410,16840,-2570
Hitoshi Ône,7712,5134,-2578
Lawrence Ah-Mon,3960,1380,-2580
Vít Olmer,3521,937,-2584
Wilson Chin,4256,1668,-2588
Sven Taddicken,9929,7340,-2589
Jennifer Baichwal,13382,10792,-2590
Lamberto Bava,9620,7027,-2593
Lúcia Murat,4054,1460,-2594
Wei-Hao Cheng,19128,16532,-2596
Dev Anand,4138,1538,-2600
David Schmoeller,5560,2950,-2610
Fabienne Godet,3454,840,-2614
Donald G. Jackson,4738,2124,-2614
Ben Rekhi,8110,5489,-2621
Atsushi Muroga,5850,3227,-2623
Ragnar Bragason,4804,2180,-2624
Johan Brisinger,13528,10900,-2628
Christian De Sica,4565,1935,-2630
Alex De Rakoff,47870,45230,-2640
Antonio Capuano,3335,690,-2645
Yuri Zeltser,4730,2080,-2650
Suk-Yoon Kim,8572,5914,-2658
Jefferson Moore,3833,1169,-2664
Evgeny Afineevsky,8915,6250,-2665
Domiziano Cristopharo,3195,529,-2666
Akram Fareed,4752,2083,-2669
Robert Glinski,6783,4106,-2677
Kaizô Hayashi,3730,1052,-2678
Miguel Courtois,9027,6338,-2689
Danny Pang,3361,671,-2690
Arash T. Riahi,3719,1025,-2694
Gorman Bechard,3841,1147,-2694
Zabou Breitman,14210,11514,-2696
Mikael Salomon,38240,35540,-2700
Aman Chang,3156,454,-2702
Michael Mazo,11460,8750,-2710
Marek Benes,3340,626,-2714
Darrell Roodt,12220,9500,-2720
Toni Myers,17510,14780,-2730
Valeria Bruni Tedeschi,9010,6270,-2740
Yariv Mozer,10848,8085,-2763
Bill Plympton,10850,8078,-2772
Jason Wulfsohn,28370,25593,-2777
Federico Zampaglione,15620,12840,-2780
Kôtarô Terauchi,3370,582,-2788
Vera Storozheva,4185,1394,-2791
Toon Wang,3312,517,-2795
Vinko Bresan,29300,26505,-2795
Heo In-moo,6585,3785,-2800
Brillante Mendoza,5640,2836,-2804
Frédéric Schoendoerffer,11461,8650,-2811
Richard Friedman,4330,1515,-2815
Hrafn Gunnlaugsson,4600,1784,-2816
Peter Keglevic,9030,6212,-2818
David Burton Morris,17810,14982,-2828
Pernille Rose Grønkjær,3884,1050,-2834
Jin Jang,13669,10819,-2850
Gilles Legrand,6588,3727,-2861
Gaylene Preston,3702,840,-2862
Patrick Rea,15345,12480,-2865
Paul Etheredge,27320,24430,-2890
Stephen Biro,8150,5260,-2890
Craig Goldstein,5480,2590,-2890
Kyung-taek Kwak,11178,8286,-2892
Jean-Jacques Zilbermann,5440,2543,-2897
Juanma Bajo Ulloa,9090,6190,-2900
Ben Hopkins,7344,4438,-2906
Ngoc Dang Vu,3218,309,-2909
Park Jung-bum,3338,420,-2918
Ricardo Larraín,4434,1507,-2927
Robert Kubilos,10260,7320,-2940
Michael Lessac,29550,26609,-2941
Nadeem Soumah,7024,4083,-2941
Vimukthi Jayasundara,4740,1798,-2942
Aleksey Fedorchenko,8070,5122,-2948
Karl Zwicky,8310,5360,-2950
Nik Kacevski,6760,3810,-2950
Jan Schomburg,6668,3716,-2952
Michel Boujenah,7580,4620,-2960
Edward Berger,9792,6824,-2968
Daniel Bergman,8900,5932,-2968
Aziz Jindani,7800,4818,-2982
Yamina Benguigui,4770,1780,-2990
J. Stephen Maunder,7190,4190,-3000
Hanno Olderdissen,9474,6470,-3004
Esmé Lammers,12660,9643,-3017
Aurelio Grimaldi,3734,714,-3020
Mariano Llinás,11232,8210,-3022
Rob Pallatina,6612,3589,-3023
Pedro Olea,5639,2606,-3033
Christophe Honoré,26784,23750,-3034
Michael Kennedy,5475,2434,-3041
Iku Suzuki,5550,2500,-3050
Richard W. Munchkin,4362,1310,-3052
Yasuichirô Yamamoto,23190,20130,-3060
Tanvir Mokammel,3225,161,-3064
Robert Lee,6620,3550,-3070
Mamoru Oshii,4658,1569,-3089
Eros Puglielli,6303,3211,-3092
Mimmo Calopresti,6006,2900,-3106
Jan Troell,11639,8530,-3109
Stephen Shin,4371,1250,-3121
Pascal Bonitzer,5186,2064,-3122
Rick Sloane,5783,2657,-3126
Christopher-Lee dos Santos,8390,5259,-3131
William Kaufman,14175,11040,-3135
Nick Cheung,7134,3990,-3144
Shinji Sômai,5250,2099,-3151
Bernard Rapp,9580,6414,-3166
Malcolm Ingram,8530,5357,-3173
Tracy Trost,8063,4878,-3185
Frank Rainone,6420,3224,-3196
Thomas Lilti,31850,28650,-3200
Nicolas Saada,11310,8110,-3200
Alberto Rodriguez,6394,3190,-3204
Sam Firstenberg,7096,3884,-3212
Radek Bajgar,8080,4860,-3220
Marcus O. Rosenmüller,5646,2416,-3230
René Manzor,15930,12700,-3230
Gail Harvey,5400,2169,-3231
Tom Cairns,12440,9203,-3237
Banmei Takahashi,3419,179,-3240
Mark Young,28473,25215,-3258
Benoit Pilon,5311,2050,-3261
Antonin Svoboda,7826,4563,-3263
Yu Li,9077,5808,-3269
Andrew Bellware,4547,1272,-3275
Matt Riddlehoover,8667,5390,-3277
Arash Moayerian,5352,2074,-3278
Claus Bjerre,4636,1356,-3280
York Alec Shackleton,39428,36140,-3288
Kira Muratova,6222,2930,-3292
Norihiro Koizumi,11181,7887,-3294
Penelope Buitenhuis,6640,3336,-3304
Agustín Díaz Yanes,22170,18860,-3310
Enzo D'Alò,6160,2847,-3313
Albert Nerenberg,3781,462,-3319
Katherine Dieckmann,22230,18910,-3320
Amberdeep Singh,11088,7766,-3322
Khaled El Hagar,4185,850,-3335
Roger Ross Williams,32262,28914,-3348
Jerry Ciccoritti,5470,2111,-3359
Joe D'Amato,4470,1102,-3368
Joseph Novoa,4690,1321,-3369
Christin Baker,7742,4367,-3375
Philippe Leclerc,7663,4270,-3393
Zaza Buadze,10338,6944,-3394
Joseph B. Vasquez,8465,5071,-3394
Tony Cookson,6980,3585,-3395
Robert Edwards,38990,35590,-3400
Nick Mead,5270,1863,-3407
Partho Ghosh,4035,614,-3421
Sarah Watt,27767,24345,-3422
Sean Cain,7092,3661,-3431
Sangeeth Sivan,15774,12338,-3436
David Jackson,8100,4649,-3451
Paul Ziller,6310,2859,-3451
Patricia Mazuy,7060,3589,-3471
Raphaël Jacoulot,6054,2574,-3480
Theeratorn Siriphunvaraporn,3787,307,-3480
Jeppe Rønde,6058,2574,-3484
Helvecio Ratton,7793,4294,-3499
Teemu Nikki,11310,7805,-3505
Robert Malenfant,6880,3372,-3508
Robert Thalheim,8944,5431,-3513
Chi-Leung Law,10980,7466,-3514
Regardt van den Bergh,4604,1087,-3517
Martin Davidson,7040,3520,-3520
Fritz Kiersch,9820,6292,-3528
Philippe Mora,3801,253,-3548
Fei Xie,5409,1860,-3549
Stephen Shimek,13560,10010,-3550
Ernesto Daranas,8590,5030,-3560
Marcin Krzysztalowicz,9577,6012,-3565
Leif Lindblom,17640,14056,-3584
A.J. Edwards,14680,11080,-3600
Markus Goller,47636,44036,-3600
Karel Janák,5756,2155,-3601
Diane Kurys,8178,4568,-3610
Darko Lungulov,8706,5090,-3616
Stephen Reynolds,22960,19340,-3620
Ray Brady,5289,1668,-3621
Ahmad Abdalla,11800,8176,-3624
Maxime Giroux,8809,5180,-3629
Pascal Plisson,4438,805,-3633
Andrey Kavun,19040,15400,-3640
Saman Salur,6422,2782,-3640
Davide Ferrario,4378,737,-3641
Niko von Glasow,4265,612,-3653
Monthon Arayangkoon,5790,2128,-3662
Erik Gandini,15243,11574,-3669
Stefan Jarl,5181,1498,-3683
Jeff Lipsky,4587,870,-3717
Bashar Shbib,3950,216,-3734
Hayato Kawai,6779,3034,-3745
Rambod Javan,27561,23802,-3759
Danny Buday,5564,1780,-3784
Pinchas Perry,29506,25720,-3786
Lex Ortega,10170,6363,-3807
René Vilbre,8280,4467,-3813
Brett Thompson,12460,8645,-3815
Chanoch Ze'evi,9149,5318,-3831
Walter Doehner,5410,1578,-3832
Eugène Green,6342,2502,-3840
Arthur Allan Seidelman,9100,5252,-3848
Dan Chisu,7438,3582,-3856
Alexis Durand-Brault,8109,4250,-3859
Michael Landon Jr.,20500,16640,-3860
François Desagnat,9893,6019,-3874
Dan Neira,4630,756,-3874
Hank Braxtan,8553,4674,-3879
Manuel Pradal,6484,2592,-3892
Carolina Hellsgård,8050,4155,-3895
Jean-Claude La Marre,6535,2640,-3895
Luca Bercovici,10826,6930,-3896
Jay Craven,5580,1682,-3898
Pim van Hoeve,8141,4240,-3901
Yoshimitsu Morita,5602,1691,-3911
Minoru Kawasaki,4568,655,-3913
Im Kyung-soo,4780,860,-3920
Katsuya Matsumura,6030,2101,-3929
Adriana Trigiani,30005,26070,-3935
Alix Delaporte,10210,6250,-3960
Alex Holmes,29870,25910,-3960
Kôbun Shizuno,5917,1953,-3964
Andrea Staka,7944,3980,-3964
Jakov Sedlar,4384,409,-3975
Sharunas Bartas,7499,3520,-3979
Corbin Bernsen,15502,11520,-3982
Fabienne Berthaud,9424,5440,-3984
Lal Jose,17283,13290,-3993
Ville Jankeri,10632,6630,-4002
Ben Sombogaart,9998,5990,-4008
Douglas Jackson,6750,2741,-4009
Shin'ya Tsukamoto,17270,13250,-4020
Aida Begic,11520,7500,-4020
Júlia Murat,9490,5460,-4030
Lorenzo Vigas,40660,36615,-4045
Joe Chien,5271,1215,-4056
William Webb,10550,6490,-4060
Paul Leyden,48980,44920,-4060
Farzad Motamen,6540,2479,-4061
Apoorva Lakhia,50891,46824,-4067
Maria Speth,5327,1259,-4068
Abdellatif Kechiche,9280,5200,-4080
Darnell Martin,18550,14460,-4090
Johnny Ma,6080,1990,-4090
Lionel Baier,7731,3638,-4093
Jonas Elmer,6618,2505,-4113
Andrew Van Slee,8117,4004,-4113
Jean-Marc Piché,20890,16774,-4116
David Wu,7099,2983,-4116
Sachin Kundalkar,8543,4423,-4120
Alexandre Coffre,9971,5850,-4121
Daniel Filho,7585,3461,-4124
Anne Giafferi,9066,4940,-4126
Jean Rollin,7354,3223,-4131
Mei Hu,24374,20235,-4139
Zhou Sun,5272,1100,-4172
Keith Samples,15320,11144,-4176
Roberto Santiago,7152,2957,-4195
Qaushiq Mukherjee,14661,10417,-4244
Gaël Morel,8830,4574,-4256
Frank van Mechelen,15481,11222,-4259
Thomas Carter,173900,169640,-4260
Ettore Scola,11840,7570,-4270
Mélissa Drigeard,7894,3610,-4284
Jimmy Henderson,11378,7091,-4287
Yuthlert Sippapak,5586,1296,-4290
Louise Osmond,9350,5050,-4300
Ricky Gervais,247622,243320,-4302
Max Fischer,5070,755,-4315
Craig McMahon,5814,1497,-4317
Kerem Sanga,13622,9300,-4322
Davide Marengo,7670,3335,-4335
Robert Heydon,19150,14810,-4340
Gonzalo Arijon,13373,9026,-4347
Akira Nagai,17015,12664,-4351
Alessandro De Gaetano,12340,7985,-4355
Emma-Kate Croghan,20750,16394,-4356
Dale Trevillion,6160,1797,-4363
Yee-sum Luk,5610,1234,-4376
Ted Kotcheff,28250,23870,-4380
Gabriel Aghion,12146,7766,-4380
Shane Dax Taylor,16242,11850,-4392
Junichi Suzuki,4892,496,-4396
Rainer Kaufmann,6118,1722,-4396
Jeremy Kagan,17240,12837,-4403
Vanessa Lapa,7220,2817,-4403
Justin Chon,11294,6890,-4404
Martin Provost,26616,22210,-4406
John Stewart Muller,15965,11550,-4415
Jaime Humberto Hermosillo,4685,260,-4425
Donnie Yen,7590,3162,-4428
Hiroki Shibata,22590,18160,-4430
Won Shin-yeon,13570,9130,-4440
Shafi,8010,3564,-4446
Andrew Stevens,8100,3637,-4463
Ognjen Svilicic,8214,3742,-4472
Glenn Miller,17886,13408,-4478
Clare Peploe,20830,16350,-4480
Mez Tharatorn,24882,20394,-4488
Ugur Yücel,51365,46872,-4493
Michel Blanc,20240,15745,-4495
Lee Demarbre,32544,28046,-4498
Danièle Thompson,18740,14220,-4520
Attila Szász,19980,15450,-4530
Raj N. Sippy,5542,1010,-4532
Seiji Chiba,4803,259,-4544
Gilles Marchand,15642,11091,-4551
Kazuya Shiraishi,7624,3072,-4552
Tadas Vidmantas,11461,6896,-4565
Gérard Oury,10294,5726,-4568
Peter Yates,17860,13290,-4570
Mark Edwin Robinson,16090,11511,-4579
Riri Riza,8586,4005,-4581
Zoe Berriatúa,11180,6596,-4584
Alex Cox,9460,4874,-4586
Audrey Cummings,15148,10556,-4592
Ham Tran,8615,4019,-4596
Perry Bhandal,108410,103790,-4620
Vicente Amorim,12220,7590,-4630
Charles Finch,10860,6230,-4630
David Giancola,21584,16941,-4643
Pen-Ek Ratanaruang,8770,4111,-4659
Nikos Panayotopoulos,5812,1142,-4670
William Dickerson,8260,3586,-4674
Marco Ferreri,6816,2108,-4708
François Dupeyron,6775,2055,-4720
Damjan Kozole,5913,1193,-4720
Tetsuo Yajima,30010,25290,-4720
Anne Émond,8900,4179,-4721
Casper Van Dien,12605,7873,-4732
Charlotte Sachs Bostrup,13214,8480,-4734
Ricardo Trogi,16709,11970,-4739
Arild Andresen,8860,4120,-4740
Jesse Baget,10760,6002,-4758
Daihachi Yoshida,8523,3758,-4765
Jorge Olguín,7041,2276,-4765
Jukka-Pekka Siili,19497,14721,-4776
Takeshi Furusawa,9180,4395,-4785
Jung-chi Chang,7147,2356,-4791
Cess Silvera,48200,43398,-4802
Andrew Thomas Hunt,22040,17230,-4810
Stéphane Kazandjian,7690,2874,-4816
Carl Bessai,5694,856,-4838
Robert Adetuyi,13990,9151,-4839
C.M. Talkington,48700,43844,-4856
Jirí Vejdelek,8138,3280,-4858
Shimon Dotan,7570,2710,-4860
Jason Hull,14264,9400,-4864
Ryosuke Hashiguchi,8438,3568,-4870
Christian Ryltenius,7570,2698,-4872
Kevin Downes,15960,11082,-4878
Samuli Valkama,9236,4344,-4892
Dominic Burns,15114,10220,-4894
Toshikazu Nagae,32636,27740,-4896
Nia Di Nata,6558,1650,-4908
Adam Bhala Lough,9634,4723,-4911
Han Sang-Ho,8780,3850,-4930
Bill Clark,12520,7590,-4930
Michael Winner,15720,10790,-4930
Dominique Othenin-Girard,7810,2862,-4948
Jalil Lespert,10290,5330,-4960
Julio Medem,39400,34440,-4960
David Ondricek,23787,18820,-4967
Olivier Jean-Marie,16390,11420,-4970
Anders Lennberg,6020,1050,-4970
John Carl Buechler,8060,3077,-4983
Jung-hwan Kim,6365,1380,-4985
Francis Megahy,6830,1832,-4998
Susan Streitfeld,26460,21456,-5004
Brian Kelly,7310,2300,-5010
Levan Koguashvili,9528,4500,-5028
Youssef Chahine,11340,6306,-5034
Kenji Kamiyama,11340,6293,-5047
Djamel Bensalah,9750,4663,-5087
Pavel Khvaleev,10522,5430,-5092
Coline Serreau,14700,9579,-5121
Eros D'Antona,7946,2820,-5126
Richard Jobson,16481,11346,-5135
Onir,12289,7150,-5139
Michael Lindsay-Hogg,23020,17880,-5140
Radha Mohan,9766,4618,-5148
Benson Lee,24296,19140,-5156
Assi Dayan,6550,1391,-5159
Noah Stern,7330,2152,-5178
Matt Zettell,11706,6522,-5184
Yukiko Mishima,7660,2444,-5216
Curtis Crawford,7228,2000,-5228
Liming Li,7299,2070,-5229
Paul Morrison,14650,9420,-5230
Konstantin Feoktistov,11476,6245,-5231
Sudhir Mishra,27250,21998,-5252
Tom Sands,17536,12283,-5253
Aleksi Salmenperä,14239,8973,-5266
Mari Asato,10890,5610,-5280
Karen Shakhnazarov,9760,4480,-5280
Richard Berry,9710,4429,-5281
Jordan Barker,27422,22140,-5282
Savage Steve Holland,15440,10140,-5300
James Marquand,9402,4096,-5306
Jon Cassar,83642,78330,-5312
Dennis Dimster,32970,27640,-5330
Pål Øie,58150,52816,-5334
Avi Lewis,11677,6340,-5337
Isao Yukisada,12428,7089,-5339
Kenneth Bi,8090,2738,-5352
Sandra Nettelbeck,85810,80452,-5358
Ryszard Zatorski,10703,5345,-5358
Siddique,27482,22120,-5362
Goran Paskaljevic,8518,3135,-5383
Yu-Hsien Lin,6963,1557,-5406
Billy Chan,7095,1664,-5431
Ilan Duran Cohen,8011,2578,-5433
Joachim Lafosse,9441,4000,-5441
Eldar Ryazanov,8011,2555,-5456
Olias Barco,7628,2170,-5458
Michael Barnett,12828,7358,-5470
Bob Balaban,50370,44900,-5470
LeVar Burton,12430,6958,-5472
David DeCoteau,6744,1264,-5480
Umut Dag,8400,2919,-5481
Man-dae Bong,6580,1090,-5490
Sebastian Niemann,21690,16195,-5495
Mikhail Khleborodov,18552,13056,-5496
Mischa Kamp,12860,7360,-5500
Isabel Coixet,15900,10400,-5500
Zdenek Troska,6514,984,-5530
Mario Azzopardi,10863,5305,-5558
Chae Gil Byoung,6440,878,-5562
Timo Koivusalo,7641,2063,-5578
Jannik Johansen,32493,26914,-5579
Pelle Berglund,12440,6856,-5584
Rune Denstad Langlo,19082,13480,-5602
Jesse James Miller,9150,3534,-5616
Werner Boote,10212,4580,-5632
Paul Matthews,11880,6235,-5645
Sarann,11669,6018,-5651
Jeff Hare,8224,2570,-5654
Penny Woolcock,12226,6570,-5656
Juan Taratuto,21564,15894,-5670
Jeremy Kasten,19170,13500,-5670
Gerardo Naranjo,12901,7228,-5673
Leste Chen,17872,12190,-5682
André Téchiné,14310,8620,-5690
Gunasekhar,34746,29056,-5690
Gabriel Sabloff,13739,8040,-5699
Alain Resnais,19380,13680,-5700
Babis Makridis,25036,19330,-5706
Rodrigo Moreno,9490,3782,-5708
Robert Delamere,7267,1551,-5716
Han Sang-hee,6858,1136,-5722
Scud,9465,3740,-5725
Zeresenay Mehari,13780,8050,-5730
Jan Egleson,58740,52995,-5745
James Mottern,35970,30220,-5750
Steven de Jong,8218,2463,-5755
John Greyson,7460,1690,-5770
Naoto Kumazawa,10810,5033,-5777
Martin Kitrosser,7810,2030,-5780
Ranjith Sankar,10589,4783,-5806
Matt Dillon,58260,52451,-5809
Djibril Diop Mambéty,13490,7672,-5818
Jon Hess,10240,4420,-5820
Marcelo Piñeyro,17699,11874,-5825
Carl Colpaert,7670,1832,-5838
Iginio Straffi,14630,8780,-5850
Jordan F. Ghanma,7630,1777,-5853
Michael Baumgarten,10638,4770,-5868
Jeff Broadstreet,21365,15488,-5877
Iglika Triffonova,7880,1992,-5888
Antonin Peretjatko,12090,6181,-5909
Martin Barnewitz,12550,6640,-5910
Jan Tománek,7860,1950,-5910
Blackie Shou-Liang Ko,7449,1539,-5910
J.F. Lawton,46060,40143,-5917
Jacques-Rémy Girerd,10320,4400,-5920
Angelina Maccarone,9895,3974,-5921
Chandran Rutnam,15194,9265,-5929
Percy Adlon,7580,1648,-5932
Pil-sung Yim,21320,15360,-5960
Marie-Castille Mention-Schaar,8738,2770,-5968
Idrissa Ouedraogo,6710,737,-5973
John Terlesky,9310,3336,-5974
Stephen Wallace,9640,3650,-5990
Mike Nawrocki,30940,24950,-5990
Jon Jost,6339,332,-6007
Dean Matthew Ronalds,13498,7470,-6028
Kyu-dong Min,9645,3614,-6031
Nacho G. Velilla,22430,16398,-6032
Delphine Gleize,7440,1404,-6036
Stewart Wade,11026,4988,-6038
Renat Davletyarov,9649,3610,-6039
James Chankin,10210,4160,-6050
Yun-su Chong,9010,2960,-6050
Baldvin Zophoníasson,16470,10400,-6070
Jan Bucquoy,6500,410,-6090
Joe Gayton,21430,15334,-6096
Peter Spirer,9051,2951,-6100
Christian Viel,9914,3809,-6105
Steven Luke,11879,5770,-6109
Anna Elizabeth James,10670,4550,-6120
Giulio Manfredonia,9790,3643,-6147
Valeria Golino,20230,14080,-6150
Stellan Olsson,7130,979,-6151
You-Jeong Jang,13180,7020,-6160
Stuart Urban,13760,7593,-6167
Arild Østin Ommundsen,10754,4586,-6168
Mads Matthiesen,48080,41900,-6180
Yahoo Serious,18160,11980,-6180
Claire Devers,8060,1878,-6182
Gulshat Omarova,10580,4385,-6195
Billy Hin-Shing Tang,6428,230,-6198
Marc Fitoussi,14386,8180,-6206
Royston Tan,7132,925,-6207
Alex Merkin,47740,41530,-6210
Ermek Tursynov,6787,558,-6229
Audrey Dana,23420,17190,-6230
Hiroshi Ando,7080,820,-6260
Ivo Trajkov,7094,831,-6263
Masayuki Suô,10080,3806,-6274
Lisa Immordino Vreeland,8760,2465,-6295
Michael Noer,22117,15820,-6297
Phetthai Vongkumlao,9340,3043,-6297
Sven Methling,12810,6510,-6300
Kome Kongkiat Komesiri,8130,1828,-6302
Simon Cellan Jones,14060,7750,-6310
Mikhail Red,10234,3920,-6314
Michael Melski,16090,9760,-6330
Xiaogang Feng,12504,6172,-6332
Steve Balderson,7590,1252,-6338
F.A. Brabec,8190,1830,-6360
Hüseyin Karabey,9755,3390,-6365
Nicolas Bary,11130,4750,-6380
Johanna Vuoksenmaa,21013,14630,-6383
Ram Gopal Varma,10171,3780,-6391
Kiyotaka Tsurisaki,7800,1402,-6398
Patryk Vega,16520,10075,-6445
Sabu,13026,6570,-6456
Ernesto Díaz Espinoza,17417,10945,-6472
Jim Hanon,45088,38610,-6478
Jarmo Lampela,7170,685,-6485
David Lewis,16726,10222,-6504
Arne Lindtner Næss,7368,840,-6528
Simon Staho,7490,950,-6540
Christian de Chalonge,8000,1448,-6552
Nicole Conn,20316,13750,-6566
Hagar Ben-Asher,9380,2792,-6588
Evan Tramel,6759,170,-6589
Delphine Lehericey,11460,4870,-6590
Johanna Hald,15560,8940,-6620
Mia Hansen-Løve,13570,6950,-6620
Kim Rossi Stuart,26760,20136,-6624
Peter Bogdanovich,30580,23950,-6630
Philippe Aractingi,8640,2008,-6632
Bill Duke,23610,16974,-6636
Angelina Nikonova,9020,2354,-6666
Emir Baigazin,10190,3520,-6670
Maciej Slesicki,23816,17133,-6683
Keita Amemiya,7432,732,-6700
Patrick Alessandrin,9740,3030,-6710
Perttu Leppä,28785,22036,-6749
Haruki Kadokawa,10409,3660,-6749
Clay Glen,12020,5270,-6750
David Gleeson,24403,17650,-6753
Noémie Saglio,15150,8388,-6762
Thadd Turner,10328,3540,-6788
Alexandre O. Philippe,29380,22585,-6795
Susumu Kudô,16000,9178,-6822
Josh Crook,8470,1621,-6849
Robert Patton-Spruill,15663,8804,-6859
Richard Pearce,48750,41890,-6860
Tony Markes,18320,11458,-6862
Amir Bar-Lev,25324,18447,-6877
Paris Leonti,19900,13015,-6885
Stephane Gauger,8004,1092,-6912
Maris Martinsons,7376,460,-6916
Betty Kaplan,24080,17153,-6927
Theodoros Angelopoulos,27630,20700,-6930
Andrey Kravchuk,33410,26477,-6933
Corey Pearson,39643,32705,-6938
Bouli Lanners,17639,10700,-6939
Srdan Golubovic,37540,30590,-6950
Ari Taub,7574,612,-6962
Jai-hong Juhn,10063,3098,-6965
Stanislav Govorukhin,10707,3738,-6969
Rolfe Kanefsky,25340,18370,-6970
James Mark,17200,10230,-6970
Jazz Boon,16180,9200,-6980
Aleksandr Melnik,20730,13746,-6984
Manijeh Hekmat,8718,1728,-6990
Pascal Bourdiaux,29200,22205,-6995
Satoshi Miki,10855,3849,-7006
Darko Bajic,15332,8317,-7015
Paul Mones,8910,1883,-7027
Juan Pablo Buscarini,9080,2051,-7029
Johannes Naber,11650,4610,-7040
Martine Dugowson,10620,3558,-7062
Kenta Fukasaku,8285,1216,-7069
Carl Lindbergh,10168,3088,-7080
Gina Kim,12139,5050,-7089
Raja Amari,8900,1810,-7090
Kamaleswar Mukherjee,13628,6537,-7091
Nick Lyon,14581,7488,-7093
Martín Rejtman,13731,6627,-7104
Zachary Weintraub,12667,5530,-7137
Jacek Borcuch,13923,6770,-7153
Louise Archambault,13332,6179,-7153
Jeremy Berg,12334,5180,-7154
Christjan Wegner,16338,9178,-7160
Diego Luna,19850,12680,-7170
Erik Nelson,14258,7066,-7192
Lise Birk Pedersen,7630,420,-7210
Greydon Clark,10965,3737,-7228
Lisa France,9984,2750,-7234
Michael Schoemann,9550,2310,-7240
Peter Mervis,12502,5257,-7245
Francesco Laudadio,12350,5099,-7251
Nana Dzhordzhadze,8200,941,-7259
Gabriel Axel,24730,17452,-7278
Caroline Link,41339,34030,-7309
Mark Pellington,21660,14350,-7310
Roy Hin Yeung Chow,8160,835,-7325
Anwar Rasheed,92778,85430,-7348
Jeffrey Walker,36450,29098,-7352
Yoon Ga-eun,10820,3467,-7353
Antoine de Caunes,14630,7254,-7376
Eduardo Coutinho,9343,1963,-7380
Hee-il Leesong,21290,13890,-7400
Yôhei Fukuda,9020,1608,-7412
Jack Neo,8965,1547,-7418
Robert Greenwald,13680,6253,-7427
Damian Lee,24040,16610,-7430
Álvaro Díaz Lorenzo,14136,6680,-7456
Vladimir Blazevski,11310,3854,-7456
Pan Nalin,25833,18374,-7459
Ataru Oikawa,12010,4549,-7461
Jeong-won Shin,10820,3355,-7465
Lucrecia Martel,79210,71740,-7470
Naoyuki Tomomatsu,7795,308,-7487
R. Michael Givens,10580,3050,-7530
Eric-Emmanuel Schmitt,23720,16180,-7540
Lewis Gilbert,12420,4850,-7570
John Tatoulis,12630,5054,-7576
Guddu Dhanoa,13282,5705,-7577
David Hewlett,37730,30150,-7580
Eben McGarr,9368,1760,-7608
Paul Andrew Williams,87460,79850,-7610
Michael D. Sellers,15980,8350,-7630
Jérôme Le Gris,14130,6482,-7648
Steve Latshaw,14611,6953,-7658
Ricardo de Montreuil,35130,27470,-7660
Andy Lauer,13482,5815,-7667
Yukiyo Teramoto,19910,12240,-7670
Mabel Cheung,10274,2601,-7673
Laurits Munch-Petersen,16510,8820,-7690
Hiroki Yamaguchi,7980,280,-7700
Sandrine Veysset,8900,1162,-7738
Fernando E. Solanas,8300,539,-7761
Robin Bain,69910,62146,-7764
Matthew Barney,9434,1662,-7772
Cybil Richards,8620,846,-7774
Bruce McDonald,14409,6616,-7793
Vanessa Parise,12590,4790,-7800
Zack Bernbaum,9954,2151,-7803
Vladimir Toropchin,21620,13772,-7848
Jane Magnusson,10710,2849,-7861
Matthew Irmas,11630,3760,-7870
Mark Peploe,13250,5380,-7870
Mehul Kumar,12836,4958,-7878
A. Venkatesh,8309,426,-7883
Gor Kirakosian,12442,4545,-7897
Maruthi Dasari,19766,11868,-7898
Owen Egerton,48569,40670,-7899
Mario Monicelli,11880,3970,-7910
Marshall Lewy,24530,16610,-7920
Ravi Jadhav,16763,8834,-7929
Changwei Gu,9344,1408,-7936
Marc Fouchard,12780,4828,-7952
Lisa Azuelos,17276,9310,-7966
Bruce Leddy,20250,12282,-7968
Ivan I. Tverdovskiy,12164,4170,-7994
Nicolas Cuche,24311,16300,-8011
Sara Johnsen,12406,4388,-8018
Timothy Armstrong,16152,8112,-8040
Ralf Huettner,10345,2300,-8045
Mahmut Fazil Coskun,27590,19525,-8065
Pearry Reginald Teo,28780,20700,-8080
Elio Quiroga,18015,9902,-8113
Geoff Anderson,12560,4446,-8114
Phil Claydon,87310,79190,-8120
Hideki Takeuchi,17750,9603,-8147
Alejandro Jodorowsky,15240,7070,-8170
Don Argott,17403,9224,-8179
Andrzej Jakimowski,15650,7468,-8182
Daniel Alfredson,13120,4922,-8198
Steven R. Monroe,15515,7313,-8202
Vitali Kanevsky,9360,1153,-8207
Joseph J. Lawson,25910,17690,-8220
John Ruane,11836,3578,-8258
José Luis Garci,15398,7124,-8274
Alexandra Leclère,18620,10340,-8280
Matt Drummond,21170,12880,-8290
Eon-hie Lee,20670,12370,-8300
Kohl Glass,17820,9460,-8360
Orson Oblowitz,20356,11986,-8370
Leslye Headland,489390,481000,-8390
Sonny Mallhi,24946,16490,-8456
John Stimpson,16240,7780,-8460
Göran Hugo Olsson,13055,4588,-8467
Toshio Lee,16263,7794,-8469
Nonzee Nimibutr,14866,6379,-8487
M. Rajesh,22858,14370,-8488
Neil Breen,31687,23197,-8490
Christian Carion,24000,15510,-8490
Nadeem Baig,27069,18558,-8511
Imanol Uribe,11608,3084,-8524
Michael D. Akers,22401,13866,-8535
Ka-Fai Wai,12920,4380,-8540
Sergey Mokritskiy,28398,19850,-8548
Mohamed Ben Attia,13270,4710,-8560
Jamie Luk,8788,211,-8577
Iván Noel,9630,1042,-8588
Frédéric Tellier,28260,19640,-8620
Gustaf Åkerblom,11900,3280,-8620
Jonathan Parker,16891,8270,-8621
Amit Saxena,22431,13800,-8631
Adoor Gopalakrishnan,10054,1419,-8635
Angela Pope,20196,11560,-8636
Benny Chan,17700,9048,-8652
Keith Gordon,98270,89600,-8670
Oleg Fomin,24277,15586,-8691
Anaïs Barbeau-Lavalette,14710,5990,-8720
Mohammad Hossein Mahdavian,30544,21823,-8721
Nadia Tass,14770,6047,-8723
Marko Mäkilaakso,27970,19220,-8750
Werner Schroeter,12170,3414,-8756
Ivan Vyrypaev,13320,4539,-8781
Brent Ryan Green,24110,15294,-8816
Seong-gang Lee,9120,300,-8820
Eric Small,17230,8400,-8830
Julian Grant,10170,1302,-8868
Timothy Bond,10672,1774,-8898
Brian T. Jaynes,12174,3265,-8909
Reinout Oerlemans,55220,46300,-8920
Gakuryû Ishii,11072,2150,-8922
Pascal Morelli,14550,5611,-8939
Radu Muntean,15666,6724,-8942
Moufida Tlatli,11120,2164,-8956
A. Karunakaran,28760,19789,-8971
Alexandre Moors,56681,47700,-8981
Prawaal Raman,24679,15674,-9005
Marcelo Briem Stamm,15456,6442,-9014
Ash Mayfair,23120,14104,-9016
Jan Kidawa-Blonski,12220,3185,-9035
Ryszard Bugajski,13820,4782,-9038
Ben Rock,72794,63731,-9063
Fabian Wullenweber,12080,2999,-9081
Robert Clouse,14830,5740,-9090
Buddy Giovinazzo,17510,8416,-9094
Saeed Hamed,17909,8794,-9115
Philip Haas,18006,8890,-9116
J.C. Calciano,33910,24790,-9120
Yoon-Chul Jung,22716,13595,-9121
Jesse O'Brien,22820,13690,-9130
Alberto Sciamma,13390,4240,-9150
Éléonore Faucher,15460,6283,-9177
Ben Demaree,22870,13690,-9180
Dylan K. Narang,14190,4985,-9205
Pavel Lungin,20020,10794,-9226
Fina Torres,25004,15740,-9264
Joe Dante,124430,115130,-9300
Jack N. Green,23210,13895,-9315
Eugene Brady,14770,5446,-9324
Dan Garcia,10414,1068,-9346
James D. Stern,19450,10102,-9348
Olaf Ittenbach,12590,3235,-9355
Boris Quercia,26810,17425,-9385
Claude Zidi,22290,12900,-9390
Jonas Mekas,12012,2609,-9403
Jamal Hill,13490,4085,-9405
Heinrich Breloer,15700,6276,-9424
William Phillips,63745,54316,-9429
Joe Menendez,13455,4016,-9439
Robert Cuffley,13635,4170,-9465
Roman Prygunov,25197,15710,-9487
Brett Piper,13866,4374,-9492
Donal Lardner Ward,25460,15964,-9496
Rezo Gigineishvili,11322,1820,-9502
Max Makowski,15874,6360,-9514
Jing Wong,16364,6832,-9532
Peter Timm,12639,3104,-9535
Bruce McCulloch,23400,13850,-9550
Éric Besnard,30894,21338,-9556
Jim Strouse,97130,87570,-9560
Yûichi Fukuda,14420,4812,-9608
Will Wernick,139560,129950,-9610
Gabriel Julien-Laferrière,14815,5190,-9625
Raimund Huber,10280,650,-9630
Radu Jude,17000,7360,-9640
Benoît Mariage,13450,3796,-9654
Jonathan Wacks,33580,23920,-9660
Marc Rothemund,16374,6690,-9684
Michael Mak,17552,7866,-9686
Brad Mirman,56660,46970,-9690
Dave Schultz,15370,5675,-9695
Neri Parenti,16308,6613,-9695
Michael Crum,13917,4221,-9696
Alex Ranarivelo,20204,10500,-9704
Kevin O'Neill,19852,10080,-9772
Rasmus Heide,30713,20927,-9786
Weijun Chen,10436,622,-9814
David Serrano,30230,20396,-9834
Siu-Tung Ching,39990,30150,-9840
Dick Carruthers,19597,9746,-9851
Sibi Malayil,10962,1110,-9852
Sabiha Sumar,12350,2496,-9854
Olli Saarela,27618,17760,-9858
Yûji Shimomura,19020,9150,-9870
Wang Bing,13340,3456,-9884
Rajko Grlic,41657,31760,-9897
Neal Sundstrom,11737,1813,-9924
Paul Murphy,14062,4133,-9929
Katrin Gebbe,21430,11500,-9930
Luciano Ligabue,23418,13460,-9958
Mark Webber,13670,3699,-9971
Gary Wheeler,17496,7524,-9972
Cristi Puiu,23610,13630,-9980
Martyn Burke,100760,90777,-9983
Philippe Muyl,16800,6810,-9990
Egor Konchalovskiy,12248,2253,-9995
Franziska Buch,12510,2486,-10024
Mark Rosman,13690,3660,-10030
Karoline Herfurth,21540,11470,-10070
Alexey Nuzhny,22774,12684,-10090
István Szabó,14230,4130,-10100
Marcos Carnevale,25590,15490,-10100
Thierry Notz,13170,3050,-10120
Fábio Barreto,14029,3891,-10138
Andrucha Waddington,12788,2650,-10138
Neele Leana Vollmar,11998,1838,-10160
Marco Petry,26164,16000,-10164
Andrew Renzi,47366,37194,-10172
Chris Dowling,29961,19764,-10197
Marc Esposito,16954,6750,-10204
Martin Schmidt,13120,2914,-10206
Ned Farr,23228,13015,-10213
Yves Simoneau,19645,9426,-10219
Adam Goldberg,18093,7840,-10253
Francis Veber,20540,10270,-10270
Paco Arango,23770,13492,-10278
Leanne Pooley,12680,2390,-10290
Kunal Deshmukh,62246,51955,-10291
Thomas J. Churchill,12950,2618,-10332
Louis Saia,17665,7307,-10358
María Lidón,28980,18620,-10360
Tomas Villum Jensen,29250,18888,-10362
Gustavo Cova,15390,5006,-10384
Klaus Härö,19350,8948,-10402
Tôya Satô,14906,4483,-10423
Tommy Reid,11510,1062,-10448
Nabil Ayouch,18148,7680,-10468
Aleksandr Voytinskiy,12640,2170,-10470
Will Koopman,20067,9572,-10495
Jeong-kwon Kim,18270,7752,-10518
Timothy A. Chey,18510,7972,-10538
Richard Spence,20410,9870,-10540
Mario Andreacchio,20550,9990,-10560
Miguel Ángel Lamata,18933,8359,-10574
Jorge Torregrossa,38090,27510,-10580
Bosco Lam,10835,249,-10586
Bart Layton,505730,495140,-10590
Sondra Locke,15000,4390,-10610
R.S. Durai Senthilkumar,29321,18710,-10611
Marc Wiese,11640,1027,-10613
Dennis Law,12816,2187,-10629
Piotr J. Lewandowski,11780,1120,-10660
Jay Lowi,26460,15790,-10670
Éric Tessier,13210,2530,-10680
Masaharu Take,11302,573,-10729
Josh Klausner,55980,45216,-10764
Jianqi Huo,14432,3664,-10768
Johnny Depp,108680,97892,-10788
Todd Stephens,56420,45626,-10794
Farhad Mann,64698,53892,-10806
Katarina Launing,12442,1620,-10822
Toshiaki Toyoda,13604,2773,-10831
Sebastián Borensztein,139310,128410,-10900
Inon Shampanier,29590,18650,-10940
K.S. Ravindra,30804,19841,-10963
Jane Weinstock,17760,6789,-10971
Gérard Jugnot,14040,3065,-10975
Antonio Cuadri,13370,2360,-11010
Castille Landon,16150,5110,-11040
Tae-kyeong Kim,19754,8714,-11040
Paul Marcus,21450,10400,-11050
Kim Jin Young,14169,3100,-11069
Brian O'Malley,107730,96650,-11080
Francesco Bruni,17320,6228,-11092
Julien Seri,25080,13930,-11150
Sidney J. Furie,13800,2612,-11188
Michael Paul Stephenson,63461,52260,-11201
Colin Theys,14487,3250,-11237
Biyi Bandele,21560,10322,-11238
Janusz Kaminski,113970,102704,-11266
Tomasz Konecki,15081,3802,-11279
Emile Edwin Smith,34600,23310,-11290
Abhishek Sharma,113386,102080,-11306
Charles Burmeister,27866,16548,-11318
Matías Bize,15810,4490,-11320
Christopher Ray,14930,3590,-11340
Hal Salwen,14180,2782,-11398
Tony Randel,13000,1601,-11399
Yûdai Yamaguchi,14120,2714,-11406
Shamim Sarif,46970,35540,-11430
Keith Bearden,25360,13880,-11480
Jakob Lass,16833,5330,-11503
Natalia Meta,23240,11730,-11510
Shahram Mokri,16245,4730,-11515
Marialy Rivas,30570,19038,-11532
Anders Nilsson,41890,30305,-11585
J.T. Petty,41217,29630,-11587
Andy De Emmony,29474,17880,-11594
Simone Godano,21450,9850,-11600
Jerry Rees,62300,50692,-11608
Neil Abramson,27091,15447,-11644
Jôji Iida,20190,8545,-11645
Marko Nabersnik,14558,2867,-11691
Pierre Godeau,21862,10160,-11702
Andrew Black,27950,16240,-11710
Yoshihiro Ueda,70070,58360,-11710
Michael Oblowitz,13330,1615,-11715
John De Bello,17080,5350,-11730
Jill Sprecher,65780,54010,-11770
Harald Sicheritz,14790,3009,-11781
Don Hahn,26468,14670,-11798
Daniel Lusko,16713,4914,-11799
Krishna Vamsi,21959,10134,-11825
Mat Whitecross,39911,28072,-11839
John Jeffcoat,109861,98018,-11843
Cristiano Bortone,16821,4960,-11861
Shûsuke Kaneko,12576,706,-11870
Ashwiny Iyer Tiwari,91165,79280,-11885
Carlos Moreno,18500,6610,-11890
Petr Zelenka,14768,2840,-11928
Kim Seong-hun,116879,104950,-11929
Philippe Martinez,24368,12429,-11939
Dong-bin Kim,19040,7054,-11986
Paul Warner,20540,8484,-12056
David France,43600,31500,-12100
Tatsuyuki Nagai,27790,15670,-12120
Skott Snider,19270,7146,-12124
Athina Rachel Tsangari,61878,49740,-12138
Scott Graham,14856,2696,-12160
Peter Duncan,24280,12112,-12168
Michel Ocelot,24210,12040,-12170
Jonas Quastel,20510,8270,-12240
Suresh Krishna,15421,3168,-12253
Ken Russell,43500,31247,-12253
Sakichi Sato,12726,436,-12290
Mikel Rueda,20940,8622,-12318
Benedict Andrews,116070,103750,-12320
Adolfo Aristarain,27990,15646,-12344
Guillermo Amoedo,25106,12760,-12346
Singeetam Srinivasa Rao,13823,1472,-12351
Andrew Rossi,31164,18810,-12354
Katt Shea,66801,54440,-12361
Cláudio Assis,22172,9795,-12377
Glenn Triggs,18146,5738,-12408
Auraeus Solito,13212,794,-12418
Ho-Cheung Pang,15128,2690,-12438
Yongyoot Thongkongtoon,14720,2268,-12452
Atsushi Takahashi,25230,12720,-12510
Lee Galea,28528,15957,-12571
Anders Morgenthaler,28460,15856,-12604
Peter Mackie Burns,21870,9260,-12610
Boaz Davidson,16510,3892,-12618
Ignas Jonynas,17170,4543,-12627
Friðrik Þór Friðriksson,16030,3396,-12634
Borys Lankosz,23050,10412,-12638
Masakazu Hashimoto,15940,3279,-12661
Hitoshi Matsumoto,40020,27319,-12701
Scott Marshall,23372,10640,-12732
Rok Bicek,22860,10128,-12732
Joachim Masannek,18386,5650,-12736
Pablo Giorgelli,24560,11800,-12760
Paul Tanter,15006,2246,-12760
Michael Radford,35880,23070,-12810
Takao Nakano,13071,245,-12826
Mark Rydell,60810,47970,-12840
Marzieh Makhmalbaf,19920,7070,-12850
David Ryan Keith,18007,5144,-12863
Lik-Chi Lee,18805,5934,-12871
Eric Louzil,15256,2376,-12880
Christoph Schrewe,24610,11702,-12908
T.J. Scott,15680,2676,-13004
Claudio Fäh,25067,12060,-13007
David Lambert,16090,3078,-13012
Antti-Jussi Annila,40480,27400,-13080
Kamal Tabrizi,21824,8728,-13096
David Parker,14831,1710,-13121
Christopher N. Rowley,25869,12710,-13159
Asia Argento,27580,14420,-13160
Christopher Ashley,67780,54580,-13200
Oskar Santos,20000,6780,-13220
Igor Lopatonok,42400,29180,-13220
Tom Roberts,26760,13531,-13229
Sébastien Lifshitz,27830,14590,-13240
Sacha Bennett,17355,4046,-13309
Donato Rotunno,27500,14121,-13379
Lionel Delplanque,28290,14910,-13380
Brad J. Silverman,27043,13655,-13388
Martin Bell,36260,22836,-13424
Fellipe Barbosa,28158,14700,-13458
Lukasz Palkowski,42376,28909,-13467
Peter Schønau Fog,24990,11520,-13470
Byeong-ki Ahn,14320,831,-13489
Shozin Fukui,23400,9899,-13501
Philippe Grandrieux,16681,3169,-13512
Jon Keeyes,16434,2921,-13513
Yvan Attal,37480,23920,-13560
Simerjit Singh,18100,4536,-13564
Simon Verhoeven,43058,29470,-13588
Sang-hoon Ahn,22672,9069,-13603
Sophie Barthes,102430,88810,-13620
Allison Anders,44170,30526,-13644
Dennis Bots,14728,1080,-13648
Marian Dora,15130,1474,-13656
Radha Bharadwaj,28698,14999,-13699
Greg Harrison,45360,31660,-13700
Martti Helde,17100,3366,-13734
Lodge Kerrigan,60460,46722,-13738
Hallvard Bræin,41533,27780,-13753
Pablo Berger,40650,26830,-13820
Amr Arafa,22844,8951,-13893
Harry Bromley Davenport,18710,4790,-13920
Fred Gallo,15410,1454,-13956
Paul Harather,15732,1772,-13960
Dalibor Matanic,16780,2800,-13980
Kae-Byeok Lee,24603,10610,-13993
Petri Kotwica,18912,4908,-14004
Özgür Yildirim,34522,20507,-14015
Nicolas Vanier,16232,2210,-14022
Joona Tena,20052,6000,-14052
Konrad Niewolski,23335,9270,-14065
Veit Helmer,25532,11450,-14082
Ye Lou,26566,12460,-14106
Te-Sheng Wei,53269,39154,-14115
Laurie Lynd,26176,12045,-14131
Isshin Inudô,16289,2156,-14133
Achim von Borries,22555,8340,-14215
Andrey Zaytsev,19564,5342,-14222
Yun-hyeon Jang,18310,4084,-14226
Young-jun Kim,27740,13426,-14314
Yang Li,29220,14901,-14319
Charlie Nguyen,16788,2467,-14321
Shûichi Okita,15520,1190,-14330
Radu Mihaileanu,29682,15350,-14332
Boudewijn Koole,19386,5040,-14346
Hasan Karacadag,43804,29412,-14392
Ask Hasselbalch,24290,9850,-14440
Nick Cannon,18731,4252,-14479
Steve Miner,58980,44460,-14520
Jean van de Velde,21080,6560,-14520
Suseenthiran,16226,1674,-14552
Benjamin Ross,38260,23689,-14571
Vincent Ward,34370,19771,-14599
Barnaby Southcombe,23260,8660,-14600
Zhuangzhuang Tian,20098,5481,-14617
Jérôme Enrico,68629,54009,-14620
Hernán Zin,17237,2580,-14657
Karzan Kader,40842,26150,-14692
Søren Kragh-Jacobsen,22910,8174,-14736
Shaji N. Karun,15860,1114,-14746
Maciej Pieprzyca,23196,8418,-14778
Tanit Jitnukul,16739,1928,-14811
Anna Melikyan,19830,5014,-14816
Dzhanik Fayziev,40990,26140,-14850
Mark Tarlov,149410,134560,-14850
Nacer Khemir,15109,252,-14857
Eva Ionesco,18910,4020,-14890
Tony Bui,33030,18120,-14910
Keren Yedaya,16140,1221,-14919
Julie Bertuccelli,26420,11480,-14940
Senol Sönmez,35719,20770,-14949
Tony Vitale,17542,2571,-14971
Jacob Tierney,38910,23931,-14979
Giorgio Serafini,22696,7698,-14998
Jourdan McClure,20190,5177,-15013
Jim Wynorski,16112,1084,-15028
Joe Otting,21390,6333,-15057
Ismaël Ferroukhi,25730,10618,-15112
Rick Alverson,33074,17950,-15124
Férid Boughedir,20750,5584,-15166
Piotr Domalewski,29570,14400,-15170
Dale Launer,152380,137176,-15204
Jack Heller,126960,111690,-15270
Jasmin Dizdar,25710,10440,-15270
Lee Woo-cheol,27790,12508,-15282
Kang Hyeong-cheol,43980,28690,-15290
Michael Knowles,17464,2170,-15294
Kim Ki-duk,18540,3234,-15306
Zhangke Jia,20596,5270,-15326
K.V. Anand,78266,62930,-15336
Scott Wheeler,29940,14592,-15348
Ivan Ayr,23562,8190,-15372
Robert Jan Westdijk,25950,10570,-15380
Marco Ponti,20260,4854,-15406
Corey Grant,18627,3212,-15415
Joan Micklin Silver,21160,5720,-15440
Jacob Thuesen,22862,7400,-15462
Stephen Gyllenhaal,24640,9115,-15525
Anant Mahadevan,17149,1594,-15555
Santiago Amigorena,18700,3142,-15558
Nicholas DiBella,25318,9750,-15568
Dmitriy Kiselev,81130,65554,-15576
Veiko Õunpuu,21180,5590,-15590
Klaus Menzel,15960,360,-15600
Gabriela Pichler,22910,7300,-15610
Bhushan Patel,26865,11185,-15680
Shana Betz,24940,9244,-15696
Marco Bechis,23128,7414,-15714
Karim Hussain,20920,5193,-15727
Po-Chih Leong,19129,3395,-15734
Eeshwar Nivas,34782,19041,-15741
Yung Chang,19470,3700,-15770
Steven Kastrissios,54070,38290,-15780
Stephen Kay,24490,8676,-15814
Eran Creevy,189535,173710,-15825
Malcolm Mowbray,32710,16871,-15839
Avi Nesher,20830,4978,-15852
Corneliu Porumboiu,81300,65440,-15860
Pjer Zalica,23220,7342,-15878
Daniel Lind Lagerlöf,21042,5112,-15930
Toshiyuki Kubooka,134022,118020,-16002
Åke Sandgren,22110,6048,-16062
Gary Jones,29210,13130,-16080
Doug Pray,29192,13084,-16108
Gábor Reisz,46410,30237,-16173
David Freyne,94210,78020,-16190
Noble Jones,23890,7678,-16212
Andrea Segre,17688,1388,-16300
Zero Chou,17472,1134,-16338
Lisa Aschan,24080,7720,-16360
Blayne Weaver,27082,10720,-16362
Phillip Rhee,24910,8542,-16368
Kevin Willmott,27127,10660,-16467
Antony Cordier,24500,8010,-16490
Zhora Kryzhovnikov,25660,9130,-16530
Jean Becker,21920,5350,-16570
Hong Khaou,39868,23280,-16588
Valeriya Gay Germanika,18213,1598,-16615
Alberto Mar,19440,2800,-16640
Doze Niu,25516,8870,-16646
Brian Trenchard-Smith,65270,48590,-16680
David Gregory,20064,3384,-16680
Anthony Marciano,34100,17330,-16770
Sandy Tung,27290,10516,-16774
Michaël Youn,30208,13390,-16818
Daniel Schmidt,23250,6377,-16873
Robert Ben Garant,381778,364780,-16998
Kôki Mitani,21060,4022,-17038
Mary Harron,71270,54230,-17040
Anthony Wonke,20139,3084,-17055
Vera Chytilová,18527,1446,-17081
David G. Evans,30861,13770,-17091
Sean Cisterna,24335,7230,-17105
Jan Hrebejk,33175,16044,-17131
Riad Sattouf,44110,26930,-17180
James Glickenhaus,22760,5531,-17229
Krisztina Goda,32660,15377,-17283
Suneel Darshan,22404,5088,-17316
Rolf Schübel,33874,16537,-17337
Dheeraj Akolkar,17800,436,-17364
Sung-hee Jo,46040,28658,-17382
Dae-wung Lim,26250,8836,-17414
Umesh Mehra,27898,10476,-17422
Adrian Grunberg,1117490,1100030,-17460
Lauren Greenfield,43804,26330,-17474
Arild Fröhlich,23738,6218,-17520
Dusan Milic,22450,4914,-17536
Alain Chabat,47870,30260,-17610
Dominik Moll,95834,78200,-17634
Mark Piznarski,89010,71360,-17650
Srijit Mukherji,41514,23863,-17651
Josh Evans,20517,2850,-17667
Kentarô Hagiwara,39170,21495,-17675
Kôjirô Hashimoto,19830,2150,-17680
Shi-Zheng Chen,36660,18930,-17730
Lucio Fulci,30912,13170,-17742
Kônosuke Uda,27710,9945,-17765
Fenar Ahmad,54650,36880,-17770
Michael Haneke,187810,170020,-17790
Kevin Carraway,34478,16670,-17808
Bedran Güzel,67860,50013,-17847
Jesse Thomas Cook,24479,6620,-17859
Denis Dercourt,22833,4952,-17881
Steven Bernstein,33180,15282,-17898
Kheiron,27020,9120,-17900
Laís Bodanzky,40458,22550,-17908
Lee Su-jin,27380,9468,-17912
Storm Ashwood,23520,5601,-17919
Massimiliano Bruno,34090,16160,-17930
Cao Hamburger,37305,19300,-18005
Marvin Kren,59310,41250,-18060
Yves Angelo,20790,2680,-18110
Rick Stevenson,21200,3080,-18120
Patrik Syversen,44400,26243,-18157
Xavier Koller,22550,4350,-18200
Greg A. Sager,23970,5716,-18254
Rory Kelly,28230,9950,-18280
Florent-Emilio Siri,29130,10774,-18356
Navdeep Singh,89353,70924,-18429
Adrián Biniez,21890,3232,-18658
Sophon Sakdaphisit,31440,12760,-18680
Andy Palmer,30272,11581,-18691
Jim Hosking,85480,66760,-18720
Kurando Mitsutake,20230,1460,-18770
Yong-ki Jeong,20910,2094,-18816
Craig Shapiro,51740,32860,-18880
David Morley,42670,23790,-18880
James Huth,27458,8570,-18888
Ki-hyeong Park,35120,16195,-18925
Kevin Sorbo,32450,13501,-18949
Maarten Treurniet,36650,17670,-18980
Tudor Giurgiu,32490,13428,-19062
Errol Morris,28316,9224,-19092
Alison Eastwood,42740,23636,-19104
Roeland Kerbosch,48470,29362,-19108
John Sayles,27310,8180,-19130
Christopher Sun,29500,10350,-19150
Dariush Mehrjui,26429,7238,-19191
Luis Ismael,22243,3051,-19192
Erwin Wagenhofer,24790,5566,-19224
Nir Bergman,24930,5640,-19290
Alan Yuen,30460,11140,-19320
Don Roos,217800,198440,-19360
Alper Mestçi,35597,16218,-19379
Aziz Mirza,101209,81814,-19395
Carlos Reygadas,40010,20590,-19420
Jun-Soo Park,41770,22300,-19470
John Glen,32035,12530,-19505
Lance W. Dreesen,28140,8540,-19600
Miguel Ángel Vivas,76599,56960,-19639
Dharani,59849,40188,-19661
Jonas Alexander Arnby,40480,20810,-19670
Clay Borris,21080,1364,-19716
Nobuhiro Doi,46478,26744,-19734
Colin Nutley,32290,12540,-19750
Hubert Sauper,23168,3388,-19780
Igor Zaytsev,32770,12970,-19800
Jordan Roberts,44810,25008,-19802
Onur Ünlü,40957,21134,-19823
Donatas Ulvydas,30680,10856,-19824
Romuald Karmakar,21196,1361,-19835
Lucy Walker,25027,5150,-19877
Nathaniel Kahn,33250,13360,-19890
Clio Barnard,63820,43900,-19920
Biray Dalkiran,22814,2848,-19966
Pieter Van Hees,23646,3610,-20036
Alexandra Dean,43190,23147,-20043
Seth Grossman,45936,25832,-20104
In-ho Hwang,37010,16900,-20110
Dagen Merrill,44360,24200,-20160
Mehdi Ben Attia,22270,2106,-20164
Roger Nygard,27768,7540,-20228
Maryam Keshavarz,56259,36030,-20229
Shana Feste,94920,74680,-20240
Dana Brown,24334,4027,-20307
Kentarô Ohtani,20762,439,-20323
Andrew Fleming,136900,116450,-20450
Mika Ninagawa,26302,5774,-20528
Aparna Sen,30608,10068,-20540
Tobi Baumann,30890,10320,-20570
Henry Miller,78532,57950,-20582
Josh Boone,921090,900500,-20590
Dick Maas,48679,28060,-20619
Richard Levine,36010,15370,-20640
Banjong Pisanthanakun,48385,27740,-20645
Zoe R. Cassavetes,71200,50497,-20703
Ryan Nicholson,22647,1908,-20739
Barbara Kopple,22930,2179,-20751
Vlad Yudin,22728,1968,-20760
Thomas Riedelsheimer,24740,3944,-20796
David Charhon,34885,14088,-20797
Ademir Kenovic,24120,3300,-20820
Nikos Nikolaidis,27940,7078,-20862
David A.R. White,30124,9230,-20894
Rachel Ward,32970,12010,-20960
Nicolo Donato,33950,12971,-20979
Juan Piquer Simón,27840,6807,-21033
Luca Lucini,24499,3465,-21034
Joel Soisson,26364,5305,-21059
Wael Ihsan,24690,3627,-21063
Tetsurô Araki,37400,16310,-21090
Samira Makhmalbaf,27600,6450,-21150
Todd Louiso,86340,65140,-21200
Duane Adler,30338,9120,-21218
Theo Love,29004,7740,-21264
Sang-Jin Kim,22984,1698,-21286
Dominic James,27310,6022,-21288
Gérard Lauzier,29110,7810,-21300
Gerard Johnson,35606,14174,-21432
Prakash Jha,59062,37595,-21467
Jeff Kanew,55130,33650,-21480
Anne Sewitsky,32580,11040,-21540
Wagner de Assis,36020,14479,-21541
Yang Zhang,22795,1019,-21776
Smeep Kang,24203,2422,-21781
Roger Christian,31430,9634,-21796
Phil Davis,75000,53151,-21849
Gregory Read,55290,33414,-21876
Sergio Cabrera,28190,6238,-21952
Togan Gökbakar,112608,90610,-21998
Rajiv Rai,43804,21779,-22025
Rudy Soedjarwo,22477,431,-22046
Roman Karimov,29736,7604,-22132
Rick King,27800,5645,-22155
Warren P. Sonoda,27151,4981,-22170
Tarek Boudali,41390,19220,-22170
Olly Blackburn,115850,93660,-22190
Chaitanya Tamhane,52950,30740,-22210
Ana Kokkinos,32784,10530,-22254
Leslie Iwerks,29960,7679,-22281
Stephan Lacant,181368,159086,-22282
Fen-fen Cheng,27316,5021,-22295
Christopher Hampton,57860,35510,-22350
Charles Band,25180,2798,-22382
Granz Henman,32720,10325,-22395
Kevin Asch,52610,30160,-22450
Pascale Pouzadoux,25839,3290,-22549
Renpei Tsukamoto,25517,2968,-22549
Cosima Dannoritzer,23200,650,-22550
Lowell Dean,31830,9224,-22606
Kaare Andrews,106320,83680,-22640
Sergio Stivaletti,24850,2180,-22670
Adrian Shergold,57040,34356,-22684
Anders Banke,42140,19450,-22690
Vic Sarin,23536,786,-22750
Shaad Ali,78870,56100,-22770
Jerzy Hoffman,43778,20990,-22788
Irene Taylor,55903,33112,-22791
Reha Erdem,35908,13111,-22797
Philip Adrian Booth,42954,20077,-22877
Brett Simmons,85686,62800,-22886
Benito Zambrano,38870,15950,-22920
Sergio Machado,31195,8255,-22940
Marcelo Gomes,30630,7682,-22948
Rob Walker,23590,600,-22990
Barbara Topsøe-Rothenborg,29133,6120,-23013
Nikita Mikhalkov,34850,11800,-23050
Tigmanshu Dhulia,30265,7215,-23050
Michael Philip,27820,4723,-23097
Alain Corneau,79570,56450,-23120
Paul Soter,66930,43780,-23150
Heitor Dhalia,28150,4844,-23306
Daniel Auteuil,42410,19100,-23310
Isabelle Mergault,31300,7925,-23375
Jan Sverák,32400,8990,-23410
Joe Nussbaum,180740,157310,-23430
Wladyslaw Pasikowski,38296,14860,-23436
Harley Wallen,38206,14737,-23469
Peter Dalle,33607,10003,-23604
Josh C. Waller,45596,21976,-23620
Michael Madsen,31180,7550,-23630
Jérôme Salle,85740,62010,-23730
Sean McNamara,30274,6514,-23760
Sarik Andreasyan,37330,13562,-23768
Jayson Thiessen,79930,56086,-23844
Jean-Xavier de Lestrade,45220,21357,-23863
Josiane Balasko,31215,7330,-23885
Maurice Pialat,33190,9124,-24066
Gregor Schnitzler,37590,13502,-24088
Dean Francis,39900,15810,-24090
Antonio Serrano,31090,6979,-24111
Frédéric Forestier,29020,4886,-24134
Charles Burnett,29230,5035,-24195
Özcan Deniz,47278,22998,-24280
Xiaolu Xue,27650,3300,-24350
Jérôme Cohen-Olivar,78893,54346,-24547
Hector Babenco,35490,10929,-24561
Michele Soavi,33880,9280,-24600
Rama Burshtein,39990,15380,-24610
Robert Vince,27570,2831,-24739
Michael Rowe,28100,3346,-24754
Steven Shainberg,102389,77630,-24759
Andrea Molaioli,38940,14180,-24760
Christopher Erskin,84260,59474,-24786
Takehiko Shinjô,28213,3415,-24798
Thomas Gilou,35129,10324,-24805
Hiroyuki Nakano,27620,2807,-24813
Anna Muylaert,40592,15690,-24902
Hervé Palud,37628,12631,-24997
Jon Knautz,66670,41670,-25000
Tian-Ming Wu,34760,9740,-25020
Alejandro Chomski,25840,816,-25024
Simon Moore,50960,25910,-25050
Patrick Read Johnson,39490,14370,-25120
George Clooney,921520,896360,-25160
Scott Glosserman,255090,229890,-25200
Eduardo Rodriguez,31534,6290,-25244
Wisit Sasanatieng,29190,3891,-25299
Steve Anderson,42990,17654,-25336
Frédéric Tcheng,40510,15160,-25350
Bill Forsyth,42720,17366,-25354
Jae-eun Jeong,25980,616,-25364
James Melkonian,53480,28100,-25380
Joo-hwan Kim,67922,42520,-25402
Álvaro de Armiñán,36530,11071,-25459
Turner Clay,31690,6025,-25665
Zheng Xu,36965,11288,-25677
Anjelica Huston,48220,22350,-25870
Frédéric Beigbeder,50810,24932,-25878
Maria Maggenti,50980,25060,-25920
Bigas Luna,42810,16800,-26010
Stanley Kwan,27340,1314,-26026
Martín Rosete,31320,5230,-26090
Raj Kanwar,56582,30469,-26113
Barnet Kellman,40020,13880,-26140
Michael Verhoeven,27600,1457,-26143
Atom Egoyan,37730,11540,-26190
Rintarô,28220,1930,-26290
Cãtãlin Mitulescu,32320,5912,-26408
Leonardo Pieraccioni,35472,9017,-26455
Ajmal Zaheer Ahmad,38738,12180,-26558
Maria de Medeiros,27408,811,-26597
Roland Joffé,56370,29750,-26620
Nicholas Verso,38867,12130,-26737
John Butler,44980,18210,-26770
Marcos Prado,30920,4126,-26794
Jordan Brady,46887,20045,-26842
Jeff Renfroe,34500,7630,-26870
Victor Nunez,32750,5866,-26884
Zacharias Kunuk,68730,41818,-26912
Jack Sholder,31670,4700,-26970
Éva Gárdos,46040,19060,-26980
Samuel Maoz,107809,80720,-27089
Takashi Shimizu,40850,13760,-27090
Kenji Nagasaki,125980,98820,-27160
Jake Scott,104700,77510,-27190
Bruno Dumont,35270,7860,-27410
Marcus Adams,60330,32900,-27430
Karl Markovics,30300,2770,-27530
John Dower,49822,22280,-27542
Charles Herman-Wurmfeld,157132,129531,-27601
Peter Landesman,175280,147660,-27620
Helmut Dietl,37086,9460,-27626
Dario Argento,80920,53270,-27650
Pierre Coré,30980,3290,-27690
Anthony Fabian,37280,9526,-27754
Staffan Lindberg,41717,13940,-27777
Cherien Dabis,36920,9040,-27880
Marleen Gorris,39066,11130,-27936
Charles S. Dutton,74430,46466,-27964
Terence Hill,42560,14556,-28004
Cheryl Dunye,37080,8996,-28084
Aleksi Mäkelä,34607,6347,-28260
Eric England,61246,32984,-28262
Pat Holden,81720,53400,-28320
Ulf Malmros,41031,12618,-28413
Edoardo Maria Falcone,44720,16272,-28448
Anthony Waller,67960,39460,-28500
Young-Tak Kim,48060,19486,-28574
Tom Hanks,738110,709520,-28590
Charles Philip Moore,32850,4240,-28610
Ondrej Trojan,34002,5324,-28678
Franck Mancuso,37670,8960,-28710
Noriyuki Abe,46032,17225,-28807
Pierre Morel,740270,711350,-28920
Junji Shimizu,49260,20320,-28940
Anil Sharma,64999,36020,-28979
Laurent Firode,39490,10493,-28997
Bejoy Nambiar,83446,54225,-29221
Stanley Nelson,39757,10535,-29222
Vicente Aranda,34460,5224,-29236
Cory Finley,465510,436150,-29360
Ron Fricke,410660,381190,-29470
David L. Cunningham,47477,17890,-29587
Debbie Isitt,42910,13322,-29588
Kamen Kalev,31960,2330,-29630
Lance Mungia,80000,50360,-29640
Mostofa Sarwar Farooki,37392,7646,-29746
Alexandre Rockwell,43930,14110,-29820
Hong-Seung Yoon,31820,1980,-29840
Pernilla August,44140,14280,-29860
Stijn Coninx,44030,14100,-29930
A.R. Murugadoss,103864,73810,-30054
Rahul Rawail,37355,7297,-30058
Mikkel Brænne Sandemose,45950,15870,-30080
Eric Valette,45480,15394,-30086
Teresa Fabik,49410,19293,-30117
Lucian Pintilie,38400,8280,-30120
Hiroshi Nishitani,33016,2890,-30126
Kurt Kuenne,205229,175080,-30149
Daisuke Nishio,79560,49290,-30270
Byambasuren Davaa,35400,5000,-30400
Matt Aselton,99600,69160,-30440
Ron Scalpello,48910,18430,-30480
Bahman Ghobadi,89420,58926,-30494
Michael David Pate,53773,23256,-30517
Shunji Iwai,38884,8314,-30570
Gerhard Hahn,83860,53274,-30586
Juha Wuolijoki,47030,16411,-30619
Eliseo Subiela,41300,10611,-30689
Sam Pillsbury,42010,11190,-30820
Cesc Gay,63240,32410,-30830
Marco Berger,45380,14480,-30900
Nick Powell,143340,112440,-30900
György Pálfi,38900,7940,-30960
Ana Lily Amirpour,387430,356460,-30970
A.L. Vijay,35136,4044,-31092
John Bailey,62676,31553,-31123
Robert Lieberman,56050,24920,-31130
Charles Nemes,45708,14577,-31131
Mark Steven Johnson,222430,191240,-31190
Jeff Balsmeyer,52440,21250,-31190
Eric Amadio,86030,54698,-31332
Étienne Chatiliez,37340,5966,-31374
Hur Jin-ho,39300,7818,-31482
Anne Goursaud,69630,38126,-31504
Hella Joof,37950,6430,-31520
David Grieco,35490,3964,-31526
David Wnendt,57260,25670,-31590
Mike Mitchell,801540,769940,-31600
Brian Herzlinger,35380,3769,-31611
Scott Dow,35490,3850,-31640
Martin Bourboulon,48320,16670,-31650
Federico Moccia,49023,17372,-31651
David Oelhoffen,62198,30400,-31798
Paul Fox,55990,24184,-31806
Jin-gyu Cho,35060,3225,-31835
James Nunn,48750,16910,-31840
Vikram K. Kumar,76938,45070,-31868
Steven Sheil,64880,32990,-31890
Vikram Bhatt,49374,17440,-31934
John Stalberg Jr.,78980,47020,-31960
Lawrence Guterman,626840,594830,-32010
Rémi Chayé,39260,7190,-32070
Luiso Berdejo,161630,129522,-32108
Lynne Stopkewich,39970,7771,-32199
Hajime Kamegaki,48390,16090,-32300
Murat Aslan,56003,23696,-32307
Carlos Saura,33450,1058,-32392
Christopher Coppola,34136,1738,-32398
Emer Reynolds,45950,13526,-32424
Khyentse Norbu,34090,1626,-32464
Michael Cimino,84850,52290,-32560
Matt Kugelman,67030,34358,-32672
Sung-ho Kim,36230,3530,-32700
Carl Franklin,112944,80241,-32703
Boris Malagurski,45440,12736,-32704
Stephen Elliott,109810,77006,-32804
Arnaud des Pallières,46498,13670,-32828
Nancy Meckler,36740,3748,-32992
Sheng Ding,36102,3070,-33032
Joon-Hwan Jang,87350,54290,-33060
Rigoberto Castañeda,35830,2740,-33090
Grant Harvey,104513,71420,-33093
Grant Gee,37077,3977,-33100
Stefan Schwartz,40560,7431,-33129
Émile Gaudreault,43508,10356,-33152
Daryn Tufts,59990,26834,-33156
Lauro David Chartrand-Del Valle,47240,14056,-33184
Gabriel Range,56300,23060,-33240
Hayao Miyazaki,1026590,993300,-33290
Wen Jiang,55520,22185,-33335
Michael Walker,36570,2960,-33610
Dover Koshashvili,35550,1810,-33740
Christophe Van Rompaey,43150,9398,-33752
Bill Couturié,71814,38021,-33793
Sebastián Silva,52466,18642,-33824
Anna Odell,51390,17526,-33864
Lawrence D'Souza,39784,5798,-33986
Paul Mazursky,52340,18306,-34034
Michael Gottlieb,102250,68150,-34100
Yen-Ping Chu,35448,1320,-34128
Vincent Bal,38666,4504,-34162
Hans-Christian Schmid,44340,10020,-34320
Régis Roinsard,127340,92980,-34360
Jafar Panahi,82640,48260,-34380
Frédéric Fonteyne,46038,11520,-34518
Jeff Baena,239270,204690,-34580
Adam Simon,54600,19920,-34680
M.J. Bassett,132910,98050,-34860
Paul Auster,42150,7280,-34870
Anthony Chen,50060,15080,-34980
Mustafa Altioklar,58858,23823,-35035
David Green,72130,37060,-35070
Trevor White,63590,28499,-35091
Jean-Patrick Benes,44960,9840,-35120
Justin Kelly,59040,23820,-35220
Danishka Esterhazy,82725,47500,-35225
Miroslav Momcilovic,42804,7400,-35404
Billy Kent,58716,23310,-35406
Conor Allyn,49370,13780,-35590
Shôhei Imamura,64160,28560,-35600
Shashank Khaitan,140920,105220,-35700
James Moll,57970,21928,-36042
William Lustig,86890,50820,-36070
Robert Radler,43604,7423,-36181
Peter Greenaway,67340,31090,-36250
Dennis Gansel,44850,8560,-36290
Dmitriy Dyachenko,38160,1690,-36470
Tsai Ming-liang,55670,19180,-36490
Fernando Eimbcke,46380,9880,-36500
Alison Klayman,45290,8630,-36660
Raman Hui,57030,20360,-36670
Doug McHenry,47040,10220,-36820
Harvey Glazer,74090,37212,-36878
Gianni Di Gregorio,43030,6140,-36890
Steve Buscemi,176530,139580,-36950
Megan Griffiths,67282,30302,-36980
Christian Frei,38773,1758,-37015
Chris Baugh,87400,50380,-37020
H. Vinoth,143460,106310,-37150
Peter Hyams,104210,66810,-37400
Greg Beeman,51960,14520,-37440
Christian Zübert,49190,11748,-37442
Maria Blom,41900,4419,-37481
Siddiq Barmak,95410,57926,-37484
William Friedkin,64230,26670,-37560
Melanie Mayron,62230,24640,-37590
Anthony Mandler,66720,29051,-37669
Jan Svankmajer,43070,5240,-37830
Jonathan English,41212,3380,-37832
Daniel Schechter,46752,8800,-37952
Sue Brooks,47982,9984,-37998
Dan Bush,86532,48337,-38195
Ömer Vargi,182414,144145,-38269
Antoinette Beumer,61130,22730,-38400
Jannicke Systad Jacobsen,87603,49095,-38508
Vincent Masciale,56830,18292,-38538
Jason Connery,52395,13820,-38575
Jaume Balagueró,77110,38530,-38580
Rob Stewart,50400,11724,-38676
Ondi Timoner,53936,15236,-38700
Paul Solet,82350,43598,-38752
Kent Jones,72010,33251,-38759
Marcus H. Rosenmüller,41877,2930,-38947
Brett Harvey,51945,12930,-39015
Hirotsugu Kawasaki,51720,12680,-39040
Kit Ryan,66710,27656,-39054
Daniel Petrie,66990,27900,-39090
Terry Zwigoff,216460,177360,-39100
Michel Leclerc,50420,11305,-39115
Bill Guttentag,51630,12504,-39126
Jay Lee,62068,22684,-39384
Su-chang Kong,58450,19060,-39390
Sebastian Schipper,49000,9500,-39500
Marina de Van,57420,17904,-39516
Yaron Zilberman,47824,8270,-39554
Carlos Marques-Marcet,49070,9476,-39594
Anthony C. Ferrante,53860,14220,-39640
Mitch Davis,47400,7612,-39788
Desmond Nakano,51970,12181,-39789
Horatiu Malaele,70360,30535,-39825
Michael Berry,84470,44365,-40105
Mark Waters,88450,48320,-40130
Norman Jewison,95840,55620,-40220
Damien O'Donnell,200720,160490,-40230
Leslie Small,49976,9602,-40374
Kunal Kohli,63010,22560,-40450
Ludovic Bernard,52640,12150,-40490
Daniel Sánchez Arévalo,86110,45590,-40520
Takeshi Kitano,75280,34720,-40560
Mark Penney,59566,18955,-40611
Martha Coolidge,54680,14020,-40660
Éric Rohmer,57940,17220,-40720
Scott Schirmer,46952,6212,-40740
Heywood Gould,45490,4670,-40820
Olivier Van Hoofstadt,56350,15380,-40970
Byung-woo Kim,56285,15170,-41115
Pawan Kumar,82951,41712,-41239
Huck Botko,53520,12257,-41263
Stephan Apelgren,50820,9521,-41299
Srdjan Koljevic,57470,16040,-41430
Julie Gavras,52100,10640,-41460
Erick Zonca,77770,36300,-41470
Dharmesh Darshan,59863,18380,-41483
Zeki Demirkubuz,67882,26282,-41600
Stian Kristiansen,50410,8771,-41639
Hyun-seung Lee,57006,15360,-41646
Talya Lavie,45320,3620,-41700
Tony Mitchell,71670,29844,-41826
Bill Fishman,45520,3625,-41895
Jorge Michel Grau,51030,9084,-41946
David Evans,117350,75166,-42184
Chris Kraus,53108,10800,-42308
Eric Meza,56330,13980,-42350
S.J. Suryah,53248,10759,-42489
Hae-sung Song,50256,7580,-42676
Sabbir Khan,81566,38880,-42686
Lee Joon-ik,48562,5770,-42792
James Lapine,55330,12520,-42810
Sean Penn,98280,55410,-42870
Dan Harris,100410,57535,-42875
John Geddes,46920,3880,-43040
Pradeep Sarkar,68540,24992,-43548
Mani Ratnam,112584,69000,-43584
Takashi Koizumi,44920,1202,-43718
Carlos Sorin,54000,10280,-43720
Dror Moreh,53134,9400,-43734
Richard Eyre,191640,147900,-43740
Bora Dagtekin,116963,73104,-43859
Radha Krishna Jagarlamudi,60664,16675,-43989
Vishal Bhardwaj,91309,46982,-44327
Philippe Lacheau,100530,56070,-44460
Hyeong-Joon Kim,94980,50480,-44500
Ferzan Özpetek,72350,27610,-44740
Mike Clattenburg,68397,23548,-44849
Bala,51461,6586,-44875
Rodrigo Plá,56870,11680,-45190
Géla Babluani,180500,135308,-45192
Koldo Serra,58360,12760,-45600
Haim Tabakman,65780,20133,-45647
Guillaume Gallienne,80630,34940,-45690
Alejandro Lozano,57740,12020,-45720
Daniel Myrick,76365,30621,-45744
Q. Allan Brocka,63970,18225,-45745
Seiji Mizushima,121300,75448,-45852
Sophie Fiennes,58890,12940,-45950
Blake Edwards,105390,59330,-46060
Fazil,51653,5556,-46097
John Henderson,48720,2606,-46114
Kevin James Dobson,49910,3705,-46205
Daniel Grou,62882,16500,-46382
Gautham Vasudev Menon,66890,20490,-46400
Dan Rosen,64060,17570,-46490
Bharathan,55770,9075,-46695
Sven Unterwaldt Jr.,48991,1980,-47011
John Herzfeld,217920,170860,-47060
Markus Schleinzer,51280,4110,-47170
John Stephenson,55100,7910,-47190
Jean-François Pouliot,54770,7529,-47241
Christopher Cain,53950,6600,-47350
Casey La Scala,134170,86360,-47810
Michael Tolkin,60460,12640,-47820
Jeffrey G. Hunt,71090,23110,-47980
Zdravko Sotra,60040,11895,-48145
James Dearden,59590,11430,-48160
Chookiat Sakveerakul,51884,3667,-48217
Tom Gustafson,58940,10573,-48367
Alexandre Castagnetti,52970,4568,-48402
Fausto Brizzi,53890,5324,-48566
Ezio Greggio,60450,11860,-48590
Arne Glimcher,59720,11126,-48594
Feo Aladag,55650,6940,-48710
Salim Akil,115470,66650,-48820
Yoshiaki Kawajiri,408630,359740,-48890
Marek Kanievska,64200,15310,-48890
Chris Crow,60536,11610,-48926
Mike Gunther,53470,4400,-49070
David Moreton,71220,22088,-49132
Tomohiko Itô,90090,40690,-49400
Julian Pölsler,71670,21993,-49677
Wolfgang Büld,52820,3010,-49810
Enrique Gato,91290,41320,-49970
Brian Knappenberger,93846,43860,-49986
Emily Ting,62270,12200,-50070
Urszula Antoniak,53850,3688,-50162
Shane Abbess,142790,92570,-50220
Ljubisa Samardzic,51150,908,-50242
Nicolás López,58384,8001,-50383
Tyler Shields,168540,118116,-50424
Jason Stone,92280,41820,-50460
Maya Forbes,170660,120130,-50530
Ezel Akay,130395,79530,-50865
Mahsun Kirmizigül,80758,29460,-51298
Robert Townsend,57022,5665,-51357
Tom Green,514990,463527,-51463
Vic Armstrong,62620,10820,-51800
Ken Scott,137508,85620,-51888
Özcan Alper,68660,16560,-52100
Yu Shan Chen,60840,8610,-52230
Aaron Norris,81710,29410,-52300
R.J. Cutler,80070,27690,-52380
Dragan Bjelogrlic,130380,77750,-52630
Pyotr Buslov,74412,21675,-52737
Damian Harris,79780,26890,-52890
Tarsem Singh,1093940,1040860,-53080
Tinu Suresh Desai,232378,179246,-53132
Todd Berger,93573,40250,-53323
Pavel Chukhray,56420,3058,-53362
William Butler,55906,2225,-53681
Tassos Boulmetis,134357,80650,-53707
Takashi Yamazaki,81770,27636,-54134
Shoaib Mansoor,95234,40892,-54342
David A. Armstrong,74420,19574,-54846
Kwang-Hyun Park,75550,20563,-54987
Peter Markle,62100,7094,-55006
Vijay Krishna Acharya,275295,219970,-55325
Drake Doremus,130308,74900,-55408
Goran Markovic,61460,5685,-55775
Bryce Wagoner,81170,25338,-55832
Claude Sautet,106760,50790,-55970
William H. Macy,195020,138892,-56128
Breno Silveira,62820,6647,-56173
Florin Serban,59046,2686,-56360
Chris Sparling,93560,37130,-56430
Frank D'Angelo,77019,20531,-56488
Shinji Aramaki,185570,129060,-56510
Marcus Baldini,80190,23350,-56840
Nicole Kassell,354370,297410,-56960
Don McKellar,101570,44580,-56990
Bob Hathcock,287360,229982,-57378
Tim Fywell,79990,22520,-57470
Ho-joon Kim,59450,1964,-57486
Christian Charles,69317,11818,-57499
Srdjan Dragojevic,128156,70440,-57716
Helen Hunt,102400,44520,-57880
Adam Gierasch,73680,15780,-57900
Joe Lynch,215760,157820,-57940
Yves Robert,63725,5524,-58201
Bobby Roe,105960,47750,-58210
Mike Leigh,113280,54800,-58480
Charles Robert Carner,65630,6980,-58650
Woody Allen,154190,95530,-58660
Christian Alvart,72902,14170,-58732
Nathan Frankowski,65734,6246,-59488
Julien Rambaldi,62335,2760,-59575
Jerry Zaks,301000,241150,-59850
Oliver Parker,101940,42060,-59880
Jim Wilson,82490,22590,-59900
Christopher MacBride,131570,71650,-59920
Sacha Gervasi,168730,108590,-60140
Marianna Palka,74373,13962,-60411
Tommy Lee Jones,419290,358850,-60440
Stewart Raffill,68950,8389,-60561
Vondie Curtis-Hall,166260,105500,-60760
Peter Thorwarth,101749,40902,-60847
Charlie McDowell,436540,375660,-60880
Javier Fuentes-León,72120,11127,-60993
Louis C.K.,108229,46900,-61329
Martha Fiennes,83280,21930,-61350
Vaughn Stein,254730,193210,-61520
Martyn Pick,62750,1230,-61520
Fred Schepisi,175860,114330,-61530
Antonio Banderas,74130,12540,-61590
Sajid Khan,158576,96947,-61629
Rusty Cundieff,71235,9566,-61669
Brett Simon,163700,101880,-61820
Nanette Burstein,98079,36140,-61939
Woo-seok Yang,76510,14460,-62050
Roger Donaldson,157260,95174,-62086
Rowdy Herrington,103500,41210,-62290
Tobias Lindholm,174570,112270,-62300
Clovis Cornillac,71490,9100,-62390
Béla Tarr,126250,63500,-62750
Chris Robinson,122840,59990,-62850
Marcos Jorge,82300,19441,-62859
Jason Todd Ipson,82900,19710,-63190
John Dahl,253250,189890,-63360
Dennis Hopper,135800,72350,-63450
Abhishek Kapoor,215808,152040,-63768
Lloyd Kaufman,68800,4935,-63865
Leander Haußmann,72690,8815,-63875
Arthur Hiller,93120,28364,-64756
Anurag Kashyap,122610,57760,-64850
Gabe Polsky,72220,7330,-64890
Michael Mazzola,87400,22270,-65130
Achero Mañas,69890,4694,-65196
Masoud Dehnamaki,70960,5684,-65276
Pif,89000,23580,-65420
Harris Goldberg,87840,21906,-65934
Franc. Reyes,79130,13106,-66024
Al Pacino,85750,19608,-66142
Michael J. Gallagher,88101,21934,-66167
James Toback,87210,21030,-66180
Gustavo Hernández,80310,14070,-66240
William Brent Bell,272986,206550,-66436
Michael Ritchie,81050,14360,-66690
James Kent,305700,238930,-66770
Chakri Toleti,71083,4078,-67005
Ed Bye,145690,78666,-67024
Kike Maíllo,104450,37200,-67250
Johnny Martin,112408,44790,-67618
Dani de la Torre,111260,43380,-67880
Amanda Kernell,83070,15160,-67910
James Yukich,138500,70110,-68390
Kim Chapiron,95530,27063,-68467
Mark Brown,73840,5210,-68630
Vincent Kok,70018,1019,-68999
Brian Gilbert,147960,78853,-69107
Giddens Ko,116080,46801,-69279
Gary Hustwit,81780,12331,-69449
Sergio Castellitto,85210,15547,-69663
Julien Temple,89870,20050,-69820
Troy Miller,409920,340084,-69836
Julie Taymor,108050,38040,-70010
Aleksandr Kott,73978,3876,-70102
Jim Kouf,100470,30310,-70160
Larry Ferguson,77940,7240,-70700
Stuart Gillard,77470,6730,-70740
Mukul Anand,94700,23916,-70784
Laurie Collyer,96810,25772,-71038
Mona Achache,97890,26490,-71400
Colin Minihan,167970,96520,-71450
Lucía Puenzo,149440,77930,-71510
Andy Tennant,249560,178010,-71550
Daniel Lee,86875,15240,-71635
Clive Barker,264970,193250,-71720
Matty Beckerman,88720,16980,-71740
Annette Haywood-Carter,97650,25740,-71910
Luis Mandoki,89570,17535,-72035
Jeff Feuerzeig,84970,12640,-72330
Mars Callahan,87768,15330,-72438
Angelina Jolie,277730,205250,-72480
John R. Leonetti,582680,510010,-72670
William Dear,77160,4370,-72790
Frank Henenlotter,96680,23566,-73114
Dennis Lee,136270,63060,-73210
Adam Rapp,89170,15723,-73447
Lili Fini Zanuck,99210,25420,-73790
John R. Cherry III,101110,27040,-74070
Lee Kirk,107410,33270,-74140
Tom Putnam,196271,122085,-74186
Justin Kurzel,206870,132310,-74560
Aram Rappaport,88216,13566,-74650
Michael Goi,125938,51230,-74708
Alain Berliner,90380,15412,-74968
Alex Turner,111530,36530,-75000
Carl Schenkel,91830,16828,-75002
Patrice Leconte,103810,28800,-75010
Christian Molina,82954,7780,-75174
David Jacobson,93632,18400,-75232
Baillie Walsh,103720,28111,-75609
Víctor Garcia,99530,23890,-75640
Anjali Menon,183776,107722,-76054
James D.R. Hickox,83990,7794,-76196
Chad Crawford Kinkle,79790,3160,-76630
Serdar Akar,111968,35255,-76713
Erik White,115760,38856,-76904
Kjell Sundvall,94510,17276,-77234
Kôji Shiraishi,79343,2080,-77263
Josh Fox,99996,22639,-77357
Philipp Stölzl,83550,6037,-77513
Amy Berg,108480,30939,-77541
Billy Corben,85964,8102,-77862
Bronwen Hughes,110990,33086,-77904
Noel Clarke,131700,53557,-78143
Milorad Milinkovic,83132,4856,-78276
Mikkel Nørgaard,116900,38585,-78315
Bob Logan,99440,20748,-78692
Bernardo Bertolucci,137650,58930,-78720
Caroline Thompson,107000,28270,-78730
Gabriele Salvatores,87560,8804,-78756
Edward Burns,82060,3230,-78830
Makoto Shinkai,640590,561710,-78880
Omung Kumar,114440,35494,-78946
Stephen Belber,184030,104945,-79085
Wolfgang Petersen,114590,35250,-79340
Yilmaz Erdogan,241892,162460,-79432
Stanley Tong,146484,66920,-79564
Hadi Hajaig,148913,69180,-79733
Craig Monahan,87810,8050,-79760
Mark Illsley,103040,23120,-79920
Jens Lien,98090,18000,-80090
Perry Blackshear,86950,6860,-80090
Károly Ujj Mészáros,96330,16240,-80090
Tim Robbins,156540,76422,-80118
Lasse Spang Olsen,93584,13450,-80134
Norman René,85380,5200,-80180
Mark L. Lester,86860,6602,-80258
John Woo,116930,36620,-80310
Lionel C. Martin,92140,11500,-80640
Jenée LaMarque,103470,22690,-80780
Steve Barker,179370,98280,-81090
Oriol Paulo,727230,645980,-81250
Carlos Cuarón,93320,12051,-81269
Donato Carrisi,130610,48860,-81750
Menno Meyjes,88000,6070,-81930
Dervis Zaim,86298,3308,-82990
Saul Dibb,196844,113800,-83044
Richard Loncraine,155980,72350,-83630
Herbert Ross,225650,141970,-83680
Mark Mylod,960810,877050,-83760
Robert Siegel,98770,14710,-84060
Hart Bochner,116406,32130,-84276
Casey Affleck,239390,155000,-84390
Matt Osterman,102091,17349,-84742
Alexandros Avranas,90485,5190,-85295
Alexandra-Therese Keining,96166,10640,-85526
Dan Fogelman,333530,247950,-85580
Babak Anvari,302100,216500,-85600
Jaume Collet-Serra,1343940,1257710,-86230
Jacques Rivette,94130,7710,-86420
Anh Hung Tran,100540,14080,-86460
Crystal Moselle,135370,48770,-86600
Agnieszka Smoczynska,98430,11660,-86770
Shin'ichirô Ueda,209804,122702,-87102
Guy Moshe,107160,20010,-87150
Jorge Furtado,91912,4574,-87338
Fernando Trueba,114190,26360,-87830
Jeb Stuart,153030,65082,-87948
Adam Bernstein,104970,16490,-88480
Bavo Defurne,100340,11690,-88650
Michael Karbelnikoff,97240,8450,-88790
Sarah Polley,231100,141390,-89710
Wim Wenders,113790,23840,-89950
Masahiro Andô,183510,93342,-90168
Nabwana I.G.G.,98114,7915,-90199
Edward James Olmos,104810,14350,-90460
Tom Vaughan,251370,160500,-90870
David Seltzer,107730,16850,-90880
Mark Pavia,120720,29420,-91300
Nnegest Likké,94270,2860,-91410
Jason Zada,457820,366272,-91548
Agnès Jaoui,103920,12260,-91660
Andreas Öhman,101890,8592,-93298
Gustavo Taretto,160270,66778,-93492
Eleanor Coppola,97930,4130,-93800
Jody Hill,136680,42610,-94070
Mike van Diem,113240,19146,-94094
Vipul Amrutlal Shah,124382,29990,-94392
Alain Berbérian,104700,10160,-94540
Damon Gameau,108790,14110,-94680
Mansoor Khan,205660,110520,-95140
Volker Schlöndorff,107710,12397,-95313
Marc Abraham,178410,82830,-95580
Emilis Velyvis,108210,12432,-95778
Yann Arthus-Bertrand,184686,88430,-96256
Gisaburô Sugii,99390,3110,-96280
Ruben Alves,106480,9830,-96650
Raj Kumar Gupta,120682,23790,-96892
Craig R. Baxley,139750,42610,-97140
Katherine Brooks,108486,11339,-97147
Mert Baykal,122820,25536,-97284
Nancy Savoca,101380,3858,-97522
Joann Sfar,103210,5350,-97860
Sharat Katariya,190427,92220,-98207
Norio Tsuruta,99420,1170,-98250
Yoshihiro Nishimura,102392,4033,-98359
Douglas Aarniokoski,213470,114900,-98570
Reinhard Klooss,130560,31800,-98760
Hans Canosa,118179,19279,-98900
Luca Miniero,103300,4347,-98953
David Moreau,117030,17530,-99500
Til Schweiger,112200,12549,-99651
Rodrigo Sorogoyen,123300,23590,-99710
Mark Christopher,345940,245593,-100347
Deran Sarafian,208680,108079,-100601
Abhishek Varman,271010,170240,-100770
Jeff Pollack,171440,69180,-102260
Luis Llosa,111414,8910,-102504
Arlene Sanford,117950,14660,-103290
Richard Franklin,117650,14010,-103640
Paul Hyett,110930,6995,-103935
Albert Pyun,108490,4165,-104325
Koen Mortier,109970,5503,-104467
Stacy Peralta,133740,28416,-105324
Yavuz Turgul,382482,276795,-105687
Rob Cohen,329460,223690,-105770
Hakan Algül,135798,29925,-105873
Shigeyasu Yamauchi,120020,14097,-105923
Régis Wargnier,109730,3800,-105930
Wash Westmoreland,264890,158410,-106480
Holly Goldberg Sloan,110130,3622,-106508
Lewis Teague,180220,73414,-106806
Alan Shapiro,223950,116970,-106980
Caradog W. James,256766,149650,-107116
Ami Canaan Mann,154476,47250,-107226
Tim Sullivan,133350,26090,-107260
Makoto Kamiya,332510,224730,-107780
Haifaa Al-Mansour,129224,21270,-107954
James Orr,133020,24730,-108290
Hal Hartley,123550,14950,-108600
Mick Jackson,344980,235900,-109080
Ted Geoghegan,199540,90022,-109518
Robert Duvall,149270,39410,-109860
Robin Swicord,291080,181070,-110010
Chris Paine,127680,17646,-110034
Courtney Solomon,363230,252980,-110250
Lorene Scafaria,1189480,1078910,-110570
Ramaa Mosley,170790,60176,-110614
Galt Niederhoffer,125420,14800,-110620
Kamal Haasan,139373,28560,-110813
John Harrison,194250,83280,-110970
Eric Steel,122400,11200,-111200
Todd Kessler,374360,263024,-111336
John Schlesinger,228570,117170,-111400
Yunsung Kang,128260,16084,-112176
Amma Asante,169350,56800,-112550
Bob Dolman,173470,60610,-112860
Stephen S. Campanelli,169750,56820,-112930
Craig Moss,124265,10394,-113871
Thor Freudenthal,250930,136940,-113990
Can Evrenol,125090,10825,-114265
J.P. Dutta,126134,11730,-114404
Chris Eyre,126460,12002,-114458
Tony Maylam,167150,52256,-114894
E.L. Katz,205010,89430,-115580
Enzo Zelocchi,424662,308436,-116226
Santiago Segura,136090,19857,-116233
Mahesh Manjrekar,119902,3146,-116756
Robert Mandel,274650,157720,-116930
Ethan Spaulding,313090,196090,-117000
Josef Fares,147110,29646,-117464
Lawrence Kasdan,155940,38470,-117470
Lee Hae-jun,197610,79974,-117636
Rufus Norris,150420,32713,-117707
Ilmar Raag,127176,9390,-117786
Jamin Winans,158283,39810,-118473
Hwang Dong-hyuk,153523,34020,-119503
Jay Baruchel,149710,30200,-119510
Anthony DiBlasi,129890,10341,-119549
Reginald Hudlin,167650,48030,-119620
Andrey Zvyagintsev,476200,356440,-119760
Ken Marino,175850,55480,-120370
Mike Disa,139910,19460,-120450
Cheol-soo Jang,171250,50720,-120530
Neil LaBute,143170,21830,-121340
Timo Tjahjanto,196062,73524,-122538
Francis Lee,358460,235160,-123300
Simon Shore,146950,23425,-123525
Scott Hicks,284355,160220,-124135
Fabrice du Welz,138490,12960,-125530
Thomas Schlamme,429700,303952,-125748
Roy Andersson,204040,78140,-125900
Derick Martini,146280,20310,-125970
Kevin Bray,156770,30560,-126210
Gregor Jordan,136820,10290,-126530
George Lucas,8611690,8483320,-128370
Nic Balthazar,193910,65511,-128399
Wayne Blair,151930,23500,-128430
Tim Pope,217770,88722,-129048
John Landis,343600,213750,-129850
Darren Grant,158750,28890,-129860
George Sluizer,141815,11572,-130243
Karan Malhotra,269420,139140,-130280
Adam MacDonald,243010,112420,-130590
Shaun Monson,178576,47976,-130600
Ray Lawrence,202420,70810,-131610
Arie Posin,191900,59630,-132270
Carlo Ledesma,230240,96284,-133956
Davis Guggenheim,176050,41942,-134108
Christopher Kenneally,137220,3036,-134184
Harmony Korine,383830,249340,-134490
Aaron Harvey,179120,44350,-134770
Ryan Little,171808,36530,-135278
Cyrus Nowrasteh,174418,39000,-135418
Alex Gibney,161312,25520,-135792
Richard Benjamin,191020,54980,-136040
Charles Stone III,273746,136072,-137674
Eran Kolirin,141830,3450,-138380
Mick Garris,246460,108040,-138420
Andrew Currie,151550,13067,-138483
David Cronenberg,568470,429380,-139090
Steve Trenbirth,180040,39960,-140080
Brett Sullivan,152610,11820,-140790
Boaz Yakin,146250,5440,-140810
Andrew Traucki,209870,68430,-141440
Michael Lembeck,639850,498300,-141550
Shoojit Sircar,321500,179890,-141610
Erik Skjoldbjærg,156410,14734,-141676
Liam O'Donnell,235200,92390,-142810
Agnieszka Holland,175210,32280,-142930
Liz W. Garcia,152250,8330,-143920
Mike Hodges,235760,90040,-145720
Kiah Roache-Turner,184100,38120,-145980
Matthias Hoene,203080,56940,-146140
Leon Gast,191750,45169,-146581
Greg McLean,786340,638810,-147530
Shree Narayan Singh,209303,61440,-147863
Milcho Manchevski,159020,10470,-148550
Peter Stebbings,375450,226334,-149116
Jan-Ole Gerster,175660,26060,-149600
Marielle Heller,336360,184346,-152014
Miranda July,374870,221670,-153200
Risa Bramon Garcia,163760,10010,-153750
Fernando Meirelles,1488360,1332860,-155500
Fedor Bondarchuk,217160,60830,-156330
Rob Sitch,175470,17780,-157690
Brian Gibson,247020,88860,-158160
Sally Potter,187770,29090,-158680
Michel Gondry,189960,30810,-159150
Rodney Ascher,231450,72030,-159420
Don Michael Paul,167710,7070,-160640
Raja Menon,357182,195029,-162153
Ole Bornedal,181750,18680,-163070
Guel Arraes,170100,6580,-163520
Dave McKean,237020,73078,-163942
Brian Yuzna,176540,11840,-164700
Phil Morrison,234500,69550,-164950
Bryan Gordon,175140,9020,-166120
Phil Joanou,248780,81980,-166800
Takeshi Koike,173230,6332,-166898
Wych Kaosayananda,189667,22382,-167285
Ate de Jong,185000,16940,-168060
Steven Zaillian,424790,256420,-168370
Hark Tsui,199520,30510,-169010
C. Jay Cox,186200,16830,-169370
Yann Demange,603200,433660,-169540
Michel Hazanavicius,186004,15910,-170094
Nigel Cole,193520,22995,-170525
Jessy Terrero,246350,75249,-171101
Jean-Jacques Annaud,235620,62410,-173210
Kay Pollak,183000,9300,-173700
Farhan Akhtar,759530,584980,-174550
Phil Traill,444860,269940,-174920
Claudio Fragasso,178160,1696,-176464
Nimród Antal,271150,93970,-177180
Jordan Rubin,205660,28280,-177380
Alfonso Arau,188760,10984,-177776
Morgan Matthews,243488,65624,-177864
Imtiaz Ali,284112,105560,-178552
Roger Avary,214500,35690,-178810
Nate Parker,218590,39080,-179510
Patrice Chéreau,190380,10790,-179590
Albert Brooks,213870,34240,-179630
Matt Williams,364380,184590,-179790
Wayne Wang,183850,3364,-180486
Kundan Shah,194860,13851,-181009
Jan Kounen,188030,6930,-181100
Rupert Goold,730910,549450,-181460
Matthew Heineman,188400,6800,-181600
Dito Montiel,268660,86690,-181970
Jean-Claude Van Damme,281810,99362,-182448
Barbet Schroeder,189290,6380,-182910
George Huang,250570,66550,-184020
Gaspar Noé,258730,74530,-184200
Menhaj Huda,198070,12860,-185210
Jeff Burr,194440,8858,-185582
Michaël R. Roskam,243370,57430,-185940
Michael Mayer,232750,46570,-186180
Justin Kerrigan,272210,85884,-186326
Laetitia Colombani,195570,8950,-186620
Len Wiseman,2858800,2668750,-190050
Nick Love,235175,44770,-190405
Elliott Lester,461610,269250,-192360
Philippe Claudel,207330,14366,-192964
Ericson Core,755020,561460,-193560
Bryan Spicer,300700,106212,-194488
Adrian Lyne,1182720,988160,-194560
Andrew Bergman,220880,25580,-195300
Julius Onah,346909,151500,-195409
Max Mayer,251187,55140,-196047
Cal Brunker,269220,73040,-196180
Ashutosh Gowariker,257986,61190,-196796
John Pogue,208970,11520,-197450
Jae-young Kwak,202470,4814,-197656
Wayne Kramer,320058,121560,-198498
Adam Green,269272,70760,-198512
Stephen Cognetti,251540,52600,-198940
Mort Nathan,324110,124150,-199960
Eli Roth,839160,639176,-199984
Jacob Estes,334050,133460,-200590
Thom Eberhardt,230010,29390,-200620
Neil Armfield,334916,134050,-200866
Keishi Otomo,203888,2814,-201074
Don Mancini,500530,299170,-201360
Brian De Palma,268050,66670,-201380
Julian Jarrold,215260,13678,-201582
Cem Yilmaz,299674,96114,-203560
Duwayne Dunham,513190,309210,-203980
Abbas Kiarostami,231730,22610,-209120
Randal Kleiser,225180,13440,-211740
Franco Zeffirelli,236760,24600,-212160
Toby Wilkins,410740,197200,-213540
Gillian Robespierre,263650,49220,-214430
Richard Bates Jr.,246960,31210,-215750
John Hillcoat,221444,4610,-216834
Roman Polanski,428560,211720,-216840
Neeraj Pandey,824290,607340,-216950
Fraser C. Heston,275880,58310,-217570
Scott Mann,363050,142000,-221050
Andrew Morahan,221620,538,-221082
Anthony Hickox,230754,9452,-221302
Brian Levant,237840,16460,-221380
Marjane Satrapi,440037,218570,-221467
Dwight H. Little,244080,22220,-221860
Ron Maxwell,313900,91635,-222265
Justin Simien,265840,43400,-222440
Sean Byrne,442000,219550,-222450
Xavier Dolan,314500,91590,-222910
Emilio Estevez,269120,45350,-223770
Mike Figgis,227410,3376,-224034
Alexandre Avancini,231200,7100,-224100
Amar Kaushik,385980,161300,-224680
Ari Folman,424290,199340,-224950
Griffin Dunne,257750,30860,-226890
John Stockwell,256150,29170,-226980
Bob Spiers,246936,18110,-228826
E. Elias Merhige,442530,212890,-229640
Jack Bender,463840,232212,-231628
Joseph Kahn,295300,61370,-233930
Hans Weingartner,323980,89240,-234740
Jason Bloom,268525,32993,-235532
Joe Chappelle,253650,16160,-237490
Stella Meghie,299771,62270,-237501
Simon Wincer,246580,8610,-237970
Trish Sie,361070,121000,-240070
Mimi Leder,626280,384470,-241810
Daniel Petrie Jr.,250990,8994,-241996
Babak Najafi,351166,108380,-242786
Christopher Guest,308220,65262,-242958
Emile Ardolino,267610,24480,-243130
Matthew Bright,318810,74932,-243878
Nitesh Tiwari,885548,637460,-248088
David Hogan,313610,64090,-249520
C. Prem Kumar,373070,123408,-249662
Jean-Paul Rappeneau,260070,10350,-249720
John Cameron Mitchell,374120,124280,-249840
Steve James,280810,29440,-251370
Craig Johnson,449440,195820,-253620
John Flynn,258760,4450,-254310
Niels Mueller,261240,4420,-256820
Pascal Chaumeil,276780,19290,-257490
David Schwimmer,698940,441160,-257780
Antti J. Jokinen,266968,8210,-258758
Gia Coppola,312400,53370,-259030
Ben Younger,565740,305730,-260010
Omar Naim,276489,15460,-261029
Ernest R. Dickerson,304850,43564,-261286
Todd Solondz,372970,111070,-261900
Peter Lepeniotis,302900,40680,-262220
Taylor Hackford,344100,80750,-263350
Simon Wells,487090,223174,-263916
Ralph Fiennes,335540,70460,-265080
Richard Rich,271300,6145,-265155
Shimit Amin,549458,283645,-265813
Rajkumar Hirani,885820,614570,-271250
Oren Moverman,368230,96210,-272020
Allan Moyle,312430,38904,-273526
Sam Weisman,431500,156720,-274780
Julie Delpy,288955,14040,-274915
Peter O'Fallon,292280,16650,-275630
Frank Coraci,342414,65581,-276833
John Patrick Shanley,398810,121930,-276880
Lee Jeong-beom,305020,27590,-277430
Michael Caton-Jones,306180,28520,-277660
Mark Jones,305940,25180,-280760
Ernie Barbarash,427860,146510,-281350
Chris Stokes,286360,4934,-281426
Antoine Fuqua,305900,24450,-281450
Danis Tanovic,440042,158380,-281662
Bob Saget,302680,18675,-284005
Brandon Camp,340380,54920,-285460
Susanna White,371530,84450,-287080
Marcus Raboy,302800,14828,-287972
Demian Lichtenstein,293724,3905,-289819
David Bowers,399750,109840,-289910
Paddy Considine,338280,48280,-290000
Christopher Smith,318290,27630,-290660
Joseph Vilsmaier,302888,12097,-290791
Charles Shyer,845700,550480,-295220
Louie Psihoyos,515070,218860,-296210
Lake Bell,330930,33650,-297280
Clark Gregg,336570,36130,-300440
Ben Palmer,868030,566500,-301530
Greg Marcks,501340,199770,-301570
Lesli Linka Glatter,325340,23660,-301680
Dennis Dugan,331160,29270,-301890
Simon Brand,315060,12680,-302380
Gregory Plotkin,307970,4490,-303480
Bruce Malmuth,324630,20240,-304390
Sheldon Lettich,399590,94150,-305440
Jeremy Leven,533930,227708,-306222
Robert Redford,656830,350150,-306680
Gus Van Sant,619300,307820,-311480
Vikas Bahl,684320,371700,-312620
Jean-Baptiste Andrea,318590,5400,-313190
Karan Johar,574330,260890,-313440
John Bonito,359190,44450,-314740
Mario Van Peebles,389610,74430,-315180
Patrick Lussier,365660,48540,-317120
David Slade,1683490,1365310,-318180
Scott Stewart,1122760,800820,-321940
Vikramaditya Motwane,474690,152250,-322440
Carlos López Estrada,329450,5410,-324040
Dennis Iliadis,416732,91338,-325394
Yimou Zhang,354490,28670,-325820
Stephen Herek,381830,53170,-328660
Harry Hook,337380,8280,-329100
Thomas Jahn,338210,7636,-330574
Les Mayfield,453270,121880,-331390
Joshua Marston,362310,25650,-336660
Franck Khalfoun,365090,27060,-338030
Brian Dannelly,490570,151530,-339040
Blair Hayes,353520,13282,-340238
Kunihiko Yuyama,415779,75230,-340549
Steve Carr,442150,100070,-342080
Geoff Murphy,391330,44465,-346865
Can Ulkay,439290,91827,-347463
Sam Taylor-Johnson,390210,42400,-347810
Floria Sigismondi,510240,161930,-348310
Douglas McGrath,417190,68141,-349049
Adam Marcus,369270,18750,-350520
Walter Hill,446240,93240,-353000
Alejandro Amenábar,426100,69600,-356500
Russell Mulcahy,371068,14040,-357028
Brett Leonard,391460,34359,-357101
Jimmy Hayward,619050,260640,-358410
Lee Tamahori,369430,10320,-359110
Andrew Dominik,416160,55430,-360730
Sean Ellis,909290,544610,-364680
Elizabeth Allen Rosenbaum,452870,86880,-365990
P.J. Hogan,418190,52030,-366160
Henry Bean,412350,45270,-367080
Deniz Gamze Ergüven,410070,38520,-371550
Sean Durkin,559130,185840,-373290
Jesse Dylan,619590,246176,-373414
Jamie Babbit,416110,40820,-375290
Amy Heckerling,489080,111690,-377390
Kyle Newman,613130,233510,-379620
Stephen Daldry,1435160,1052660,-382500
Phil Alden Robinson,626610,240710,-385900
Joseph Ruben,653910,266970,-386940
Walt Becker,615285,227070,-388215
Armando Iannucci,616830,224960,-391870
Geoffrey Wright,416710,22790,-393920
Lucky McKee,406460,10780,-395680
Abel Ferrara,423030,22632,-400398
Jonathan King,421550,20180,-401370
Brian Henson,707400,304220,-403180
Michael Tiddes,500190,95700,-404490
Kevin Hooks,508120,100470,-407650
Ben Falcone,549810,132500,-417310
Fabián Bielinsky,572990,147830,-425160
David Wain,606410,180080,-426330
Michael Patrick King,1275360,842220,-433140
Richard Ayoade,966710,531010,-435700
Emir Kusturica,457380,21390,-435990
Prachya Pinkaew,469949,30804,-439145
John Badham,480380,40960,-439420
Richard Donner,1789390,1349410,-439980
Greg Coolidge,502580,62174,-440406
Lukas Moodysson,554840,113400,-441440
James Watkins,953020,510570,-442450
William Monahan,504090,55780,-448310
Geoffrey Sax,509100,58590,-450510
Umesh Shukla,526060,75480,-450580
Mitchell Lichtenstein,465740,11794,-453946
Jason Bateman,555030,100460,-454570
Robert Eggers,3024480,2567200,-457280
Andrew Douglas,477206,18732,-458474
Rachel Talalay,511540,49050,-462490
Jason Winer,530010,67450,-462560
Adam Shankman,782054,319020,-463034
Çagan Irmak,487036,23346,-463690
Bille Woodruff,475230,9060,-466170
Jeff Tremaine,1024520,555260,-469260
Vincent Gallo,605510,133538,-471972
László Nemes,520650,46040,-474610
Joel Schumacher,936790,456410,-480380
Dennie Gordon,612060,127765,-484295
Julie Anne Robinson,927110,441680,-485430
Mark Palansky,664690,178200,-486490
Louis Leterrier,1620385,1115850,-504535
Akiva Goldsman,569950,64110,-505840
Robert Kenner,522790,15838,-506952
Ron Howard,881450,374426,-507024
Sam Liu,616740,105930,-510810
Simon Curtis,896650,383980,-512670
John Waters,649520,135790,-513730
Jonathan Mostow,620370,103990,-516380
Jay Chandrasekhar,800657,284230,-516427
Kelly Asbury,598270,78570,-519700
Stephen Kessler,532250,12186,-520064
Jeremiah S. Chechik,621960,100630,-521330
James Bobin,873106,349020,-524086
Paul Weitz,565350,37650,-527700
Gavin Wiesen,608780,79620,-529160
David Bruckner,1206120,676080,-530040
John Pasquin,1335840,804330,-531510
David Ayer,686570,154720,-531850
Robert De Niro,1620750,1087150,-533600
John Lafia,578950,44190,-534760
Nicolas Roeg,547920,11660,-536260
Kevin Munroe,693630,156560,-537070
Sylvain Chomet,571720,33500,-538220
Warren Beatty,658810,116940,-541870
Hideo Nakata,546290,4006,-542284
Robert Rodriguez,714510,172220,-542290
Ömer Faruk Sorak,671140,126186,-544954
Ritesh Batra,610400,58900,-551500
Ellory Elkayem,603370,49652,-553718
Fred Wolf,634322,78440,-555882
John N. Smith,572040,5461,-566579
Scott Speer,582580,15010,-567570
Goran Dukic,578140,9650,-568490
Michael Pressman,611380,41428,-569952
Joe Johnston,619270,47860,-571410
Gabriela Cowperthwaite,726190,154310,-571880
Richard Attenborough,623510,48770,-574740
William Malone,602620,25920,-576700
Bill Paxton,916830,336010,-580820
James Isaac,616690,26670,-590020
Luc Jacquet,602030,8540,-593490
Peter Cornwell,652610,58360,-594250
Luke Greenfield,638590,42420,-596170
Vadim Perelman,727400,123040,-604360
Anton Corbijn,686530,80146,-606384
RZA,643140,31830,-611310
Rakeysh Omprakash Mehra,621645,9410,-612235
Neil Marshall,658110,37740,-620370
Nikkhil Advani,756670,125910,-630760
S. Craig Zahler,1186540,554540,-632000
Nick Moore,642190,8960,-633230
Chris Nahon,667330,33170,-634160
Nick Castle,650240,10222,-640018
Marcus Dunstan,724750,83870,-640880
Nick Murphy,689840,46380,-643460
Patrick Brice,687060,40950,-646110
Peter Jackson,1035720,385630,-650090
Jamie Blanks,716350,63010,-653340
Carter Smith,846110,191350,-654760
Christophe Barratier,673130,14950,-658180
Peter Howitt,716360,45220,-671140
David Anspaugh,692290,18040,-674250
Nicholaus Goossen,887520,208848,-678672
Howard Zieff,891950,209660,-682290
Milos Forman,1009210,319960,-689250
Terry Gilliam,911700,222410,-689290
Frank Oz,746160,55730,-690430
André Øvredal,796980,105940,-691040
Aditya Chopra,774070,82730,-691340
Tom McCarthy,736250,33810,-702440
Frank Marshall,760580,56470,-704110
Rob Minkoff,1495640,780920,-714720
Justin Baldoni,831430,116520,-714910
David Yates,3812374,3096990,-715384
John Singleton,1553740,834710,-719030
Yann Samuell,725170,3600,-721570
Peter Hewitt,812430,88405,-724025
Andrzej Bartkowiak,738000,10810,-727190
Steven Knight,1185965,455840,-730125
Jake Szymanski,954370,213460,-740910
Henry Alex Rubin,782250,40470,-741780
Rupert Sanders,3029280,2283550,-745730
Colin Trevorrow,1047870,294780,-753090
John Michael McDonagh,958560,204010,-754550
Rob Zombie,937190,180200,-756990
Jeremy Garelick,803410,45590,-757820
Danny Leiner,877292,102970,-774322
Gil Kenan,1388300,613280,-775020
Peter Segal,1122250,346220,-776030
Alex Proyas,2046230,1262620,-783610
David Soren,1113410,324920,-788490
Stephen Chow,895420,102030,-793390
Shane Carruth,1144510,350130,-794380
Jon Avnet,840060,37620,-802440
Stephen Surjik,882680,76940,-805740
Christopher Morris,855230,41890,-813340
Benh Zeitlin,851540,37710,-813830
David Carson,871870,52650,-819220
Peter Webber,827970,5154,-822816
Greta Gerwig,3314390,2477810,-836580
Daniel Barber,914840,75950,-838890
Aneesh Chaganty,1804360,964390,-839970
Larry Clark,848790,5340,-843450
Timo Vuorensola,966380,118040,-848340
Gérard Pirès,896580,47520,-849060
Catherine Hardwicke,984140,128670,-855470
Oliver Hirschbiegel,962070,101010,-861060
Stuart Hazeldine,1258950,393080,-865870
Rodrigo Cortés,1020328,149390,-870938
David McNally,1211730,338200,-873530
Derek Cianfrance,1483058,602060,-880998
Hiromasa Yonebayashi,1049060,165020,-884040
David Lynch,1012670,128390,-884280
Anne Fletcher,1271190,377060,-894130
Tom Brady,1028830,128750,-900080
Roger Michell,1033645,133080,-900565
Ron Shelton,985960,83920,-902040
Michael Bay,2876380,1973200,-903180
Elizabeth Banks,1707780,799700,-908080
Chris Wedge,1100700,189860,-910840
Joe Cornish,1115750,187820,-927930
Dean Devlin,1190160,261750,-928410
José Padilha,1107130,173280,-933850
Shane Black,2378730,1438820,-939910
Billy Bob Thornton,989870,35720,-954150
Ivan Reitman,1631190,673790,-957400
John Moore,1131450,170010,-961440
Justin Chadwick,1201830,229940,-971890
Steve Pink,1402350,417690,-984660
Marc Lawrence,1261390,271010,-990380
Robert Iscove,1040690,19310,-1021380
David Mickey Evans,1028260,6780,-1021480
Chris Noonan,1345190,321150,-1024040
Steve Barron,1051090,10640,-1040450
Peter Billingsley,1150980,86610,-1064370
Etan Cohen,1472830,394690,-1078140
Morgan Spurlock,1137060,55900,-1081160
Peter Cattaneo,1143110,59770,-1083340
Eric Brevig,1321160,234880,-1086280
Matthijs van Heijningen Jr.,1459190,372690,-1086500
Joe Wright,3321140,2214890,-1106250
Henry Selick,3760170,2648420,-1111750
Phillip Noyce,1208080,86710,-1121370
David Zucker,1225950,101150,-1124800
Jerry Zucker,2368580,1233600,-1134980
Scott Kalvert,1214140,78550,-1135590
Steven Quale,1253260,114930,-1138330
Xavier Gens,1183666,36100,-1147566
Jonathan Frakes,1322920,144920,-1178000
Tom Dey,1354790,175660,-1179130
Jonathan Hensleigh,1709170,514730,-1194440
Kevin Greutert,1256400,49060,-1207340
Bryan Bertino,1450250,228160,-1222090
Raja Gosnell,1274670,50750,-1223920
Jim Field Smith,1450300,225120,-1225180
Michael Mann,1884460,644510,-1239950
Lexi Alexander,1621850,345265,-1276585
David Hackl,1380190,84090,-1296100
Jay Roach,2578060,1272760,-1305300
Joel Edgerton,1729000,422380,-1306620
Zach Braff,2234060,918010,-1316050
Rawson Marshall Thurber,2679200,1346620,-1332580
Sofia Coppola,1699080,365980,-1333100
Joel Zwick,1449860,89960,-1359900
Nima Nourizadeh,2342630,962150,-1380480
J.B. Rogers,1423015,21690,-1401325
John G. Avildsen,1509710,107190,-1402520
Penny Marshall,1593520,183900,-1409620
Stephen Hopkins,1832170,410940,-1421230
Dan Scanlon,3130934,1707710,-1423224
Ron Underwood,1511340,86390,-1424950
Brad Silberling,1472170,34620,-1437550
Richard Curtis,5323850,3878580,-1445270
McG,1966800,512370,-1454430
Fede Alvarez,1977900,519850,-1458050
Marcus Nispel,1527010,61200,-1465810
Chris Weitz,1970880,491010,-1479870
Rob Marshall,2438530,954230,-1484300
John McTiernan,2153420,666760,-1486660
Randall Wallace,1793040,286780,-1506260
Stephen Chbosky,3297774,1790120,-1507654
Clark Johnson,1542090,32020,-1510070
Pete Travis,1542060,24960,-1517100
Jim Gillespie,1585890,39520,-1546370
Tom McGrath,2970000,1418240,-1551760
Barry Sonnenfeld,1805440,244060,-1561380
Andy Fickman,1763860,163870,-1599990
Gabor Csupo,1739460,108298,-1631162
Roger Kumble,2057470,386280,-1671190
Scott Waugh,1788310,85840,-1702470
Penelope Spheeris,1713950,8608,-1705342
Eli Craig,1939910,233070,-1706840
Terrence Malick,2000530,284510,-1716020
Nicholas Stoller,3030930,1304110,-1726820
Francis Lawrence,3754630,2021220,-1733410
Garth Jennings,2087300,330000,-1757300
Kevin Reynolds,2089520,309460,-1780060
Marco Brambilla,1940390,142760,-1797630
Jason Reitman,2293160,485244,-1807916
Michael Sucsy,2054680,236980,-1817700
Vincenzo Natali,2482540,650190,-1832350
Jared Hess,2386070,548119,-1837951
Troy Duffy,2511840,669870,-1841970
Gregory Hoblit,2479210,529470,-1949740
Genndy Tartakovsky,2820430,857760,-1962670
Steve Oedekerk,2341740,346740,-1995000
Renny Harlin,2016160,9870,-2006290
James Wong,2806030,795120,-2010910
Kevin Smith,2326890,283660,-2043230
Jennifer Kent,2482000,359380,-2122620
Kevin Costner,2917180,783690,-2133490
Darren Lynn Bousman,2217688,73580,-2144108
Garth Davis,2266920,115960,-2150960
Adam McKay,3794910,1628390,-2166520
Rob Reiner,2366080,87130,-2278950
Alex Garland,5930200,3633020,-2297180
Carlos Saldanha,2973930,638650,-2335280
Ben Affleck,2940100,599120,-2340980
George Nolfi,2706470,360030,-2346440
David Fincher,3203570,829550,-2374020
Mike Judge,2885130,504240,-2380890
Quentin Tarantino,10912910,8527980,-2384930
Oren Peli,2568350,152050,-2416300
Josh Trank,2651290,232230,-2419060
Jean-Pierre Jeunet,2642650,200240,-2442410
Robert Luketic,2494730,34860,-2459870
Jan de Bont,3930720,1451140,-2479580
Sharon Maguire,2646040,140230,-2505810
Jason Moore,3315680,695560,-2620120
Guy Ritchie,6177690,3479740,-2697950
Phyllida Lloyd,2755200,47410,-2707790
Andrew Niccol,3241760,488600,-2753160
Thea Sharrock,2888840,134770,-2754070
Joseph Kosinski,3566280,776950,-2789330
Martin Brest,3302930,507950,-2794980
Paul Verhoeven,3555610,712910,-2842700
Jennifer Yuh Nelson,3224060,361700,-2862360
Drew Goddard,4522450,1652220,-2870230
Chad Stahelski,7416690,4277760,-3138930
Simon West,3200530,42030,-3158500
Tom Shadyac,3261090,93190,-3167900
Garry Marshall,3646930,400880,-3246050
Duncan Jones,3773080,382390,-3390690
Kurt Wimmer,3477050,40990,-3436060
Spike Jonze,3539980,79450,-3460530
Wes Ball,5121640,1648610,-3473030
Jordan Peele,7011380,3428110,-3583270
Gil Junger,3875930,23000,-3852930
Florian Henckel von Donnersmarck,4116390,254860,-3861530
Judd Apatow,4686860,770800,-3916060
Ruben Fleischer,6233870,2038000,-4195870
Chuck Russell,4228090,22530,-4205560
Andrew Adamson,4290990,74696,-4216294
Francis Ford Coppola,4252420,13553,-4238867
Seth MacFarlane,6591530,2346970,-4244560
Robert Zemeckis,4822590,467640,-4354950
Tim Burton,5253330,827390,-4425940
Neill Blomkamp,7183680,2703860,-4479820
Marc Webb,5603450,1083272,-4520178
Sam Mendes,12135360,6792140,-5343220
Dan Gilroy,6066710,662050,-5404660
Harold Ramis,6870300,1038420,-5831880
Richard Kelly,6818056,954890,-5863166
Chris Columbus,6543090,357650,-6185440
Martin Scorsese,12617750,3901386,-8716364
Andrew Stanton,12039110,2868070,-9171040
Tim Miller,11302420,1938780,-9363640
Tony Kaye,11893250,996230,-10897020
James McTeigue,11817710,168420,-11649290
Jonathan Demme,15537930,158444,-15379486
Frank Darabont,28995490,3417280,-25578210
